1690730398405,1013.4021
1690730398425,1013.35095
1690730398465,1013.3331
1690730398485,1013.3242
1690730398525,1013.3191
1690730398565,1013.31555
1690730398606,1013.31396
1690730398625,1013.32275
1690730398665,1013.31934
1690730398705,1013.3191
1690730398725,1013.321
1690730398767,1013.3201
1690730398807,1013.32495
1690730398831,1013.32227
1690730398867,1013.32025
1690730398905,1013.3213
1690730398927,1013.3271
1690730398971,1013.3259
1690730399007,1013.3289
1690730399026,1013.33496
1690730399065,1013.3336
1690730399086,1013.33374
1690730399138,1013.3415
1690730399166,1013.34796
1690730399206,1013.34393
1690730399226,1013.3377
1690730399267,1013.3454
1690730399287,1013.3428
1690730399327,1013.3412
1690730399373,1013.34125
1690730399405,1013.34845
1690730399426,1013.34564
1690730399469,1013.35803
1690730399526,1013.37573
1690730399526,1013.36725
1690730399564,1013.35876
1690730399604,1013.3529
1690730399627,1013.3425
1690730399664,1013.3419
1690730399705,1013.3374
1690730399727,1013.3436
1690730399765,1013.34607
1690730399804,1013.3523
1690730399824,1013.3528
1690730399866,1013.35876
1690730399905,1013.3544
1690730399924,1013.351
1690730399964,1013.35175
1690730400004,1013.3727
1690730400024,1013.3801
1690730400064,1013.37946
1690730400104,1013.3646
1690730400124,1013.37274
1690730400165,1013.3529
1690730400205,1013.3352
1690730400224,1013.3416
1690730400265,1013.3468
1690730400304,1013.34875
1690730400324,1013.34064
1690730400365,1013.3289
1690730400404,1013.3137
1690730400426,1013.3303
1690730400467,1013.3341
1690730400505,1013.3367
1690730400526,1013.338
1690730400567,1013.33514
1690730400604,1013.3341
1690730400624,1013.3442
1690730400665,1013.33905
1690730400705,1013.32916
1690730400725,1013.3283
1690730400766,1013.3293
1690730400804,1013.34357
1690730400824,1013.3485
1690730400865,1013.34174
1690730400905,1013.3428
1690730400927,1013.349
1690730400967,1013.34534
1690730401009,1013.33704
1690730401026,1013.331
1690730401065,1013.32574
1690730401105,1013.3249
1690730401125,1013.3358
1690730401165,1013.33386
1690730401206,1013.3226
1690730401225,1013.33685
1690730401266,1013.3478
1690730401305,1013.34033
1690730401327,1013.3185
1690730401364,1013.33075
1690730401407,1013.33325
1690730401428,1013.31647
1690730401464,1013.3142
1690730401507,1013.3204
1690730401524,1013.322
1690730401564,1013.3104
1690730401604,1013.3005
1690730401623,1013.317
1690730401665,1013.3281
1690730401704,1013.32666
1690730401725,1013.33624
1690730401766,1013.3385
1690730401805,1013.31793
1690730401827,1013.3025
1690730401864,1013.2869
1690730401904,1013.29596
1690730401925,1013.2985
1690730401967,1013.2887
1690730402005,1013.27893
1690730402025,1013.2803
1690730402065,1013.2768
1690730402104,1013.2771
1690730402126,1013.27344
1690730402164,1013.2758
1690730402205,1013.28125
1690730402225,1013.28613
1690730402267,1013.28687
1690730402303,1013.29736
1690730402326,1013.2811
1690730402369,1013.28845
1690730402404,1013.2868
1690730402424,1013.2924
1690730402467,1013.2977
1690730402505,1013.3015
1690730402523,1013.30115
1690730402563,1013.2925
1690730402603,1013.29175
1690730402624,1013.2782
1690730402669,1013.2701
1690730402703,1013.2745
1690730402723,1013.2816
1690730402766,1013.2858
1690730402804,1013.2851
1690730402825,1013.2783
1690730402865,1013.27124
1690730402905,1013.26465
1690730402924,1013.26685
1690730402964,1013.2721
1690730403003,1013.27844
1690730403024,1013.27747
1690730403064,1013.27875
1690730403103,1013.27985
1690730403124,1013.2591
1690730403163,1013.2556
1690730403205,1013.26685
1690730403224,1013.2864
1690730403264,1013.2858
1690730403302,1013.27637
1690730403323,1013.2748
1690730403364,1013.2886
1690730403404,1013.2899
1690730403426,1013.28
1690730403465,1013.26855
1690730403503,1013.2694
1690730403523,1013.26575
1690730403564,1013.2596
1690730403604,1013.26086
1690730403624,1013.2662
1690730403664,1013.2593
1690730403703,1013.2478
1690730403725,1013.24536
1690730403766,1013.2477
1690730403807,1013.2417
1690730403825,1013.23676
1690730403865,1013.2354
1690730403904,1013.2424
1690730403924,1013.26044
1690730403966,1013.25977
1690730404004,1013.2594
1690730404024,1013.2498
1690730404063,1013.2448
1690730404104,1013.24054
1690730404123,1013.25024
1690730404165,1013.25
1690730404204,1013.2494
1690730404224,1013.2576
1690730404264,1013.2543
1690730404304,1013.2591
1690730404325,1013.2495
1690730404366,1013.24664
1690730404403,1013.24854
1690730404424,1013.25586
1690730404463,1013.2526
1690730404503,1013.24457
1690730404523,1013.22437
1690730404567,1013.23334
1690730404604,1013.23535
1690730404625,1013.236
1690730404668,1013.2422
1690730404704,1013.23627
1690730404723,1013.24164
1690730404765,1013.2427
1690730404805,1013.24493
1690730404825,1013.239
1690730404863,1013.241
1690730404903,1013.2405
1690730404924,1013.22815
1690730404965,1013.2332
1690730405003,1013.23065
1690730405025,1013.2278
1690730405062,1013.2285
1690730405102,1013.2306
1690730405123,1013.2369
1690730405163,1013.23816
1690730405204,1013.2415
1690730405224,1013.258
1690730405264,1013.24536
1690730405304,1013.2387
1690730405324,1013.2418
1690730405363,1013.2388
1690730405403,1013.2385
1690730405423,1013.2345
1690730405465,1013.2405
1690730405504,1013.2368
1690730405521,1013.23175
1690730405563,1013.2274
1690730405602,1013.2189
1690730405623,1013.21985
1690730405662,1013.2156
1690730405702,1013.2139
1690730405724,1013.2242
1690730405764,1013.2366
1690730405802,1013.22815
1690730405823,1013.21674
1690730405863,1013.2141
1690730405902,1013.2132
1690730405923,1013.2254
1690730405963,1013.23035
1690730406005,1013.2351
1690730406026,1013.2376
1690730406062,1013.2364
1690730406102,1013.24457
1690730406122,1013.23456
1690730406163,1013.24304
1690730406202,1013.25903
1690730406222,1013.2759
1690730406261,1013.258
1690730406304,1013.23645
1690730406323,1013.2339
1690730406362,1013.2379
1690730406402,1013.2329
1690730406422,1013.23364
1690730406463,1013.22754
1690730406502,1013.2342
1690730406523,1013.2329
1690730406562,1013.2229
1690730406601,1013.2224
1690730406621,1013.2261
1690730406661,1013.2329
1690730406703,1013.2351
1690730406726,1013.23914
1690730406762,1013.2452
1690730406802,1013.24365
1690730406821,1013.2402
1690730406861,1013.2272
1690730406902,1013.2294
1690730406923,1013.2326
1690730406962,1013.2376
1690730407002,1013.2418
1690730407023,1013.2355
1690730407063,1013.232
1690730407101,1013.238
1690730407121,1013.2448
1690730407162,1013.2443
1690730407203,1013.2356
1690730407223,1013.24133
1690730407261,1013.2395
1690730407303,1013.2322
1690730407322,1013.22766
1690730407367,1013.2307
1690730407401,1013.2272
1690730407422,1013.2306
1690730407463,1013.2272
1690730407502,1013.219
1690730407523,1013.2138
1690730407560,1013.2233
1690730407601,1013.22516
1690730407620,1013.2093
1690730407661,1013.1988
1690730407699,1013.1949
1690730407720,1013.2095
1690730407765,1013.214
1690730407802,1013.20557
1690730407822,1013.2046
1690730407862,1013.2111
1690730407902,1013.2165
1690730407921,1013.22046
1690730407961,1013.22845
1690730408002,1013.2207
1690730408021,1013.2156
1690730408060,1013.20026
1690730408100,1013.20984
1690730408122,1013.21625
1690730408165,1013.20636
1690730408201,1013.20154
1690730408221,1013.20605
1690730408262,1013.2035
1690730408303,1013.2049
1690730408321,1013.1953
1690730408361,1013.1915
1690730408401,1013.183
1690730408423,1013.17377
1690730408461,1013.18445
1690730408503,1013.2031
1690730408521,1013.204
1690730408559,1013.19934
1690730408600,1013.19794
1690730408620,1013.19507
1690730408661,1013.19824
1690730408701,1013.18994
1690730408722,1013.1935
1690730408760,1013.1834
1690730408800,1013.18933
1690730408820,1013.20575
1690730408860,1013.21106
1690730408906,1013.2073
1690730408921,1013.2024
1690730408961,1013.1936
1690730409000,1013.1988
1690730409020,1013.1981
1690730409067,1013.1998
1690730409100,1013.2003
1690730409120,1013.1915
1690730409164,1013.1915
1690730409200,1013.18726
1690730409219,1013.187
1690730409260,1013.1738
1690730409301,1013.16583
1690730409321,1013.17236
1690730409360,1013.15955
1690730409400,1013.1525
1690730409421,1013.156
1690730409461,1013.14905
1690730409500,1013.1425
1690730409521,1013.1455
1690730409559,1013.1616
1690730409599,1013.1713
1690730409619,1013.1748
1690730409660,1013.17554
1690730409703,1013.1743
1690730409719,1013.1846
1690730409769,1013.1853
1690730409803,1013.1816
1690730409821,1013.1722
1690730409860,1013.17426
1690730409901,1013.1835
1690730409920,1013.17773
1690730409960,1013.1803
1690730410000,1013.1764
1690730410020,1013.1682
1690730410060,1013.1679
1690730410100,1013.1695
1690730410120,1013.16296
1690730410165,1013.1583
1690730410202,1013.15546
1690730410223,1013.1508
1690730410262,1013.1507
1690730410300,1013.1469
1690730410322,1013.1452
1690730410359,1013.1314
1690730410402,1013.12256
1690730410419,1013.11426
1690730410461,1013.11774
1690730410501,1013.1275
1690730410520,1013.1327
1690730410560,1013.1297
1690730410599,1013.1214
1690730410619,1013.1151
1690730410667,1013.1135
1690730410700,1013.11914
1690730410720,1013.12585
1690730410759,1013.1246
1690730410800,1013.1176
1690730410819,1013.11816
1690730410860,1013.13
1690730410900,1013.1253
1690730410922,1013.11273
1690730410960,1013.1168
1690730411001,1013.12274
1690730411021,1013.12976
1690730411066,1013.1203
1690730411099,1013.09973
1690730411119,1013.10675
1690730411163,1013.1376
1690730411202,1013.15283
1690730411221,1013.1494
1690730411259,1013.1403
1690730411300,1013.1328
1690730411320,1013.138
1690730411359,1013.13495
1690730411402,1013.1383
1690730411420,1013.1448
1690730411459,1013.14233
1690730411500,1013.1234
1690730411519,1013.1248
1690730411565,1013.1286
1690730411602,1013.1293
1690730411618,1013.137
1690730411661,1013.1319
1690730411700,1013.1319
1690730411720,1013.13293
1690730411766,1013.1448
1690730411798,1013.147
1690730411818,1013.14026
1690730411860,1013.1396
1690730411899,1013.1329
1690730411919,1013.14294
1690730411961,1013.1566
1690730412000,1013.1569
1690730412020,1013.14996
1690730412064,1013.1411
1690730412099,1013.15015
1690730412119,1013.14233
1690730412160,1013.1554
1690730412199,1013.14966
1690730412219,1013.14343
1690730412259,1013.14575
1690730412299,1013.15027
1690730412318,1013.1371
1690730412362,1013.14014
1690730412399,1013.16736
1690730412422,1013.15515
1690730412460,1013.1612
1690730412500,1013.16455
1690730412519,1013.17596
1690730412562,1013.1528
1690730412598,1013.1183
1690730412618,1013.1035
1690730412672,1013.08856
1690730412698,1013.0845
1690730412717,1013.19727
1690730412757,1013.1572
1690730412797,1013.09625
1690730412817,1013.1397
1690730412857,1013.15405
1690730412898,1013.11487
1690730412917,1013.1244
1690730412957,1013.1362
1690730412998,1013.147
1690730413018,1013.15735
1690730413058,1013.1548
1690730413097,1013.1416
1690730413117,1013.13617
1690730413157,1013.13776
1690730413198,1013.1374
1690730413218,1013.13477
1690730413257,1013.13086
1690730413297,1013.1312
1690730413317,1013.13635
1690730413357,1013.1175
1690730413400,1013.10724
1690730413418,1013.1173
1690730413458,1013.1196
1690730413497,1013.11365
1690730413518,1013.122
1690730413558,1013.10016
1690730413597,1013.084
1690730413617,1013.087
1690730413658,1013.0794
1690730413698,1013.07806
1690730413718,1013.0865
1690730413758,1013.09326
1690730413798,1013.09955
1690730413818,1013.0969
1690730413858,1013.1093
1690730413897,1013.11755
1690730413917,1013.11957
1690730413958,1013.1233
1690730413997,1013.12225
1690730414018,1013.12317
1690730414057,1013.12604
1690730414096,1013.1153
1690730414116,1013.1073
1690730414157,1013.10583
1690730414197,1013.1053
1690730414217,1013.1084
1690730414256,1013.0976
1690730414296,1013.09607
1690730414317,1013.0855
1690730414358,1013.07495
1690730414398,1013.078
1690730414417,1013.0805
1690730414457,1013.0787
1690730414498,1013.0786
1690730414518,1013.07404
1690730414557,1013.08154
1690730414596,1013.08594
1690730414616,1013.0834
1690730414658,1013.0758
1690730414697,1013.0855
1690730414718,1013.07495
1690730414758,1013.07043
1690730414798,1013.07007
1690730414817,1013.08185
1690730414859,1013.0781
1690730414898,1013.0714
1690730414918,1013.06744
1690730414957,1013.0565
1690730414998,1013.05615
1690730415017,1013.05896
1690730415056,1013.0551
1690730415096,1013.0514
1690730415116,1013.04663
1690730415158,1013.04816
1690730415196,1013.0466
1690730415216,1013.0502
1690730415256,1013.05176
1690730415297,1013.0504
1690730415315,1013.04675
1690730415357,1013.05255
1690730415397,1013.05554
1690730415416,1013.0522
1690730415456,1013.06104
1690730415497,1013.0639
1690730415519,1013.06396
1690730415557,1013.07556
1690730415597,1013.06537
1690730415617,1013.0618
1690730415656,1013.06256
1690730415698,1013.06836
1690730415716,1013.0674
1690730415758,1013.0488
1690730415797,1013.04034
1690730415817,1013.0394
1690730415857,1013.0477
1690730415898,1013.0499
1690730415918,1013.04675
1690730415957,1013.0439
1690730415999,1013.0431
1690730416018,1013.06775
1690730416056,1013.0479
1690730416098,1013.00684
1690730416116,1013.0318
1690730416159,1013.0585
1690730416196,1013.0664
1690730416216,1013.06696
1690730416257,1013.0445
1690730416297,1013.0416
1690730416318,1013.0439
1690730416357,1013.04736
1690730416397,1013.04626
1690730416417,1013.0419
1690730416455,1013.03534
1690730416496,1013.0179
1690730416517,1013.01025
1690730416556,1013.0129
1690730416596,1013.01324
1690730416617,1013.0152
1690730416656,1013.0209
1690730416696,1013.0148
1690730416717,1013.0188
1690730416758,1013.0134
1690730416796,1013.0169
1690730416816,1013.01495
1690730416859,1013.014
1690730416896,1013.01263
1690730416920,1013.0044
1690730416956,1013.01025
1690730416998,1013.0194
1690730417016,1013.02277
1690730417058,1013.02625
1690730417098,1013.02246
1690730417115,1013.0234
1690730417156,1013.0223
1690730417197,1013.01434
1690730417216,1013.00366
1690730417256,1012.98584
1690730417298,1012.9768
1690730417316,1012.9724
1690730417356,1012.9827
1690730417397,1012.9837
1690730417416,1012.991
1690730417460,1012.98987
1690730417496,1012.99243
1690730417516,1012.99097
1690730417556,1012.98975
1690730417598,1012.9872
1690730417615,1012.9767
1690730417656,1012.97546
1690730417694,1012.98065
1690730417715,1012.9874
1690730417756,1012.98364
1690730417797,1012.9793
1690730417816,1012.97064
1690730417855,1012.9718
1690730417894,1012.9752
1690730417915,1012.9783
1690730417955,1012.97437
1690730417996,1013.00397
1690730418015,1012.9911
1690730418055,1012.9267
1690730418094,1012.926
1690730418115,1012.9831
1690730418155,1012.9855
1690730418195,1012.9806
1690730418215,1012.9729
1690730418256,1012.97394
1690730418295,1012.96313
1690730418315,1012.961
1690730418354,1012.9606
1690730418395,1012.9643
1690730418415,1012.9664
1690730418458,1012.9605
1690730418495,1012.96423
1690730418515,1012.95935
1690730418557,1012.95703
1690730418594,1012.96063
1690730418629,1012.95825
1690730418654,1012.9634
1690730418698,1012.9589
1690730418715,1012.964
1690730418756,1012.9651
1690730418795,1012.9565
1690730418815,1012.96027
1690730418857,1012.97046
1690730418897,1012.9593
1690730418916,1012.94806
1690730418954,1012.96063
1690730418995,1012.9643
1690730419015,1012.9653
1690730419056,1012.9579
1690730419094,1012.9523
1690730419114,1012.9473
1690730419155,1012.9371
1690730419197,1012.9396
1690730419214,1012.9344
1690730419256,1012.9436
1690730419297,1012.9419
1690730419315,1012.9423
1690730419355,1012.9462
1690730419395,1012.9503
1690730419415,1012.93225
1690730419454,1012.9363
1690730419496,1012.9285
1690730419516,1012.9282
1690730419554,1012.9416
1690730419595,1012.94275
1690730419614,1012.9441
1690730419654,1012.9337
1690730419695,1012.93616
1690730419715,1012.9385
1690730419755,1012.93384
1690730419795,1012.93176
1690730419817,1012.9346
1690730419855,1012.9454
1690730419897,1012.94794
1690730419915,1012.9563
1690730419954,1012.9575
1690730419994,1012.96136
1690730420015,1012.9585
1690730420054,1012.9607
1690730420094,1012.9541
1690730420114,1012.9487
1690730420154,1012.9508
1690730420194,1012.942
1690730420214,1012.9424
1690730420254,1012.9305
1690730420296,1012.92816
1690730420317,1012.9309
1690730420355,1012.9363
1690730420395,1012.9451
1690730420434,1012.937
1690730420455,1012.9276
1690730420494,1012.9195
1690730420535,1012.9258
1690730420554,1012.9254
1690730420593,1012.93005
1690730420634,1012.9282
1690730420663,1012.93494
1690730420696,1012.93384
1690730420735,1012.9274
1690730420757,1012.9193
1690730420794,1012.9276
1690730420835,1012.9389
1690730420855,1012.9307
1690730420894,1012.92
1690730420933,1012.91113
1690730420954,1012.90906
1690730420997,1012.8986
1690730421036,1012.89417
1690730421056,1012.90564
1690730421094,1012.9138
1690730421132,1012.90826
1690730421153,1012.9131
1690730421196,1012.9058
1690730421234,1012.90784
1690730421254,1012.89996
1690730421294,1012.899
1690730421333,1012.9012
1690730421355,1012.88934
1690730421396,1012.8808
1690730421436,1012.8833
1690730421454,1012.88513
1690730421494,1012.87506
1690730421533,1012.8779
1690730421553,1012.8913
1690730421592,1012.8832
1690730421634,1012.88257
1690730421654,1012.885
1690730421695,1012.88446
1690730421734,1012.8874
1690730421753,1012.8859
1690730421794,1012.88135
1690730421835,1012.88727
1690730421853,1012.8915
1690730421893,1012.8928
1690730421935,1012.8873
1690730421953,1012.88245
1690730421994,1012.8759
1690730422035,1012.8735
1690730422054,1012.87634
1690730422093,1012.88196
1690730422133,1012.8784
1690730422152,1012.885
1690730422194,1012.885
1690730422235,1012.8797
1690730422254,1012.8726
1690730422295,1012.8627
1690730422334,1012.85706
1690730422353,1012.87036
1690730422395,1012.8742
1690730422435,1012.86597
1690730422453,1012.8668
1690730422493,1012.8708
1690730422533,1012.8691
1690730422554,1012.87555
1690730422594,1012.8721
1690730422634,1012.8704
1690730422654,1012.8721
1690730422697,1012.87366
1690730422733,1012.8697
1690730422753,1012.8727
1690730422794,1012.8734
1690730422835,1012.866
1690730422857,1012.8591
1690730422893,1012.8608
1690730422934,1012.8485
1690730422954,1012.85364
1690730422994,1012.8523
1690730423035,1012.8435
1690730423057,1012.84753
1690730423092,1012.84595
1690730423132,1012.84155
1690730423153,1012.84485
1690730423195,1012.84375
1690730423234,1012.84265
1690730423254,1012.8334
1690730423292,1012.8319
1690730423335,1012.82745
1690730423369,1012.82635
1690730423394,1012.8309
1690730423434,1012.82904
1690730423455,1012.8274
1690730423492,1012.8274
1690730423534,1012.8325
1690730423555,1012.82776
1690730423593,1012.8281
1690730423632,1012.82697
1690730423653,1012.82965
1690730423696,1012.83856
1690730423732,1012.8348
1690730423753,1012.82764
1690730423794,1012.8259
1690730423834,1012.8253
1690730423852,1012.82153
1690730423892,1012.818
1690730423932,1012.82263
1690730423953,1012.829
1690730423993,1012.83325
1690730424034,1012.82764
1690730424054,1012.8355
1690730424097,1012.8341
1690730424131,1012.8365
1690730424152,1012.83905
1690730424193,1012.8367
1690730424233,1012.825
1690730424252,1012.824
1690730424293,1012.8275
1690730424335,1012.81647
1690730424355,1012.82214
1690730424396,1012.8282
1690730424434,1012.8329
1690730424451,1012.8347
1690730424492,1012.8366
1690730424535,1012.83734
1690730424553,1012.8312
1690730424598,1012.8408
1690730424630,1012.84314
1690730424651,1012.8434
1690730424692,1012.8267
1690730424732,1012.8225
1690730424753,1012.8242
1690730424793,1012.82623
1690730424832,1012.8352
1690730424852,1012.8413
1690730424892,1012.82983
1690730424932,1012.8267
1690730424953,1012.8266
1690730424994,1012.8309
1690730425031,1012.8277
1690730425052,1012.8373
1690730425094,1012.8388
1690730425130,1012.83484
1690730425150,1012.8293
1690730425198,1012.83386
1690730425235,1012.82904
1690730425253,1012.83136
1690730425292,1012.8304
1690730425333,1012.8203
1690730425354,1012.817
1690730425392,1012.824
1690730425432,1012.82275
1690730425451,1012.8234
1690730425493,1012.82434
1690730425533,1012.8203
1690730425554,1012.81726
1690730425595,1012.8211
1690730425630,1012.81006
1690730425655,1012.8048
1690730425698,1012.80383
1690730425733,1012.80786
1690730425753,1012.813
1690730425792,1012.81506
1690730425831,1012.812
1690730425852,1012.8121
1690730425892,1012.8188
1690730425933,1012.8125
1690730425955,1012.8032
1690730425991,1012.8028
1690730426032,1012.801
1690730426053,1012.803
1690730426093,1012.7949
1690730426131,1012.8
1690730426151,1012.79364
1690730426192,1012.7899
1690730426232,1012.786
1690730426251,1012.786
1690730426291,1012.7891
1690730426330,1012.7908
1690730426353,1012.7919
1690730426391,1012.7991
1690730426433,1012.8089
1690730426452,1012.8071
1690730426493,1012.8012
1690730426532,1012.7976
1690730426552,1012.8011
1690730426590,1012.801
1690730426629,1012.8075
1690730426650,1012.8059
1690730426695,1012.80945
1690730426731,1012.8036
1690730426751,1012.80493
1690730426793,1012.8169
1690730426830,1012.8296
1690730426853,1012.8216
1690730426894,1012.81244
1690730426931,1012.8076
1690730426952,1012.7947
1690730426991,1012.7998
1690730427034,1012.8062
1690730427050,1012.802
1690730427093,1012.79565
1690730427130,1012.7885
1690730427150,1012.7794
1690730427196,1012.7699
1690730427230,1012.766
1690730427250,1012.7686
1690730427292,1012.76935
1690730427331,1012.77057
1690730427352,1012.77686
1690730427390,1012.77673
1690730427431,1012.7665
1690730427450,1012.78033
1690730427493,1012.78296
1690730427531,1012.7816
1690730427550,1012.774
1690730427589,1012.7716
1690730427629,1012.7713
1690730427650,1012.7737
1690730427690,1012.77356
1690730427730,1012.7743
1690730427750,1012.7781
1690730427789,1012.7879
1690730427830,1012.7968
1690730427849,1012.7954
1690730427891,1012.8001
1690730427930,1012.8037
1690730427951,1012.7984
1690730427991,1012.8029
1690730428030,1012.811
1690730428049,1012.8159
1690730428092,1012.8191
1690730428130,1012.817
1690730428152,1012.81616
1690730428190,1012.80585
1690730428232,1012.80225
1690730428252,1012.7998
1690730428291,1012.7987
1690730428333,1012.79865
1690730428350,1012.7888
1690730428389,1012.7761
1690730428433,1012.7782
1690730428452,1012.7715
1690730428490,1012.76654
1690730428531,1012.76355
1690730428551,1012.76483
1690730428589,1012.7666
1690730428629,1012.7669
1690730428649,1012.7688
1690730428692,1012.76776
1690730428731,1012.7693
1690730428751,1012.76935
1690730428791,1012.77576
1690730428829,1012.77924
1690730428849,1012.77405
1690730428892,1012.7672
1690730428930,1012.7619
1690730428950,1012.7682
1690730428990,1012.7675
1690730429031,1012.76855
1690730429050,1012.77014
1690730429091,1012.75946
1690730429128,1012.753
1690730429149,1012.7494
1690730429191,1012.7495
1690730429229,1012.7461
1690730429253,1012.7414
1690730429296,1012.74603
1690730429329,1012.7455
1690730429350,1012.74567
1690730429391,1012.7411
1690730429431,1012.73737
1690730429450,1012.74005
1690730429490,1012.73254
1690730429530,1012.7392
1690730429549,1012.7389
1690730429594,1012.745
1690730429628,1012.73553
1690730429648,1012.72955
1690730429691,1012.7293
1690730429728,1012.72424
1690730429748,1012.73395
1690730429791,1012.7296
1690730429830,1012.71954
1690730429851,1012.71423
1690730429890,1012.71936
1690730429936,1012.7239
1690730429952,1012.7268
1690730429988,1012.7212
1690730430029,1012.71533
1690730430050,1012.72974
1690730430092,1012.72003
1690730430128,1012.7224
1690730430148,1012.72217
1690730430188,1012.7221
1690730430230,1012.7256
1690730430250,1012.72784
1690730430289,1012.7216
1690730430329,1012.7229
1690730430348,1012.72314
1690730430391,1012.7162
1690730430433,1012.7121
1690730430449,1012.7084
1690730430492,1012.72156
1690730430530,1012.72253
1690730430550,1012.7229
1690730430595,1012.73474
1690730430628,1012.73895
1690730430648,1012.7526
1690730430692,1012.75323
1690730430731,1012.713
1690730430748,1012.7123
1690730430790,1012.7253
1690730430832,1012.7252
1690730430849,1012.7255
1690730430888,1012.7283
1690730430930,1012.7194
1690730430949,1012.71796
1690730430989,1012.7129
1690730431029,1012.71216
1690730431049,1012.71423
1690730431090,1012.7184
1690730431127,1012.716
1690730431147,1012.7174
1690730431197,1012.7108
1690730431229,1012.71484
1690730431250,1012.7191
1690730431290,1012.72144
1690730431331,1012.7328
1690730431348,1012.72424
1690730431388,1012.7269
1690730431430,1012.7246
1690730431451,1012.725
1690730431489,1012.72034
1690730431532,1012.7204
1690730431548,1012.7169
1690730431589,1012.713
1690730431628,1012.71204
1690730431648,1012.71326
1690730431687,1012.7107
1690730431730,1012.71185
1690730431749,1012.70703
1690730431789,1012.70764
1690730431829,1012.70166
1690730431849,1012.6931
1690730431889,1012.6908
1690730431929,1012.69507
1690730431949,1012.6918
1690730431987,1012.6868
1690730432027,1012.68994
1690730432048,1012.69006
1690730432092,1012.6907
1690730432127,1012.6834
1690730432146,1012.67615
1690730432188,1012.6839
1690730432228,1012.688
1690730432248,1012.68823
1690730432288,1012.6944
1690730432329,1012.70123
1690730432347,1012.6983
1690730432388,1012.69165
1690730432428,1012.6935
1690730432450,1012.70166
1690730432487,1012.6986
1690730432529,1012.6987
1690730432547,1012.6961
1690730432590,1012.7099
1690730432627,1012.71045
1690730432647,1012.70386
1690730432691,1012.69885
1690730432727,1012.69836
1690730432749,1012.68866
1690730432789,1012.69073
1690730432829,1012.6836
1690730432851,1012.67444
1690730432887,1012.67224
1690730432928,1012.6748
1690730432948,1012.66974
1690730432988,1012.671
1690730433027,1012.67065
1690730433048,1012.66705
1690730433090,1012.6678
1690730433126,1012.6693
1690730433146,1012.6599
1690730433187,1012.66
1690730433228,1012.6627
1690730433248,1012.6673
1690730433288,1012.6669
1690730433327,1012.66846
1690730433347,1012.662
1690730433391,1012.661
1690730433427,1012.65985
1690730433447,1012.6633
1690730433488,1012.6597
1690730433530,1012.65906
1690730433551,1012.65546
1690730433587,1012.64215
1690730433626,1012.638
1690730433646,1012.64105
1690730433688,1012.63574
1690730433730,1012.63275
1690730433747,1012.6451
1690730433789,1012.6511
1690730433827,1012.64343
1690730433847,1012.64044
1690730433888,1012.6532
1690730433927,1012.65326
1690730433949,1012.6424
1690730433988,1012.6478
1690730434028,1012.64435
1690730434050,1012.63635
1690730434086,1012.6241
1690730434126,1012.6204
1690730434147,1012.6216
1690730434187,1012.619
1690730434227,1012.6239
1690730434247,1012.62463
1690730434288,1012.6241
1690730434326,1012.61597
1690730434352,1012.6239
1690730434387,1012.63055
1690730434428,1012.6332
1690730434447,1012.64514
1690730434486,1012.64185
1690730434528,1012.6466
1690730434547,1012.6389
1690730434590,1012.6354
1690730434626,1012.63776
1690730434646,1012.62213
1690730434689,1012.6268
1690730434728,1012.6196
1690730434754,1012.6092
1690730434791,1012.60913
1690730434828,1012.62115
1690730434846,1012.6233
1690730434886,1012.6168
1690730434926,1012.6117
1690730434948,1012.6082
1690730434986,1012.6049
1690730435026,1012.604
1690730435048,1012.6032
1690730435086,1012.60535
1690730435130,1012.6009
1690730435146,1012.59924
1690730435185,1012.5993
1690730435226,1012.607
1690730435246,1012.6071
1690730435288,1012.6113
1690730435327,1012.60834
1690730435348,1012.6004
1690730435386,1012.6024
1690730435428,1012.6052
1690730435448,1012.6023
1690730435487,1012.6087
1690730435528,1012.60986
1690730435548,1012.6101
1690730435586,1012.6057
1690730435625,1012.59973
1690730435644,1012.5957
1690730435685,1012.59656
1690730435725,1012.5959
1690730435746,1012.59937
1690730435786,1012.59717
1690730435825,1012.5916
1690730435845,1012.5809
1690730435886,1012.5812
1690730435927,1012.57965
1690730435946,1012.59
1690730435986,1012.5905
1690730436026,1012.58685
1690730436046,1012.5901
1690730436088,1012.59283
1690730436125,1012.58594
1690730436146,1012.5818
1690730436186,1012.5905
1690730436225,1012.584
1690730436247,1012.58057
1690730436287,1012.5773
1690730436326,1012.57983
1690730436347,1012.5852
1690730436386,1012.59375
1690730436426,1012.5902
1690730436445,1012.583
1690730436487,1012.57983
1690730436527,1012.57513
1690730436545,1012.57855
1690730436586,1012.5827
1690730436624,1012.575
1690730436644,1012.5741
1690730436684,1012.56647
1690730436726,1012.5677
1690730436747,1012.56415
1690730436784,1012.56024
1690730436827,1012.56104
1690730436847,1012.5577
1690730436886,1012.5565
1690730436926,1012.55505
1690730436947,1012.5612
1690730436986,1012.56604
1690730437024,1012.5627
1690730437044,1012.56506
1690730437087,1012.57336
1690730437125,1012.57104
1690730437143,1012.5659
1690730437185,1012.5682
1690730437226,1012.56287
1690730437244,1012.56934
1690730437286,1012.5636
1690730437327,1012.56226
1690730437347,1012.5587
1690730437386,1012.5565
1690730437425,1012.5589
1690730437446,1012.5606
1690730437485,1012.5599
1690730437526,1012.56085
1690730437545,1012.563
1690730437585,1012.55676
1690730437627,1012.5535
1690730437644,1012.5487
1690730437684,1012.5532
1690730437729,1012.5525
1690730437745,1012.55396
1690730437785,1012.5631
1690730437824,1012.5672
1690730437850,1012.55035
1690730437884,1012.5499
1690730437925,1012.5498
1690730437946,1012.5486
1690730437985,1012.5332
1690730438026,1012.53394
1690730438047,1012.5392
1690730438085,1012.5306
1690730438126,1012.5334
1690730438144,1012.5359
1690730438184,1012.5318
1690730438224,1012.5315
1690730438245,1012.5305
1690730438285,1012.5298
1690730438325,1012.53265
1690730438343,1012.52826
1690730438384,1012.52325
1690730438426,1012.52563
1690730438446,1012.52
1690730438487,1012.5105
1690730438526,1012.512
1690730438545,1012.51324
1690730438586,1012.51984
1690730438626,1012.51526
1690730438643,1012.5061
1690730438692,1012.4991
1690730438723,1012.50256
1690730438744,1012.50854
1690730438785,1012.51624
1690730438826,1012.51776
1690730438845,1012.52734
1690730438885,1012.509
1690730438924,1012.5121
1690730438944,1012.51447
1690730438985,1012.51495
1690730439026,1012.5205
1690730439044,1012.5144
1690730439084,1012.50244
1690730439129,1012.5061
1690730439145,1012.5089
1690730439183,1012.5169
1690730439229,1012.5136
1690730439245,1012.49493
1690730439284,1012.4938
1690730439325,1012.4959
1690730439345,1012.5126
1690730439387,1012.5099
1690730439426,1012.49805
1690730439443,1012.4961
1690730439486,1012.499
1690730439524,1012.49677
1690730439543,1012.50574
1690730439586,1012.50165
1690730439634,1012.5006
1690730439643,1012.5022
1690730439684,1012.5039
1690730439725,1012.502
1690730439743,1012.49744
1690730439783,1012.5077
1690730439828,1012.5117
1690730439846,1012.50446
1690730439884,1012.5028
1690730439931,1012.50183
1690730439945,1012.503
1690730439985,1012.506
1690730440024,1012.499
1690730440045,1012.5063
1690730440084,1012.5176
1690730440123,1012.5123
1690730440143,1012.50995
1690730440183,1012.5049
1690730440224,1012.5046
1690730440244,1012.50183
1690730440283,1012.5048
1690730440324,1012.50586
1690730440343,1012.4944
1690730440389,1012.4952
1690730440424,1012.49854
1690730440444,1012.4886
1690730440483,1012.4928
1690730440526,1012.4931
1690730440543,1012.4958
1690730440584,1012.49536
1690730440624,1012.5
1690730440646,1012.4943
1690730440683,1012.496
1690730440724,1012.4919
1690730440742,1012.4831
1690730440784,1012.48376
1690730440823,1012.48505
1690730440844,1012.4724
1690730440884,1012.471
1690730440925,1012.47833
1690730440943,1012.4795
1690730440984,1012.4763
1690730441024,1012.47034
1690730441045,1012.4676
1690730441084,1012.4647
1690730441123,1012.4612
1690730441142,1012.4699
1690730441182,1012.4768
1690730441223,1012.47473
1690730441243,1012.4692
1690730441283,1012.4663
1690730441326,1012.4673
1690730441343,1012.47217
1690730441383,1012.46826
1690730441426,1012.4727
1690730441443,1012.47437
1690730441485,1012.4701
1690730441523,1012.47144
1690730441545,1012.46344
1690730441582,1012.4648
1690730441623,1012.4728
1690730441642,1012.47455
1690730441683,1012.462
1690730441727,1012.4519
1690730441742,1012.4507
1690730441784,1012.45404
1690730441824,1012.4582
1690730441843,1012.46265
1690730441883,1012.459
1690730441923,1012.4576
1690730441946,1012.458
1690730441982,1012.4648
1690730442023,1012.45917
1690730442043,1012.4617
1690730442083,1012.46075
1690730442125,1012.4632
1690730442162,1012.4729
1690730442182,1012.46716
1690730442223,1012.4728
1690730442264,1012.4778
1690730442282,1012.4812
1690730442323,1012.4832
1690730442362,1012.47974
1690730442383,1012.47687
1690730442423,1012.4748
1690730442462,1012.47485
1690730442484,1012.472
1690730442521,1012.4745
1690730442562,1012.47485
1690730442582,1012.47076
1690730442623,1012.4617
1690730442661,1012.4511
1690730442681,1012.4398
1690730442720,1012.44446
1690730442761,1012.4363
1690730442782,1012.43567
1690730442824,1012.4305
1690730442862,1012.4184
1690730442882,1012.4121
1690730442924,1012.4086
1690730442968,1012.41046
1690730442983,1012.4136
1690730443022,1012.4054
1690730443065,1012.3993
1690730443086,1012.39087
1690730443123,1012.39484
1690730443160,1012.3881
1690730443182,1012.3887
1690730443223,1012.39325
1690730443264,1012.39215
1690730443285,1012.3767
1690730443323,1012.37854
1690730443360,1012.38245
1690730443382,1012.3872
1690730443421,1012.38293
1690730443461,1012.3896
1690730443481,1012.38055
1690730443524,1012.3807
1690730443563,1012.38477
1690730443585,1012.3719
1690730443625,1012.3667
1690730443660,1012.36444
1690730443681,1012.36316
1690730443723,1012.3661
1690730443762,1012.367
1690730443783,1012.36035
1690730443822,1012.362
1690730443867,1012.3642
1690730443884,1012.3712
1690730443922,1012.36676
1690730443962,1012.3608
1690730443981,1012.3569
1690730444021,1012.3461
1690730444063,1012.3466
1690730444080,1012.351
1690730444127,1012.34656
1690730444161,1012.346
1690730444181,1012.3442
1690730444220,1012.34094
1690730444262,1012.3505
1690730444283,1012.3544
1690730444321,1012.3528
1690730444362,1012.34875
1690730444383,1012.35236
1690730444421,1012.3519
1690730444461,1012.3707
1690730444483,1012.37244
1690730444523,1012.3672
1690730444562,1012.3565
1690730444583,1012.35876
1690730444623,1012.3561
1690730444660,1012.35535
1690730444680,1012.35675
1690730444722,1012.35345
1690730444761,1012.3459
1690730444780,1012.35034
1690730444823,1012.35065
1690730444862,1012.34985
1690730444882,1012.3519
1690730444922,1012.3425
1690730444961,1012.3569
1690730444981,1012.3534
1690730445022,1012.345
1690730445061,1012.3379
1690730445080,1012.34076
1690730445121,1012.3303
1690730445160,1012.32104
1690730445181,1012.321
1690730445226,1012.3288
1690730445262,1012.3385
1690730445280,1012.3407
1690730445322,1012.3432
1690730445361,1012.3496
1690730445381,1012.3445
1690730445422,1012.3477
1690730445460,1012.3516
1690730445482,1012.3605
1690730445521,1012.3611
1690730445562,1012.3575
1690730445580,1012.3515
1690730445625,1012.35345
1690730445659,1012.3479
1690730445679,1012.34894
1690730445721,1012.3457
1690730445763,1012.34564
1690730445780,1012.3544
1690730445820,1012.34766
1690730445860,1012.342
1690730445880,1012.33795
1690730445920,1012.3336
1690730445961,1012.33484
1690730445980,1012.3369
1690730446020,1012.33887
1690730446060,1012.3323
1690730446080,1012.3389
1690730446120,1012.3375
1690730446160,1012.32837
1690730446180,1012.338
1690730446229,1012.33875
1690730446259,1012.34143
1690730446281,1012.33984
1690730446321,1012.3432
1690730446360,1012.32355
1690730446381,1012.3209
1690730446419,1012.3204
1690730446462,1012.3228
1690730446479,1012.3209
1690730446520,1012.32495
1690730446563,1012.3372
1690730446581,1012.34485
1690730446619,1012.3348
1690730446659,1012.326
1690730446679,1012.3336
1690730446726,1012.32733
1690730446759,1012.3205
1690730446781,1012.30676
1690730446823,1012.3085
1690730446859,1012.3054
1690730446881,1012.3084
1690730446921,1012.2979
1690730446962,1012.2965
1690730446980,1012.3038
1690730447024,1012.3099
1690730447061,1012.3217
1690730447082,1012.312
1690730447125,1012.3028
1690730447158,1012.3012
1690730447179,1012.2991
1690730447219,1012.2955
1690730447259,1012.2972
1690730447280,1012.3026
1690730447320,1012.2969
1690730447360,1012.2955
1690730447379,1012.2958
1690730447419,1012.2966
1690730447465,1012.3032
1690730447478,1012.31354
1690730447520,1012.31635
1690730447561,1012.31177
1690730447579,1012.31287
1690730447620,1012.3158
1690730447659,1012.30273
1690730447679,1012.2988
1690730447719,1012.30475
1690730447758,1012.3206
1690730447779,1012.3141
1690730447821,1012.3086
1690730447861,1012.29785
1690730447880,1012.3054
1690730447920,1012.31805
1690730447963,1012.30597
1690730447984,1012.2975
1690730448020,1012.2988
1690730448059,1012.2965
1690730448080,1012.307
1690730448119,1012.31146
1690730448158,1012.2971
1690730448178,1012.30066
1690730448220,1012.29663
1690730448260,1012.2896
1690730448280,1012.2919
1690730448319,1012.2826
1690730448358,1012.27844
1690730448378,1012.27765
1690730448418,1012.2773
1690730448460,1012.27435
1690730448478,1012.2838
1690730448521,1012.2806
1690730448560,1012.2796
1690730448577,1012.2739
1690730448618,1012.2809
1690730448657,1012.28705
1690730448678,1012.2808
1690730448719,1012.271
1690730448759,1012.2775
1690730448778,1012.2709
1690730448818,1012.25757
1690730448858,1012.24896
1690730448879,1012.2505
1690730448919,1012.2634
1690730448958,1012.2596
1690730448978,1012.2607
1690730449018,1012.2613
1690730449059,1012.2644
1690730449080,1012.2644
1690730449119,1012.25885
1690730449159,1012.2629
1690730449177,1012.26697
1690730449217,1012.2705
1690730449259,1012.2685
1690730449279,1012.27136
1690730449317,1012.2706
1690730449360,1012.2759
1690730449379,1012.2851
1690730449423,1012.27734
1690730449458,1012.2737
1690730449478,1012.26874
1690730449518,1012.25867
1690730449558,1012.2499
1690730449578,1012.2533
1690730449618,1012.25397
1690730449658,1012.25275
1690730449678,1012.2472
1690730449717,1012.24866
1690730449758,1012.2537
1690730449780,1012.2467
1690730449818,1012.2405
1690730449859,1012.2389
1690730449880,1012.2404
1690730449919,1012.235
1690730449958,1012.23615
1690730449977,1012.2383
1690730450019,1012.2298
1690730450058,1012.2293
1690730450077,1012.23315
1690730450118,1012.23303
1690730450162,1012.2351
1690730450177,1012.2343
1690730450220,1012.23645
1690730450261,1012.22644
1690730450277,1012.2318
1690730450318,1012.23706
1690730450360,1012.24786
1690730450378,1012.2389
1690730450419,1012.2301
1690730450459,1012.22375
1690730450480,1012.22327
1690730450523,1012.2241
1690730450558,1012.21783
1690730450578,1012.21277
1690730450617,1012.22
1690730450659,1012.2249
1690730450680,1012.26337
1690730450717,1012.25287
1690730450758,1012.231
1690730450777,1012.23895
1690730450819,1012.2544
1690730450861,1012.25397
1690730450878,1012.2373
1690730450919,1012.2283
1690730450956,1012.22894
1690730450978,1012.2342
1690730451019,1012.2362
1690730451058,1012.23755
1690730451077,1012.24713
1690730451118,1012.24243
1690730451157,1012.23193
1690730451176,1012.2352
1690730451218,1012.2271
1690730451257,1012.2355
1690730451277,1012.24225
1690730451319,1012.2419
1690730451357,1012.237
1690730451381,1012.2375
1690730451417,1012.23315
1690730451460,1012.2324
1690730451479,1012.2258
1690730451517,1012.2275
1690730451556,1012.2324
1690730451578,1012.2269
1690730451618,1012.22815
1690730451657,1012.22284
1690730451677,1012.2243
1690730451720,1012.2267
1690730451757,1012.21765
1690730451776,1012.2136
1690730451817,1012.2135
1690730451860,1012.20715
1690730451877,1012.21265
1690730451923,1012.21594
1690730451958,1012.21155
1690730451979,1012.2041
1690730452017,1012.2003
1690730452057,1012.20844
1690730452079,1012.2094
1690730452117,1012.20935
1690730452157,1012.1969
1690730452177,1012.19995
1690730452217,1012.1998
1690730452256,1012.2029
1690730452277,1012.2024
1690730452317,1012.20886
1690730452359,1012.2147
1690730452377,1012.2141
1690730452417,1012.2062
1690730452459,1012.2065
1690730452477,1012.2122
1690730452517,1012.2151
1690730452558,1012.21594
1690730452577,1012.21576
1690730452618,1012.2109
1690730452660,1012.1956
1690730452675,1012.196
1690730452716,1012.19006
1690730452761,1012.19324
1690730452777,1012.198
1690730452816,1012.19995
1690730452857,1012.19806
1690730452880,1012.1903
1690730452919,1012.1898
1690730452958,1012.1935
1690730452976,1012.192
1690730453016,1012.2042
1690730453058,1012.1957
1690730453076,1012.1853
1690730453116,1012.1874
1690730453156,1012.1857
1690730453176,1012.19116
1690730453216,1012.19385
1690730453256,1012.1915
1690730453276,1012.1945
1690730453317,1012.1991
1690730453393,1012.19946
1690730453393,1012.1979
1690730453415,1012.1948
1690730453456,1012.19354
1690730453476,1012.1949
1690730453516,1012.20465
1690730453557,1012.2124
1690730453578,1012.2113
1690730453616,1012.2132
1690730453655,1012.2158
1690730453676,1012.2077
1690730453715,1012.1981
1690730453759,1012.192
1690730453779,1012.18805
1690730453815,1012.1848
1690730453856,1012.1866
1690730453876,1012.1928
1690730453916,1012.1814
1690730453957,1012.17786
1690730453976,1012.1704
1690730454016,1012.1729
1690730454056,1012.16785
1690730454076,1012.16943
1690730454117,1012.17365
1690730454160,1012.17456
1690730454175,1012.1671
1690730454216,1012.16516
1690730454256,1012.16693
1690730454275,1012.1765
1690730454318,1012.17395
1690730454356,1012.17456
1690730454376,1012.17145
1690730454417,1012.1761
1690730454455,1012.18494
1690730454478,1012.17993
1690730454516,1012.1725
1690730454556,1012.1725
1690730454577,1012.17487
1690730454615,1012.16595
1690730454657,1012.1602
1690730454674,1012.1495
1690730454715,1012.1483
1690730454756,1012.15045
1690730454775,1012.14764
1690730454816,1012.1502
1690730454856,1012.1469
1690730454876,1012.1493
1690730454915,1012.1451
1690730454956,1012.1442
1690730454977,1012.1389
1690730455014,1012.1372
1690730455056,1012.14667
1690730455078,1012.15686
1690730455117,1012.1584
1690730455159,1012.16455
1690730455174,1012.16394
1690730455215,1012.1609
1690730455255,1012.17084
1690730455275,1012.1588
1690730455316,1012.1565
1690730455356,1012.15955
1690730455375,1012.1624
1690730455415,1012.163
1690730455456,1012.1658
1690730455475,1012.1647
1690730455516,1012.161
1690730455555,1012.1596
1690730455575,1012.1522
1690730455615,1012.1486
1690730455656,1012.1494
1690730455675,1012.1344
1690730455715,1012.1329
1690730455755,1012.1411
1690730455775,1012.14325
1690730455815,1012.1424
1690730455855,1012.1384
1690730455875,1012.1311
1690730455915,1012.1298
1690730455955,1012.12756
1690730455975,1012.13525
1690730456015,1012.1406
1690730456056,1012.1386
1690730456077,1012.14526
1690730456115,1012.1465
1690730456155,1012.138
1690730456176,1012.1396
1690730456214,1012.1387
1690730456258,1012.13617
1690730456275,1012.13184
1690730456316,1012.1229
1690730456355,1012.11566
1690730456374,1012.1251
1690730456415,1012.1251
1690730456457,1012.11676
1690730456475,1012.1103
1690730456515,1012.10913
1690730456554,1012.1211
1690730456574,1012.12396
1690730456615,1012.1183
1690730456665,1012.1224
1690730456682,1012.1258
1690730456715,1012.1269
1690730456757,1012.1222
1690730456776,1012.12695
1690730456816,1012.1279
1690730456857,1012.1134
1690730456874,1012.11426
1690730456917,1012.11707
1690730456954,1012.13165
1690730456976,1012.1144
1690730457015,1012.11035
1690730457055,1012.10474
1690730457075,1012.1074
1690730457120,1012.1101
1690730457156,1012.1067
1690730457174,1012.106
1690730457213,1012.0983
1690730457254,1012.09973
1690730457273,1012.1002
1690730457315,1012.10626
1690730457355,1012.10266
1690730457375,1012.09467
1690730457414,1012.0929
1690730457454,1012.08856
1690730457476,1012.08887
1690730457516,1012.08545
1690730457554,1012.08325
1690730457573,1012.087
1690730457614,1012.08374
1690730457660,1012.0847
1690730457675,1012.0834
1690730457723,1012.0915
1690730457757,1012.0872
1690730457774,1012.08026
1690730457815,1012.0752
1690730457855,1012.07056
1690730457873,1012.072
1690730457915,1012.0703
1690730457954,1012.073
1690730457973,1012.07697
1690730458018,1012.07196
1690730458054,1012.072
1690730458073,1012.0757
1690730458114,1012.0761
1690730458156,1012.07385
1690730458173,1012.08154
1690730458213,1012.0842
1690730458259,1012.0854
1690730458279,1012.0945
1690730458315,1012.09064
1690730458392,1012.083
1690730458392,1012.08167
1690730458414,1012.07275
1690730458454,1012.06195
1690730458473,1012.0653
1690730458517,1012.0642
1690730458557,1012.0657
1690730458573,1012.0585
1690730458615,1012.0609
1690730458658,1012.0633
1690730458677,1012.06793
1690730458715,1012.0709
1690730458758,1012.065
1690730458775,1012.041
1690730458813,1012.06024
1690730458854,1012.0683
1690730458875,1012.07007
1690730458914,1012.0675
1690730458956,1012.0499
1690730458976,1012.05
1690730459014,1012.04803
1690730459058,1012.0529
1690730459073,1012.05835
1690730459114,1012.04956
1690730459154,1012.04034
1690730459173,1012.0511
1690730459212,1012.05054
1690730459258,1012.0518
1690730459274,1012.0667
1690730459314,1012.06177
1690730459356,1012.0479
1690730459375,1012.0462
1690730459414,1012.0435
1690730459454,1012.0465
1690730459474,1012.0541
1690730459514,1012.05383
1690730459555,1012.0527
1690730459572,1012.04706
1690730459615,1012.0356
1690730459655,1012.04535
1690730459675,1012.0487
1690730459712,1012.0468
1690730459754,1012.0409
1690730459774,1012.0448
1690730459815,1012.0374
1690730459856,1012.0375
1690730459874,1012.0415
1690730459913,1012.0381
1690730459955,1012.0415
1690730459972,1012.04224
1690730460014,1012.0464
1690730460053,1012.05066
1690730460071,1012.0495
1690730460111,1012.047
1690730460153,1012.0409
1690730460171,1012.04376
1690730460211,1012.03394
1690730460255,1012.0297
1690730460274,1012.0302
1690730460314,1012.0348
1690730460354,1012.03296
1690730460375,1012.02856
1690730460414,1012.02875
1690730460453,1012.0282
1690730460471,1012.0254
1690730460514,1012.02423
1690730460552,1012.02155
1690730460575,1012.03
1690730460614,1012.024
1690730460658,1012.0124
1690730460674,1012.01086
1690730460711,1012.016
1690730460753,1012.0243
1690730460777,1012.0259
1690730460816,1012.02734
1690730460852,1012.02655
1690730460872,1012.02454
1690730460916,1012.01526
1690730460953,1012.015
1690730460974,1012.0231
1690730461013,1012.019
1690730461053,1012.01715
1690730461072,1012.0186
1690730461112,1012.0195
1690730461152,1012.0098
1690730461172,1012.0129
1690730461213,1012.00684
1690730461252,1011.9979
1690730461272,1012.007
1690730461312,1012.001
1690730461354,1012.0017
1690730461373,1012.00714
1690730461413,1012.0095
1690730461451,1012.00934
1690730461470,1011.9998
1690730461510,1012.0029
1690730461552,1012.004
1690730461572,1012.00494
1690730461615,1012.00916
1690730461652,1012.01483
1690730461672,1012.0101
1690730461710,1012.01215
1690730461751,1012.0065
1690730461771,1012.0077
1690730461811,1012.0065
1690730461851,1012.01416
1690730461872,1012.0049
1690730461914,1012.0031
1690730461954,1012.0001
1690730461973,1011.996
1690730462011,1011.9939
1690730462054,1011.9944
1690730462075,1012.00024
1690730462110,1012.0001
1690730462156,1011.99646
1690730462174,1012.00073
1690730462210,1012.00635
1690730462251,1011.9982
1690730462271,1011.99945
1690730462311,1012.00214
1690730462352,1011.9902
1690730462373,1011.9931
1690730462412,1011.9867
1690730462452,1011.988
1690730462472,1011.9885
1690730462512,1011.99347
1690730462551,1011.99115
1690730462572,1011.99347
1690730462611,1011.9875
1690730462653,1011.9835
1690730462670,1011.98047
1690730462715,1011.98267
1690730462750,1011.9838
1690730462771,1011.98627
1690730462813,1011.98535
1690730462852,1011.98816
1690730462872,1011.97906
1690730462914,1011.98804
1690730462950,1011.9855
1690730462972,1011.9874
1690730463011,1011.98334
1690730463050,1011.9778
1690730463071,1011.979
1690730463110,1011.9779
1690730463151,1011.97235
1690730463173,1011.9682
1690730463210,1011.95996
1690730463250,1011.95917
1690730463270,1011.95654
1690730463313,1011.9557
1690730463350,1011.9565
1690730463370,1011.95074
1690730463411,1011.9608
1690730463455,1011.9577
1690730463469,1011.9573
1690730463511,1011.9542
1690730463552,1011.96545
1690730463571,1011.9585
1690730463612,1011.95734
1690730463652,1011.95856
1690730463670,1011.9675
1690730463715,1011.9567
1690730463750,1011.9583
1690730463770,1011.9595
1690730463812,1011.9568
1690730463850,1011.95026
1690730463871,1011.94824
1690730463912,1011.94934
1690730463952,1011.95447
1690730463971,1011.9546
1690730464010,1011.9547
1690730464050,1011.9656
1690730464093,1011.9607
1690730464112,1011.9539
1690730464150,1011.95245
1690730464192,1011.94727
1690730464212,1011.9514
1690730464249,1011.9457
1690730464292,1011.9419
1690730464311,1011.9361
1690730464350,1011.93414
1690730464391,1011.9353
1690730464412,1011.93945
1690730464450,1011.92896
1690730464493,1011.9253
1690730464510,1011.9262
1690730464551,1011.93353
1690730464591,1011.93555
1690730464610,1011.93964
1690730464649,1011.9363
1690730464691,1011.9235
1690730464709,1011.9247
1690730464749,1011.93964
1690730464792,1011.9492
1690730464810,1011.9515
1690730464849,1011.9458
1690730464892,1011.94696
1690730464911,1011.9441
1690730464954,1011.9363
1690730464989,1011.92944
1690730465009,1011.9377
1690730465050,1011.9452
1690730465091,1011.9304
1690730465111,1011.9339
1690730465149,1011.93176
1690730465195,1011.94214
1690730465210,1011.93677
1690730465249,1011.9342
1690730465293,1011.9348
1690730465310,1011.93335
1690730465349,1011.9395
1690730465390,1011.9419
1690730465410,1011.93445
1690730465451,1011.939
1690730465493,1011.9376
1690730465510,1011.9342
1690730465553,1011.92975
1690730465588,1011.93396
1690730465612,1011.9272
1690730465650,1011.92896
1690730465689,1011.93823
1690730465708,1011.9355
1690730465750,1011.94666
1690730465793,1011.9487
1690730465808,1011.9523
1690730465851,1011.9595
1690730465893,1011.95544
1690730465909,1011.9467
1690730465950,1011.93896
1690730465991,1011.93365
1690730466008,1011.94104
1690730466050,1011.94446
1690730466092,1011.9412
1690730466111,1011.9374
1690730466150,1011.93976
1690730466189,1011.9357
1690730466208,1011.9332
1690730466248,1011.93005
1690730466289,1011.9376
1690730466310,1011.93036
1690730466348,1011.932
1690730466393,1011.9378
1690730466410,1011.93176
1690730466449,1011.9299
1690730466488,1011.9224
1690730466508,1011.92676
1690730466549,1011.92206
1690730466590,1011.92053
1690730466613,1011.9145
1690730466648,1011.918
1690730466689,1011.92456
1690730466708,1011.9133
1690730466749,1011.913
1690730466794,1011.922
1690730466811,1011.9186
1690730466850,1011.91364
1690730466890,1011.9075
1690730466910,1011.9164
1690730466950,1011.91986
1690730466989,1011.91693
1690730467009,1011.9127
1690730467052,1011.91815
1690730467092,1011.92303
1690730467110,1011.92584
1690730467149,1011.918
1690730467189,1011.90283
1690730467208,1011.89636
1690730467248,1011.8928
1690730467291,1011.89136
1690730467312,1011.8987
1690730467351,1011.89825
1690730467389,1011.90265
1690730467410,1011.897
1690730467452,1011.89923
1690730467490,1011.8961
1690730467509,1011.89685
1690730467549,1011.9038
1690730467589,1011.8994
1690730467608,1011.8923
1690730467650,1011.8918
1690730467691,1011.8959
1690730467708,1011.8891
1690730467747,1011.89014
1690730467791,1011.89246
1690730467809,1011.89154
1690730467850,1011.89264
1690730467889,1011.8985
1690730467909,1011.9078
1690730467949,1011.91534
1690730467987,1011.91833
1690730468013,1011.90686
1690730468049,1011.9023
1690730468090,1011.9031
1690730468108,1011.8932
1690730468149,1011.89197
1690730468188,1011.8855
1690730468207,1011.8836
1690730468248,1011.88293
1690730468288,1011.8897
1690730468308,1011.8937
1690730468347,1011.89154
1690730468387,1011.8893
1690730468408,1011.8914
1690730468448,1011.89374
1690730468489,1011.90125
1690730468507,1011.8876
1690730468548,1011.8802
1690730468586,1011.88086
1690730468608,1011.8806
1690730468648,1011.8871
1690730468689,1011.87836
1690730468707,1011.87024
1690730468746,1011.869
1690730468790,1011.87335
1690730468810,1011.87573
1690730468850,1011.87915
1690730468887,1011.8862
1690730468908,1011.88354
1690730468951,1011.8828
1690730468993,1011.8847
1690730469009,1011.8811
1690730469049,1011.88763
1690730469090,1011.89215
1690730469107,1011.8963
1690730469149,1011.8821
1690730469189,1011.87244
1690730469208,1011.8634
1690730469247,1011.86786
1690730469288,1011.8624
1690730469306,1011.8589
1690730469347,1011.8561
1690730469387,1011.85046
1690730469410,1011.8482
1690730469447,1011.84625
1690730469488,1011.84204
1690730469508,1011.8436
1690730469549,1011.84894
1690730469587,1011.8536
1690730469607,1011.8473
1690730469647,1011.85095
1690730469690,1011.8503
1690730469706,1011.8437
1690730469746,1011.8414
1690730469790,1011.8361
1690730469806,1011.8357
1690730469846,1011.8387
1690730469888,1011.84357
1690730469907,1011.8463
1690730469947,1011.8491
1690730469989,1011.8549
1690730470009,1011.8541
1690730470047,1011.8529
1690730470089,1011.85144
1690730470108,1011.85046
1690730470145,1011.8477
1690730470194,1011.8522
1690730470211,1011.85004
1690730470247,1011.8457
1690730470293,1011.8427
1690730470307,1011.83093
1690730470349,1011.8246
1690730470387,1011.8197
1690730470409,1011.8283
1690730470446,1011.8313
1690730470489,1011.83014
1690730470510,1011.8273
1690730470547,1011.83344
1690730470586,1011.83307
1690730470608,1011.829
1690730470647,1011.8215
1690730470687,1011.81775
1690730470709,1011.8192
1690730470745,1011.8152
1690730470787,1011.81586
1690730470808,1011.8207
1690730470846,1011.8176
1690730470887,1011.80725
1690730470907,1011.808
1690730470947,1011.8165
1690730470988,1011.8155
1690730471009,1011.81146
1690730471047,1011.8079
1690730471087,1011.8077
1690730471105,1011.80566
1690730471150,1011.8037
1690730471186,1011.80505
1690730471206,1011.80176
1690730471246,1011.7942
1690730471288,1011.79736
1690730471307,1011.8028
1690730471347,1011.80084
1690730471396,1011.8024
1690730471407,1011.80255
1690730471447,1011.79987
1690730471486,1011.7957
1690730471505,1011.7941
1690730471548,1011.80334
1690730471586,1011.80365
1690730471607,1011.8189
1690730471647,1011.803
1690730471687,1011.7832
1690730471705,1011.78455
1690730471745,1011.7947
1690730471795,1011.8033
1690730471806,1011.8089
1690730471847,1011.80286
1690730471888,1011.79895
1690730471912,1011.7964
1690730471947,1011.79535
1690730471988,1011.79944
1690730472007,1011.80237
1690730472046,1011.8075
1690730472084,1011.8152
1690730472106,1011.80457
1690730472145,1011.79236
1690730472185,1011.8062
1690730472205,1011.80865
1690730472245,1011.80273
1690730472288,1011.80054
1690730472306,1011.79944
1690730472346,1011.8021
1690730472386,1011.79877
1690730472409,1011.8092
1690730472446,1011.8121
1690730472487,1011.803
1690730472509,1011.80835
1690730472546,1011.8017
1690730472587,1011.80316
1690730472607,1011.81256
1690730472646,1011.81476
1690730472686,1011.8075
1690730472712,1011.8042
1690730472745,1011.80096
1690730472786,1011.8065
1690730472806,1011.79614
1690730472845,1011.7921
1690730472885,1011.80884
1690730472908,1011.8105
1690730472945,1011.7941
1690730472986,1011.7959
1690730473006,1011.8016
1690730473046,1011.7904
1690730473086,1011.7901
1690730473106,1011.7994
1690730473147,1011.7919
1690730473187,1011.7871
1690730473205,1011.77515
1690730473244,1011.7772
1690730473285,1011.7809
1690730473305,1011.7836
1690730473346,1011.77704
1690730473387,1011.7737
1690730473405,1011.771
1690730473447,1011.78015
1690730473488,1011.7822
1690730473504,1011.77985
1690730473545,1011.7753
1690730473586,1011.7765
1690730473606,1011.7783
1690730473645,1011.7809
1690730473684,1011.7867
1690730473704,1011.7854
1690730473745,1011.7829
1690730473786,1011.7821
1690730473806,1011.7843
1690730473845,1011.77966
1690730473886,1011.78613
1690730473905,1011.7859
1690730473944,1011.77594
1690730473987,1011.76514
1690730474006,1011.7559
1690730474047,1011.7491
1690730474088,1011.74585
1690730474107,1011.74695
1690730474146,1011.7506
1690730474185,1011.7468
1690730474205,1011.7522
1690730474244,1011.75916
1690730474287,1011.75665
1690730474305,1011.75775
1690730474345,1011.75476
1690730474386,1011.7528
1690730474404,1011.7621
1690730474445,1011.77106
1690730474484,1011.7819
1690730474508,1011.777
1690730474545,1011.7636
1690730474586,1011.75934
1690730474605,1011.75867
1690730474645,1011.7529
1690730474686,1011.7511
1690730474706,1011.7456
1690730474744,1011.75824
1690730474785,1011.7565
1690730474807,1011.75525
1690730474844,1011.7583
1690730474887,1011.7572
1690730474905,1011.7519
1690730474947,1011.75073
1690730474984,1011.7516
1690730475006,1011.7551
1690730475046,1011.74805
1690730475084,1011.7399
1690730475106,1011.737
1690730475145,1011.7311
1690730475185,1011.739
1690730475211,1011.7366
1690730475243,1011.73206
1690730475283,1011.7245
1690730475305,1011.71686
1690730475345,1011.7207
1690730475384,1011.71484
1690730475407,1011.7243
1690730475446,1011.7224
1690730475484,1011.72925
1690730475506,1011.7325
1690730475545,1011.73096
1690730475585,1011.7239
1690730475605,1011.7195
1690730475647,1011.7245
1690730475687,1011.7247
1690730475710,1011.73224
1690730475744,1011.7274
1690730475784,1011.72894
1690730475805,1011.73285
1690730475844,1011.7367
1690730475887,1011.73425
1690730475904,1011.73926
1690730475946,1011.725
1690730475983,1011.71594
1690730476006,1011.7259
1690730476046,1011.72864
1690730476087,1011.7339
1690730476106,1011.731
1690730476144,1011.72577
1690730476184,1011.72473
1690730476203,1011.72144
1690730476243,1011.7244
1690730476285,1011.7238
1690730476308,1011.7246
1690730476347,1011.72986
1690730476382,1011.72473
1690730476404,1011.71704
1690730476447,1011.7074
1690730476485,1011.7114
1690730476503,1011.7179
1690730476544,1011.71954
1690730476583,1011.7246
1690730476608,1011.72284
1690730476647,1011.72504
1690730476684,1011.7189
1690730476712,1011.72516
1690730476743,1011.7212
1690730476784,1011.7165
1690730476814,1011.7209
1690730476843,1011.7216
1690730476884,1011.72003
1690730476905,1011.7092
1690730476945,1011.708
1690730476983,1011.70447
1690730477004,1011.70154
1690730477044,1011.69806
1690730477085,1011.69794
1690730477107,1011.70044
1690730477142,1011.6974
1690730477183,1011.69635
1690730477207,1011.6851
1690730477243,1011.68286
1690730477283,1011.68066
1690730477307,1011.6793
1690730477343,1011.6828
1690730477384,1011.6898
1690730477403,1011.689
1690730477445,1011.6814
1690730477483,1011.68744
1690730477503,1011.6962
1690730477546,1011.6897
1690730477584,1011.69135
1690730477604,1011.6941
1690730477645,1011.69055
1690730477685,1011.6959
1690730477704,1011.7036
1690730477742,1011.6998
1690730477782,1011.7
1690730477807,1011.69995
1690730477844,1011.6993
1690730477884,1011.69104
1690730477905,1011.6856
1690730477943,1011.683
1690730477984,1011.67426
1690730478003,1011.67535
1690730478044,1011.68115
1690730478085,1011.6811
1690730478103,1011.6772
1690730478142,1011.6673
1690730478185,1011.66473
1690730478205,1011.6621
1690730478243,1011.66724
1690730478285,1011.6702
1690730478301,1011.66266
1690730478341,1011.66
1690730478384,1011.6592
1690730478402,1011.6663
1690730478442,1011.6631
1690730478484,1011.65674
1690730478509,1011.66486
1690730478541,1011.66504
1690730478584,1011.6648
1690730478603,1011.67255
1690730478643,1011.66254
1690730478683,1011.6599
1690730478705,1011.66016
1690730478741,1011.65515
1690730478781,1011.64905
1690730478816,1011.64905
1690730478842,1011.64417
1690730478883,1011.6414
1690730478902,1011.6488
1690730478943,1011.64624
1690730478982,1011.6301
1690730479004,1011.6346
1690730479043,1011.6459
1690730479083,1011.64746
1690730479105,1011.64343
1690730479143,1011.6384
1690730479183,1011.6441
1690730479206,1011.6394
1690730479242,1011.645
1690730479288,1011.6446
1690730479302,1011.6471
1690730479341,1011.6463
1690730479381,1011.64764
1690730479402,1011.6416
1690730479442,1011.64844
1690730479482,1011.6534
1690730479502,1011.6559
1690730479542,1011.6552
1690730479583,1011.6578
1690730479602,1011.6568
1690730479641,1011.6527
1690730479685,1011.65393
1690730479701,1011.6651
1690730479740,1011.6538
1690730479780,1011.6432
1690730479803,1011.6301
1690730479842,1011.6255
1690730479881,1011.6188
1690730479901,1011.62036
1690730479940,1011.6284
1690730479982,1011.6237
1690730480004,1011.61847
1690730480041,1011.6217
1690730480081,1011.62024
1690730480102,1011.6251
1690730480144,1011.6287
1690730480184,1011.6305
1690730480204,1011.63214
1690730480241,1011.63354
1690730480281,1011.6292
1690730480301,1011.6222
1690730480341,1011.63367
1690730480386,1011.64386
1690730480402,1011.6428
1690730480441,1011.64484
1690730480481,1011.6446
1690730480502,1011.6437
1690730480543,1011.63934
1690730480584,1011.6398
1690730480604,1011.6415
1690730480643,1011.63
1690730480680,1011.63055
1690730480702,1011.6268
1690730480740,1011.6261
1690730480784,1011.6241
1690730480801,1011.61804
1690730480841,1011.61896
1690730480883,1011.61957
1690730480903,1011.6212
1690730480942,1011.62085
1690730480982,1011.621
1690730481003,1011.62335
1690730481041,1011.6141
1690730481080,1011.61005
1690730481103,1011.6105
1690730481141,1011.60474
1690730481183,1011.6008
1690730481203,1011.5995
1690730481239,1011.6003
1690730481281,1011.59875
1690730481301,1011.59155
1690730481342,1011.6029
1690730481386,1011.6035
1690730481401,1011.6022
1690730481443,1011.6035
1690730481482,1011.60364
1690730481501,1011.6113
1690730481542,1011.6178
1690730481582,1011.6223
1690730481602,1011.6177
1690730481640,1011.61487
1690730481686,1011.6029
1690730481706,1011.58997
1690730481739,1011.5928
1690730481781,1011.59845
1690730481800,1011.6001
1690730481840,1011.6035
1690730481882,1011.60223
1690730481903,1011.60126
1690730481940,1011.6145
1690730481981,1011.6234
1690730482003,1011.6167
1690730482041,1011.6239
1690730482083,1011.62415
1690730482099,1011.61584
1690730482139,1011.6151
1690730482181,1011.60956
1690730482203,1011.6005
1690730482239,1011.59753
1690730482279,1011.5927
1690730482300,1011.58936
1690730482340,1011.58514
1690730482382,1011.5895
1690730482400,1011.592
1690730482445,1011.59436
1690730482483,1011.58716
1690730482501,1011.58813
1690730482542,1011.5875
1690730482579,1011.5859
1690730482599,1011.5917
