1690726493908,1013.1936
1690726493910,1013.24817
1690726493953,1013.2714
1690726494013,1013.29114
1690726494016,1013.307
1690726494046,1013.32184
1690726494071,1013.32184
1690726494091,1013.3353
1690726494131,1013.3306
1690726494171,1013.32495
1690726494191,1013.329
1690726494236,1013.33044
1690726494273,1013.32983
1690726494292,1013.33093
1690726494331,1013.322
1690726494373,1013.32227
1690726494392,1013.3218
1690726494440,1013.31647
1690726494453,1013.3166
1690726494490,1013.3193
1690726494531,1013.31915
1690726494576,1013.32806
1690726494592,1013.322
1690726494631,1013.325
1690726494672,1013.32556
1690726494692,1013.33124
1690726494734,1013.32245
1690726494773,1013.3239
1690726494793,1013.3187
1690726494833,1013.32135
1690726494873,1013.32196
1690726494894,1013.3226
1690726494932,1013.3275
1690726494970,1013.3175
1690726494993,1013.3138
1690726495032,1013.3145
1690726495072,1013.31775
1690726495091,1013.31946
1690726495131,1013.3274
1690726495174,1013.3195
1690726495192,1013.3285
1690726495231,1013.32666
1690726495271,1013.31726
1690726495292,1013.32495
1690726495335,1013.3309
1690726495372,1013.32385
1690726495392,1013.32666
1690726495430,1013.33075
1690726495471,1013.33765
1690726495491,1013.33044
1690726495534,1013.3157
1690726495574,1013.3272
1690726495592,1013.33386
1690726495631,1013.3248
1690726495671,1013.3171
1690726495691,1013.32263
1690726495731,1013.3236
1690726495772,1013.31366
1690726495792,1013.3057
1690726495830,1013.31354
1690726495871,1013.317
1690726495890,1013.318
1690726495931,1013.31805
1690726495971,1013.3246
1690726495990,1013.32446
1690726496030,1013.3195
1690726496071,1013.3264
1690726496091,1013.32117
1690726496133,1013.3248
1690726496173,1013.32446
1690726496191,1013.3236
1690726496231,1013.3252
1690726496273,1013.315
1690726496292,1013.3174
1690726496331,1013.32135
1690726496377,1013.3252
1690726496391,1013.31793
1690726496431,1013.3183
1690726496470,1013.32086
1690726496490,1013.3133
1690726496531,1013.3147
1690726496572,1013.3138
1690726496590,1013.3086
1690726496630,1013.3139
1690726496671,1013.3247
1690726496693,1013.32465
1690726496732,1013.319
1690726496770,1013.32666
1690726496792,1013.32666
1690726496831,1013.32465
1690726496874,1013.3293
1690726496890,1013.3182
1690726496934,1013.3141
1690726496971,1013.3061
1690726496991,1013.30786
1690726497033,1013.31415
1690726497070,1013.3141
1690726497092,1013.3142
1690726497131,1013.31335
1690726497171,1013.308
1690726497193,1013.3124
1690726497231,1013.3203
1690726497271,1013.3234
1690726497291,1013.322
1690726497330,1013.3199
1690726497370,1013.3237
1690726497391,1013.31573
1690726497430,1013.3148
1690726497469,1013.3094
1690726497490,1013.31244
1690726497530,1013.3163
1690726497570,1013.31335
1690726497590,1013.3126
1690726497630,1013.3075
1690726497670,1013.3114
1690726497692,1013.31067
1690726497733,1013.31726
1690726497769,1013.31195
1690726497789,1013.31714
1690726497830,1013.3224
1690726497869,1013.32367
1690726497890,1013.32104
1690726497930,1013.31067
1690726497970,1013.30505
1690726497990,1013.3011
1690726498036,1013.2993
1690726498070,1013.3036
1690726498089,1013.3047
1690726498130,1013.30725
1690726498170,1013.31177
1690726498191,1013.31885
1690726498230,1013.32074
1690726498272,1013.3168
1690726498292,1013.31635
1690726498332,1013.3167
1690726498370,1013.31433
1690726498390,1013.3074
1690726498433,1013.3097
1690726498468,1013.31055
1690726498489,1013.31464
1690726498536,1013.3157
1690726498569,1013.31726
1690726498589,1013.30756
1690726498629,1013.2987
1690726498671,1013.3005
1690726498689,1013.2962
1690726498730,1013.2958
1690726498769,1013.3002
1690726498790,1013.30273
1690726498830,1013.31006
1690726498870,1013.31165
1690726498890,1013.3063
1690726498933,1013.3021
1690726498969,1013.30853
1690726498990,1013.3109
1690726499032,1013.3059
1690726499069,1013.3136
1690726499089,1013.3035
1690726499133,1013.3064
1690726499169,1013.2976
1690726499189,1013.30084
1690726499229,1013.2977
1690726499269,1013.29364
1690726499290,1013.2867
1690726499329,1013.2795
1690726499369,1013.2834
1690726499389,1013.2824
1690726499432,1013.2875
1690726499468,1013.298
1690726499488,1013.296
1690726499533,1013.3029
1690726499571,1013.2983
1690726499589,1013.27954
1690726499628,1013.28217
1690726499668,1013.2805
1690726499689,1013.28894
1690726499732,1013.29236
1690726499769,1013.289
1690726499789,1013.2859
1690726499832,1013.2872
1690726499870,1013.2888
1690726499890,1013.2852
1690726499932,1013.28284
1690726499968,1013.2905
1690726499988,1013.286
1690726500040,1013.28577
1690726500069,1013.28357
1690726500088,1013.28674
1690726500128,1013.29034
1690726500173,1013.2823
1690726500189,1013.2729
1690726500230,1013.26794
1690726500269,1013.26074
1690726500291,1013.26056
1690726500328,1013.2637
1690726500368,1013.26685
1690726500392,1013.2743
1690726500433,1013.2763
1690726500467,1013.277
1690726500487,1013.2669
1690726500537,1013.2696
1690726500567,1013.2702
1690726500588,1013.25934
1690726500629,1013.2661
1690726500669,1013.26587
1690726500688,1013.27026
1690726500730,1013.2727
1690726500768,1013.27106
1690726500788,1013.27026
1690726500831,1013.2579
1690726500868,1013.25586
1690726500888,1013.25806
1690726500927,1013.2634
1690726500967,1013.2615
1690726500987,1013.25604
1690726501035,1013.2538
1690726501070,1013.2576
1690726501088,1013.25024
1690726501129,1013.25116
1690726501168,1013.2546
1690726501188,1013.2569
1690726501228,1013.2573
1690726501269,1013.24805
1690726501288,1013.245
1690726501329,1013.2479
1690726501368,1013.24915
1690726501388,1013.2461
1690726501428,1013.2412
1690726501467,1013.2429
1690726501494,1013.2406
1690726501529,1013.2424
1690726501569,1013.2451
1690726501587,1013.2438
1690726501629,1013.2382
1690726501668,1013.24304
1690726501689,1013.2462
1690726501728,1013.24475
1690726501768,1013.24457
1690726501788,1013.2386
1690726501828,1013.2277
1690726501869,1013.23535
1690726501888,1013.23535
1690726501928,1013.2393
1690726501967,1013.2354
1690726501987,1013.2291
1690726502027,1013.22754
1690726502067,1013.2294
1690726502088,1013.23114
1690726502128,1013.2322
1690726502168,1013.236
1690726502188,1013.236
1690726502229,1013.2416
1690726502269,1013.24316
1690726502288,1013.23645
1690726502327,1013.2306
1690726502368,1013.23206
1690726502388,1013.23627
1690726502428,1013.2357
1690726502467,1013.2267
1690726502486,1013.2256
1690726502527,1013.22235
1690726502572,1013.22046
1690726502587,1013.2255
1690726502629,1013.23175
1690726502666,1013.2431
1690726502688,1013.2394
1690726502727,1013.2349
1690726502767,1013.23157
1690726502787,1013.2323
1690726502828,1013.23126
1690726502867,1013.2337
1690726502890,1013.2363
1690726502930,1013.2295
1690726502966,1013.22546
1690726502987,1013.2311
1690726503028,1013.23444
1690726503067,1013.2263
1690726503087,1013.2329
1690726503128,1013.22876
1690726503168,1013.2301
1690726503187,1013.2349
1690726503228,1013.2359
1690726503267,1013.2328
1690726503290,1013.22424
1690726503326,1013.2237
1690726503370,1013.2261
1690726503387,1013.22986
1690726503429,1013.2351
1690726503466,1013.23413
1690726503486,1013.23096
1690726503528,1013.238
1690726503567,1013.24286
1690726503587,1013.2331
1690726503628,1013.2321
1690726503667,1013.23346
1690726503687,1013.22394
1690726503726,1013.2223
1690726503767,1013.2265
1690726503787,1013.23
1690726503827,1013.228
1690726503867,1013.2318
1690726503889,1013.22766
1690726503927,1013.2257
1690726503968,1013.2282
1690726503986,1013.2388
1690726504044,1013.23975
1690726504066,1013.24146
1690726504086,1013.2411
1690726504126,1013.2415
1690726504167,1013.24316
1690726504188,1013.24194
1690726504226,1013.2373
1690726504269,1013.2311
1690726504287,1013.2301
1690726504327,1013.2311
1690726504366,1013.23486
1690726504386,1013.2455
1690726504427,1013.24396
1690726504466,1013.2534
1690726504485,1013.2479
1690726504527,1013.2467
1690726504566,1013.26086
1690726504587,1013.2668
1690726504627,1013.2667
1690726504667,1013.2612
1690726504686,1013.2633
1690726504726,1013.27014
1690726504768,1013.28076
1690726504787,1013.2827
1690726504825,1013.2837
1690726504866,1013.2888
1690726504887,1013.2936
1690726504926,1013.30035
1690726504965,1013.3054
1690726504985,1013.31177
1690726505027,1013.30817
1690726505065,1013.31116
1690726505086,1013.32007
1690726505126,1013.3218
1690726505166,1013.32886
1690726505186,1013.32153
1690726505225,1013.3211
1690726505266,1013.32007
1690726505286,1013.3244
1690726505328,1013.3226
1690726505365,1013.3332
1690726505386,1013.3314
1690726505426,1013.33875
1690726505467,1013.3407
1690726505485,1013.33813
1690726505526,1013.3435
1690726505570,1013.34875
1690726505585,1013.3515
1690726505626,1013.34753
1690726505666,1013.35455
1690726505685,1013.35736
1690726505725,1013.3451
1690726505765,1013.3462
1690726505786,1013.3472
1690726505825,1013.34796
1690726505865,1013.34766
1690726505888,1013.35345
1690726505927,1013.34595
1690726505966,1013.3406
1690726505985,1013.33575
1690726506031,1013.33954
1690726506066,1013.3445
1690726506085,1013.3501
1690726506125,1013.3451
1690726506166,1013.3415
1690726506186,1013.34644
1690726506230,1013.3556
1690726506265,1013.3458
1690726506285,1013.3345
1690726506327,1013.3391
1690726506365,1013.3429
1690726506386,1013.35394
1690726506428,1013.34717
1690726506464,1013.3466
1690726506485,1013.3579
1690726506526,1013.3643
1690726506565,1013.3732
1690726506587,1013.3752
1690726506625,1013.38934
1690726506668,1013.39954
1690726506685,1013.40173
1690726506727,1013.39954
1690726506767,1013.40137
1690726506787,1013.40686
1690726506825,1013.4192
1690726506865,1013.4164
1690726506887,1013.42365
1690726506926,1013.42914
1690726506964,1013.44324
1690726506984,1013.44867
1690726507025,1013.45074
1690726507065,1013.46204
1690726507086,1013.46436
1690726507124,1013.47003
1690726507164,1013.471
1690726507185,1013.4714
1690726507225,1013.48206
1690726507266,1013.4887
1690726507284,1013.499
1690726507327,1013.5001
1690726507365,1013.5023
1690726507387,1013.5045
1690726507425,1013.5094
1690726507465,1013.5005
1690726507484,1013.50244
1690726507524,1013.50446
1690726507564,1013.50366
1690726507585,1013.5097
1690726507625,1013.506
1690726507674,1013.5046
1690726507684,1013.50616
1690726507724,1013.516
1690726507764,1013.51575
1690726507785,1013.5111
1690726507824,1013.5095
1690726507865,1013.5178
1690726507886,1013.51855
1690726507924,1013.5173
1690726507965,1013.5154
1690726507984,1013.5201
1690726508024,1013.5226
1690726508064,1013.5217
1690726508086,1013.5275
1690726508125,1013.5193
1690726508164,1013.5188
1690726508185,1013.52594
1690726508225,1013.522
1690726508264,1013.5296
1690726508284,1013.5317
1690726508326,1013.52234
1690726508365,1013.5199
1690726508384,1013.5241
1690726508424,1013.5285
1690726508463,1013.5261
1690726508483,1013.5262
1690726508525,1013.5299
1690726508564,1013.53986
1690726508584,1013.54706
1690726508624,1013.5476
1690726508664,1013.5404
1690726508685,1013.52673
1690726508725,1013.53015
1690726508764,1013.5334
1690726508784,1013.54175
1690726508825,1013.5436
1690726508864,1013.53503
1690726508885,1013.53217
1690726508924,1013.5331
1690726508963,1013.5244
1690726508984,1013.52625
1690726509033,1013.53064
1690726509063,1013.52545
1690726509086,1013.5251
1690726509124,1013.52423
1690726509165,1013.52686
1690726509183,1013.5212
1690726509223,1013.5198
1690726509264,1013.5241
1690726509285,1013.5143
1690726509323,1013.5141
1690726509365,1013.5154
1690726509385,1013.52014
1690726509425,1013.52026
1690726509464,1013.5222
1690726509482,1013.5141
1690726509525,1013.52563
1690726509564,1013.523
1690726509583,1013.52515
1690726509624,1013.5217
1690726509664,1013.5248
1690726509683,1013.5209
1690726509724,1013.5198
1690726509764,1013.52155
1690726509783,1013.51904
1690726509824,1013.52136
1690726509864,1013.5218
1690726509883,1013.5188
1690726509924,1013.5191
1690726509963,1013.51654
1690726509983,1013.51013
1690726510024,1013.51483
1690726510063,1013.5122
1690726510084,1013.5129
1690726510123,1013.5173
1690726510163,1013.5173
1690726510183,1013.5233
1690726510224,1013.51666
1690726510264,1013.5166
1690726510285,1013.52234
1690726510326,1013.52234
1690726510363,1013.5131
1690726510385,1013.5162
1690726510423,1013.5227
1690726510462,1013.52496
1690726510482,1013.5276
1690726510524,1013.52783
1690726510563,1013.53326
1690726510583,1013.5261
1690726510625,1013.52234
1690726510664,1013.519
1690726510684,1013.5208
1690726510726,1013.5254
1690726510766,1013.5205
1690726510783,1013.52576
1690726510823,1013.51935
1690726510864,1013.52295
1690726510883,1013.52856
1690726510924,1013.5288
1690726510969,1013.5235
1690726510982,1013.515
1690726511023,1013.5184
1690726511063,1013.5204
1690726511084,1013.5127
1690726511126,1013.5128
1690726511163,1013.50024
1690726511182,1013.5047
1690726511224,1013.51
1690726511263,1013.51
1690726511285,1013.5105
1690726511323,1013.514
1690726511362,1013.5151
1690726511383,1013.51654
1690726511425,1013.5121
1690726511463,1013.52124
1690726511488,1013.52124
1690726511523,1013.5233
1690726511562,1013.52704
1690726511586,1013.5301
1690726511624,1013.52106
1690726511662,1013.51776
1690726511682,1013.50867
1690726511722,1013.5126
1690726511762,1013.51794
1690726511782,1013.5177
1690726511823,1013.51953
1690726511863,1013.52124
1690726511882,1013.5203
1690726511924,1013.5173
1690726511964,1013.5159
1690726511984,1013.519
1690726512021,1013.51917
1690726512066,1013.5204
1690726512083,1013.5255
1690726512123,1013.52057
1690726512163,1013.51764
1690726512183,1013.51746
1690726512224,1013.5097
1690726512262,1013.5106
1690726512282,1013.5112
1690726512322,1013.5116
1690726512362,1013.5118
1690726512382,1013.5141
1690726512424,1013.5012
1690726512465,1013.501
1690726512482,1013.50183
1690726512522,1013.50916
1690726512569,1013.5083
1690726512581,1013.51074
1690726512622,1013.51355
1690726512661,1013.51117
1690726512681,1013.5113
1690726512721,1013.50323
1690726512762,1013.4999
1690726512785,1013.4939
1690726512821,1013.4979
1690726512861,1013.5033
1690726512883,1013.4975
1690726512922,1013.5056
1690726512966,1013.50977
1690726512981,1013.50256
1690726513023,1013.496
1690726513065,1013.4895
1690726513082,1013.4876
1690726513121,1013.49005
1690726513161,1013.4904
1690726513181,1013.4924
1690726513221,1013.49146
1690726513261,1013.48096
1690726513281,1013.4782
1690726513320,1013.4916
1690726513365,1013.4888
1690726513385,1013.49243
1690726513422,1013.49274
1690726513471,1013.4989
1690726513480,1013.50024
1690726513521,1013.4957
1690726513563,1013.4962
1690726513586,1013.4889
1690726513621,1013.4923
1690726513662,1013.4904
1690726513682,1013.4811
1690726513721,1013.489
1690726513762,1013.48804
1690726513780,1013.48975
1690726513824,1013.49927
1690726513863,1013.4898
1690726513881,1013.48145
1690726513920,1013.48975
1690726513963,1013.4818
1690726513985,1013.4741
1690726514034,1013.47974
1690726514061,1013.4729
1690726514081,1013.47076
1690726514121,1013.4686
1690726514161,1013.4669
1690726514181,1013.453
1690726514221,1013.46497
1690726514261,1013.46185
1690726514281,1013.4617
1690726514321,1013.4621
1690726514360,1013.4591
1690726514381,1013.46796
1690726514421,1013.4657
1690726514463,1013.4671
1690726514482,1013.45825
1690726514520,1013.457
1690726514571,1013.45154
1690726514581,1013.449
1690726514620,1013.4372
1690726514661,1013.4303
1690726514682,1013.4326
1690726514721,1013.44025
1690726514761,1013.442
1690726514782,1013.43665
1690726514820,1013.4239
1690726514864,1013.41754
1690726514880,1013.41846
1690726514921,1013.41394
1690726514966,1013.4117
1690726514982,1013.4117
1690726515021,1013.4088
1690726515063,1013.4066
1690726515100,1013.40546
1690726515120,1013.39453
1690726515161,1013.3927
1690726515182,1013.38794
1690726515220,1013.3808
1690726515262,1013.38135
1690726515300,1013.37476
1690726515320,1013.37744
1690726515363,1013.37274
1690726515381,1013.3767
1690726515419,1013.3646
1690726515460,1013.3553
1690726515499,1013.3535
1690726515519,1013.3573
1690726515561,1013.36395
1690726515600,1013.3684
1690726515620,1013.36414
1690726515663,1013.3554
1690726515701,1013.34973
1690726515721,1013.358
1690726515760,1013.3541
1690726515804,1013.35596
1690726515819,1013.3564
1690726515861,1013.3534
1690726515900,1013.35034
1690726515919,1013.3505
1690726515959,1013.35364
1690726515999,1013.34985
1690726516019,1013.329
1690726516059,1013.31885
1690726516100,1013.3294
1690726516120,1013.3331
1690726516160,1013.32446
1690726516200,1013.3165
1690726516221,1013.3236
1690726516259,1013.3242
1690726516300,1013.319
1690726516320,1013.3098
1690726516360,1013.30725
1690726516400,1013.3125
1690726516423,1013.31506
1690726516459,1013.3136
1690726516499,1013.317
1690726516519,1013.3209
1690726516561,1013.32104
1690726516599,1013.31647
1690726516620,1013.31494
1690726516661,1013.31396
1690726516700,1013.3141
1690726516719,1013.3141
1690726516760,1013.30566
1690726516799,1013.29663
1690726516820,1013.2914
1690726516859,1013.29626
1690726516900,1013.301
1690726516920,1013.3001
1690726516960,1013.2997
1690726516998,1013.2977
1690726517018,1013.2922
1690726517060,1013.28687
1690726517100,1013.28345
1690726517120,1013.28156
1690726517159,1013.28094
1690726517202,1013.27844
1690726517219,1013.2728
1690726517259,1013.2666
1690726517299,1013.2578
1690726517320,1013.2657
1690726517358,1013.26056
1690726517399,1013.2621
1690726517421,1013.26086
1690726517462,1013.25806
1690726517498,1013.2521
1690726517519,1013.2529
1690726517564,1013.26086
1690726517599,1013.25415
1690726517619,1013.2498
1690726517659,1013.25085
1690726517702,1013.25476
1690726517720,1013.2513
1690726517759,1013.25244
1690726517800,1013.2599
1690726517819,1013.25824
1690726517862,1013.26
1690726517899,1013.25366
1690726517920,1013.2576
1690726517958,1013.2644
1690726517998,1013.2541
1690726518018,1013.25195
1690726518060,1013.2512
1690726518098,1013.24493
1690726518119,1013.2455
1690726518158,1013.2466
1690726518199,1013.2466
1690726518218,1013.237
1690726518258,1013.23755
1690726518298,1013.23114
1690726518318,1013.22845
1690726518359,1013.238
1690726518398,1013.24304
1690726518418,1013.2339
1690726518458,1013.2308
1690726518499,1013.22833
1690726518519,1013.22705
1690726518559,1013.2353
1690726518598,1013.23816
1690726518619,1013.2331
1690726518658,1013.2292
1690726518698,1013.22815
1690726518718,1013.2277
1690726518759,1013.23157
1690726518802,1013.23
1690726518818,1013.2351
1690726518858,1013.2368
1690726518899,1013.2337
1690726518918,1013.228
1690726518959,1013.2246
1690726518998,1013.2283
1690726519027,1013.23016
1690726519062,1013.2273
1690726519099,1013.2281
1690726519117,1013.2268
1690726519158,1013.2206
1690726519197,1013.2217
1690726519217,1013.2201
1690726519258,1013.2206
1690726519299,1013.21875
1690726519318,1013.2209
1690726519358,1013.216
1690726519399,1013.2158
1690726519418,1013.21173
1690726519458,1013.21265
1690726519498,1013.2067
1690726519517,1013.21387
1690726519558,1013.2178
1690726519600,1013.21405
1690726519618,1013.21704
1690726519658,1013.2204
1690726519699,1013.2191
1690726519718,1013.219
1690726519758,1013.21344
1690726519798,1013.2117
1690726519818,1013.21436
1690726519859,1013.21155
1690726519898,1013.21436
1690726519918,1013.2122
1690726519958,1013.21814
1690726519999,1013.2182
1690726520016,1013.2125
1690726520057,1013.2232
1690726520097,1013.2263
1690726520116,1013.2086
1690726520156,1013.1996
1690726520197,1013.2057
1690726520218,1013.20654
1690726520261,1013.2039
1690726520300,1013.19525
1690726520319,1013.19684
1690726520358,1013.1979
1690726520398,1013.20416
1690726520426,1013.20306
1690726520457,1013.20953
1690726520498,1013.20776
1690726520518,1013.2046
1690726520557,1013.20807
1690726520599,1013.1935
1690726520618,1013.19543
1690726520658,1013.20166
1690726520697,1013.2001
1690726520719,1013.197
1690726520757,1013.2003
1690726520797,1013.2012
1690726520819,1013.20807
1690726520858,1013.2087
1690726520897,1013.2117
1690726520918,1013.21204
1690726520958,1013.2075
1690726520997,1013.203
1690726521017,1013.2057
1690726521057,1013.214
1690726521097,1013.20465
1690726521119,1013.201
1690726521159,1013.21356
1690726521196,1013.212
1690726521217,1013.209
1690726521257,1013.211
1690726521297,1013.21423
1690726521317,1013.21606
1690726521357,1013.2214
1690726521399,1013.2139
1690726521417,1013.2105
1690726521457,1013.2002
1690726521498,1013.1976
1690726521517,1013.20404
1690726521556,1013.2072
1690726521600,1013.2026
1690726521617,1013.20593
1690726521656,1013.2149
1690726521699,1013.2219
1690726521717,1013.2134
1690726521756,1013.20905
1690726521796,1013.2091
1690726521817,1013.2081
1690726521857,1013.2024
1690726521897,1013.1917
1690726521916,1013.1982
1690726521958,1013.20306
1690726521998,1013.2002
1690726522018,1013.2015
1690726522057,1013.20166
1690726522100,1013.19745
1690726522116,1013.2007
1690726522156,1013.20337
1690726522197,1013.20374
1690726522216,1013.21796
1690726522256,1013.2254
1690726522296,1013.19836
1690726522315,1013.1868
1690726522357,1013.19824
1690726522396,1013.20337
1690726522417,1013.1968
1690726522456,1013.19556
1690726522496,1013.20026
1690726522517,1013.1966
1690726522556,1013.19495
1690726522597,1013.19415
1690726522616,1013.1971
1690726522658,1013.20337
1690726522696,1013.20465
1690726522715,1013.2014
1690726522755,1013.1951
1690726522796,1013.1976
1690726522816,1013.203
1690726522856,1013.1991
1690726522897,1013.1976
1690726522916,1013.1987
1690726522956,1013.19965
1690726522996,1013.1948
1690726523017,1013.20056
1690726523055,1013.19165
1690726523096,1013.1914
1690726523117,1013.19293
1690726523155,1013.1975
1690726523196,1013.1953
1690726523216,1013.1997
1690726523257,1013.19617
1690726523295,1013.1987
1690726523316,1013.20026
1690726523356,1013.1959
1690726523397,1013.1969
1690726523417,1013.1957
1690726523456,1013.1892
1690726523495,1013.1873
1690726523514,1013.195
1690726523555,1013.1937
1690726523597,1013.18604
1690726523615,1013.19165
1690726523655,1013.1919
1690726523695,1013.1955
1690726523715,1013.19183
1690726523760,1013.1879
1690726523796,1013.1884
1690726523816,1013.1881
1690726523857,1013.1921
1690726523897,1013.1971
1690726523917,1013.1982
1690726523963,1013.20245
1690726523996,1013.1983
1690726524016,1013.1952
1690726524055,1013.18964
1690726524096,1013.1882
1690726524116,1013.18115
1690726524155,1013.1832
1690726524195,1013.1869
1690726524215,1013.1854
1690726524255,1013.1887
1690726524297,1013.1915
1690726524315,1013.18524
1690726524355,1013.1808
1690726524396,1013.1874
1690726524416,1013.19476
1690726524457,1013.1902
1690726524495,1013.18713
1690726524517,1013.1843
1690726524555,1013.1844
1690726524595,1013.1792
1690726524615,1013.1717
1690726524655,1013.1758
1690726524699,1013.1825
1690726524716,1013.18365
1690726524755,1013.1813
1690726524797,1013.1731
1690726524816,1013.1803
1690726524854,1013.18494
1690726524896,1013.1814
1690726524917,1013.17474
1690726524956,1013.1763
1690726524999,1013.18243
1690726525015,1013.18085
1690726525056,1013.1824
1690726525096,1013.18994
1690726525115,1013.1979
1690726525157,1013.197
1690726525197,1013.19214
1690726525214,1013.1907
1690726525254,1013.1875
1690726525296,1013.18555
1690726525319,1013.1866
1690726525355,1013.1831
1690726525399,1013.1773
1690726525414,1013.18005
1690726525456,1013.18353
1690726525495,1013.1794
1690726525515,1013.18
1690726525557,1013.1779
1690726525594,1013.1817
1690726525615,1013.17725
1690726525654,1013.17554
1690726525698,1013.1864
1690726525713,1013.183
1690726525755,1013.1839
1690726525798,1013.1848
1690726525816,1013.18134
1690726525855,1013.18396
1690726525896,1013.1851
1690726525914,1013.19
1690726525955,1013.1799
1690726525994,1013.18335
1690726526015,1013.17847
1690726526054,1013.17896
1690726526095,1013.16394
1690726526114,1013.16815
1690726526155,1013.16895
1690726526196,1013.16956
1690726526215,1013.1686
1690726526255,1013.17523
1690726526295,1013.1775
1690726526314,1013.1814
1690726526354,1013.1887
1690726526395,1013.184
1690726526416,1013.17615
1690726526454,1013.1842
1690726526495,1013.1883
1690726526514,1013.1836
1690726526554,1013.1887
1690726526595,1013.18445
1690726526615,1013.1874
1690726526655,1013.19025
1690726526696,1013.1814
1690726526714,1013.1865
1690726526755,1013.19366
1690726526795,1013.1941
1690726526814,1013.195
1690726526855,1013.19135
1690726526894,1013.1835
1690726526914,1013.176
1690726526955,1013.17676
1690726526994,1013.1857
1690726527015,1013.1808
1690726527054,1013.1797
1690726527094,1013.1682
1690726527115,1013.1719
1690726527154,1013.1866
1690726527194,1013.1836
1690726527213,1013.17865
1690726527252,1013.18994
1690726527293,1013.1926
1690726527313,1013.1925
1690726527357,1013.18866
1690726527394,1013.1875
1690726527413,1013.18427
1690726527453,1013.1798
1690726527495,1013.1765
1690726527513,1013.17737
1690726527554,1013.1765
1690726527593,1013.1788
1690726527614,1013.1816
1690726527654,1013.1834
1690726527699,1013.1864
1690726527715,1013.18286
1690726527753,1013.1725
1690726527795,1013.16724
1690726527814,1013.1687
1690726527853,1013.1731
1690726527894,1013.1781
1690726527916,1013.1786
1690726527953,1013.18
1690726527994,1013.19336
1690726528014,1013.19226
1690726528054,1013.1883
1690726528093,1013.191
1690726528113,1013.1884
1690726528153,1013.19116
1690726528195,1013.19055
1690726528213,1013.1921
1690726528253,1013.194
1690726528296,1013.19214
1690726528313,1013.19574
1690726528353,1013.19366
1690726528393,1013.19366
1690726528414,1013.20337
1690726528452,1013.2048
1690726528493,1013.197
1690726528513,1013.1971
1690726528553,1013.19336
1690726528592,1013.19025
1690726528612,1013.1877
1690726528653,1013.19055
1690726528693,1013.19226
1690726528714,1013.196
1690726528752,1013.1917
1690726528792,1013.18555
1690726528813,1013.1692
1690726528853,1013.171
1690726528893,1013.17816
1690726528914,1013.16925
1690726528952,1013.1717
1690726528993,1013.1732
1690726529013,1013.17523
1690726529052,1013.1745
1690726529093,1013.17413
1690726529114,1013.1805
1690726529152,1013.1803
1690726529192,1013.1939
1690726529212,1013.18835
1690726529251,1013.19116
1690726529292,1013.1927
1690726529311,1013.1922
1690726529352,1013.1906
1690726529394,1013.18506
1690726529414,1013.1974
1690726529453,1013.2004
1690726529492,1013.19885
1690726529512,1013.198
1690726529553,1013.1875
1690726529593,1013.19104
1690726529613,1013.19556
1690726529653,1013.1887
1690726529693,1013.1857
1690726529714,1013.18555
1690726529752,1013.18823
1690726529793,1013.18884
1690726529813,1013.18604
1690726529853,1013.1939
1690726529893,1013.1933
1690726529913,1013.1844
1690726529957,1013.18756
1690726529993,1013.18964
1690726530012,1013.1905
1690726530054,1013.1912
1690726530092,1013.18915
1690726530113,1013.1988
1690726530155,1013.2108
1690726530192,1013.2053
1690726530213,1013.20197
1690726530252,1013.198
1690726530292,1013.19226
1690726530312,1013.1925
1690726530353,1013.1896
1690726530393,1013.1937
1690726530413,1013.1953
1690726530452,1013.1902
1690726530492,1013.1913
1690726530513,1013.18304
1690726530553,1013.1801
1690726530592,1013.18445
1690726530612,1013.1903
1690726530652,1013.18787
1690726530693,1013.1902
1690726530715,1013.1914
1690726530752,1013.1912
1690726530792,1013.1876
1690726530812,1013.1883
1690726530854,1013.1952
1690726530892,1013.1992
1690726530914,1013.1942
1690726530952,1013.1873
1690726530992,1013.1946
1690726531012,1013.1986
1690726531052,1013.19916
1690726531091,1013.2022
1690726531112,1013.2062
1690726531162,1013.1951
1690726531201,1013.1904
1690726531210,1013.1866
1690726531251,1013.19147
1690726531291,1013.19946
1690726531313,1013.19653
1690726531353,1013.19214
1690726531393,1013.1885
1690726531412,1013.1903
1690726531451,1013.19244
1690726531491,1013.19415
1690726531511,1013.19147
1690726531552,1013.19507
1690726531592,1013.1918
1690726531611,1013.1892
1690726531653,1013.20166
1690726531692,1013.2015
1690726531712,1013.203
1690726531751,1013.19946
1690726531790,1013.2053
1690726531811,1013.21173
1690726531852,1013.20215
1690726531892,1013.19415
1690726531912,1013.1829
1690726531952,1013.186
1690726531991,1013.19073
1690726532013,1013.1869
1690726532050,1013.18616
1690726532091,1013.1799
1690726532112,1013.1791
1690726532154,1013.1858
1690726532191,1013.1906
1690726532211,1013.20215
1690726532252,1013.20245
1690726532290,1013.1905
1690726532313,1013.1807
1690726532350,1013.187
1690726532391,1013.1865
1690726532416,1013.1874
1690726532450,1013.19275
1690726532491,1013.19244
1690726532512,1013.194
1690726532550,1013.1836
1690726532592,1013.19275
1690726532612,1013.1992
1690726532651,1013.19305
1690726532698,1013.20074
1690726532712,1013.1932
1690726532750,1013.19324
1690726532791,1013.1937
1690726532816,1013.1969
1690726532852,1013.18854
1690726532891,1013.1875
1690726532911,1013.1912
1690726532950,1013.1909
1690726532990,1013.19025
1690726533011,1013.1962
1690726533052,1013.1887
1690726533092,1013.1928
1690726533110,1013.1937
1690726533151,1013.18915
1690726533198,1013.1882
1690726533211,1013.1937
1690726533249,1013.1904
1690726533292,1013.1875
1690726533312,1013.1911
1690726533351,1013.191
1690726533390,1013.1909
1690726533412,1013.19073
1690726533450,1013.1926
1690726533490,1013.19653
1690726533511,1013.2004
1690726533550,1013.20355
1690726533590,1013.20636
1690726533612,1013.20197
1690726533650,1013.19714
1690726533693,1013.1959
1690726533714,1013.1915
1690726533749,1013.191
1690726533790,1013.18933
1690726533810,1013.1844
1690726533851,1013.1834
1690726533890,1013.1895
1690726533912,1013.18835
1690726533952,1013.18677
1690726533990,1013.1892
1690726534011,1013.18884
1690726534051,1013.18866
1690726534092,1013.1909
1690726534110,1013.1851
1690726534150,1013.19324
1690726534192,1013.19006
1690726534209,1013.1892
1690726534249,1013.1828
1690726534289,1013.1777
1690726534309,1013.185
1690726534350,1013.18634
1690726534389,1013.19244
1690726534410,1013.19684
1690726534453,1013.1924
1690726534489,1013.19653
1690726534508,1013.2023
1690726534550,1013.19727
1690726534591,1013.19403
1690726534610,1013.19855
1690726534652,1013.1936
1690726534690,1013.1961
1690726534711,1013.1866
1690726534753,1013.1899
1690726534789,1013.1919
1690726534809,1013.19403
1690726534850,1013.1889
1690726534890,1013.1925
1690726534910,1013.1864
1690726534950,1013.19434
1690726534989,1013.1941
1690726535009,1013.1898
1690726535050,1013.192
1690726535091,1013.19775
1690726535110,1013.2043
1690726535152,1013.1985
1690726535190,1013.1905
1690726535211,1013.19446
1690726535248,1013.2019
1690726535288,1013.2057
1690726535309,1013.2046
1690726535349,1013.19855
1690726535389,1013.1946
1690726535411,1013.2016
1690726535449,1013.1864
1690726535490,1013.18274
1690726535510,1013.1859
1690726535549,1013.1932
1690726535589,1013.1969
1690726535610,1013.198
1690726535649,1013.18835
1690726535689,1013.18567
1690726535711,1013.1954
1690726535748,1013.1937
1690726535790,1013.1943
1690726535809,1013.196
1690726535848,1013.1926
1690726535890,1013.187
1690726535909,1013.1875
1690726535949,1013.19073
1690726535989,1013.1881
1690726536010,1013.1977
1690726536050,1013.2007
1690726536091,1013.2006
1690726536108,1013.2021
1690726536149,1013.19916
1690726536189,1013.20557
1690726536209,1013.19946
1690726536249,1013.1983
1690726536288,1013.2002
1690726536308,1013.2012
1690726536348,1013.20703
1690726536390,1013.2052
1690726536410,1013.2053
1690726536450,1013.1992
1690726536489,1013.202
1690726536509,1013.21277
1690726536549,1013.21124
1690726536588,1013.2031
1690726536608,1013.2031
1690726536650,1013.20526
1690726536689,1013.21216
1690726536711,1013.19965
1690726536749,1013.1949
1690726536788,1013.1933
1690726536828,1013.2029
1690726536850,1013.2015
1690726536888,1013.2063
1690726536908,1013.20264
1690726536948,1013.20654
1690726536988,1013.2093
1690726537029,1013.21387
1690726537049,1013.212
1690726537090,1013.2081
1690726537109,1013.2097
1690726537152,1013.2057
1690726537190,1013.2075
1690726537228,1013.20074
1690726537247,1013.20953
1690726537288,1013.2182
1690726537308,1013.2207
1690726537349,1013.2231
1690726537388,1013.22736
1690726537430,1013.2117
1690726537449,1013.20856
1690726537488,1013.21106
1690726537528,1013.20874
1690726537548,1013.217
1690726537588,1013.2078
1690726537629,1013.206
1690726537649,1013.2015
1690726537690,1013.2033
1690726537728,1013.204
1690726537748,1013.1987
1690726537787,1013.1953
1690726537840,1013.2037
1690726537847,1013.2066
1690726537893,1013.20874
1690726537928,1013.20746
1690726537948,1013.2126
1690726537990,1013.2059
1690726538029,1013.2045
1690726538060,1013.2018
1690726538089,1013.2053
1690726538128,1013.20386
1690726538148,1013.2057
1690726538190,1013.2095
1690726538228,1013.2067
1690726538246,1013.209
1690726538287,1013.2077
1690726538327,1013.208
1690726538352,1013.2073
1690726538387,1013.2065
1690726538429,1013.2084
1690726538448,1013.2004
1690726538488,1013.1963
1690726538527,1013.1863
1690726538548,1013.2012
1690726538589,1013.2081
1690726538628,1013.21173
1690726538649,1013.2129
1690726538688,1013.2109
1690726538728,1013.20874
1690726538747,1013.21576
1690726538786,1013.21387
1690726538828,1013.20905
1690726538850,1013.1974
1690726538891,1013.1947
1690726538927,1013.20044
1690726538949,1013.20166
1690726538988,1013.20056
1690726539027,1013.2069
1690726539047,1013.2001
1690726539088,1013.20294
1690726539128,1013.2045
1690726539149,1013.2044
1690726539186,1013.1992
1690726539228,1013.2122
1690726539246,1013.2146
1690726539287,1013.2084
1690726539328,1013.20984
1690726539353,1013.206
1690726539387,1013.20776
1690726539428,1013.2064
1690726539447,1013.20575
1690726539488,1013.20355
1690726539528,1013.19995
1690726539550,1013.2062
1690726539589,1013.1989
1690726539632,1013.2029
1690726539647,1013.1987
1690726539687,1013.199
1690726539727,1013.20264
1690726539746,1013.19556
1690726539788,1013.2029
1690726539829,1013.20886
1690726539848,1013.2118
1690726539886,1013.209
1690726539928,1013.2017
1690726539949,1013.19727
1690726539988,1013.199
1690726540027,1013.20056
1690726540047,1013.1997
1690726540086,1013.20184
1690726540127,1013.19543
1690726540146,1013.2002
1690726540186,1013.2026
1690726540227,1013.20435
1690726540247,1013.2106
1690726540286,1013.21173
1690726540329,1013.21234
1690726540353,1013.2007
1690726540386,1013.19135
1690726540430,1013.19775
1690726540446,1013.2006
1690726540487,1013.2006
1690726540526,1013.2041
1690726540547,1013.2013
1690726540588,1013.1979
1690726540626,1013.20715
1690726540646,1013.2047
1690726540689,1013.20074
1690726540727,1013.19617
1690726540753,1013.1976
1690726540785,1013.1969
1690726540830,1013.19586
1690726540857,1013.1998
1690726540888,1013.19464
1690726540926,1013.2001
1690726540946,1013.2012
1690726540988,1013.2018
1690726541027,1013.1987
1690726541046,1013.2004
1690726541088,1013.1969
1690726541132,1013.1972
1690726541146,1013.1947
1690726541187,1013.1975
1690726541229,1013.2018
1690726541250,1013.1995
1690726541287,1013.1969
1690726541326,1013.20593
1690726541354,1013.20593
1690726541387,1013.1966
1690726541426,1013.1896
1690726541447,1013.19617
1690726541495,1013.1992
1690726541527,1013.20044
1690726541548,1013.19653
1690726541586,1013.1924
1690726541628,1013.19147
1690726541647,1013.194
1690726541685,1013.20636
1690726541726,1013.2036
1690726541746,1013.19885
1690726541785,1013.20026
1690726541827,1013.20483
1690726541847,1013.19934
1690726541885,1013.1907
1690726541926,1013.1953
1690726541946,1013.19995
1690726541986,1013.2019
1690726542026,1013.20294
1690726542047,1013.20337
1690726542086,1013.1913
1690726542125,1013.1848
1690726542148,1013.1843
1690726542185,1013.19104
1690726542226,1013.1898
1690726542247,1013.19196
1690726542285,1013.1914
1690726542325,1013.18353
1690726542348,1013.1913
1690726542385,1013.1864
1690726542426,1013.1808
1690726542445,1013.17365
1690726542487,1013.17126
1690726542527,1013.16425
1690726542546,1013.157
1690726542585,1013.1518
1690726542626,1013.16034
1690726542646,1013.15704
1690726542684,1013.1563
1690726542724,1013.1594
1690726542751,1013.1639
1690726542785,1013.1594
1690726542826,1013.1627
1690726542845,1013.1583
1690726542885,1013.1615
1690726542925,1013.16364
1690726542946,1013.1641
1690726542986,1013.1669
1690726543026,1013.1708
1690726543058,1013.1731
1690726543085,1013.1759
1690726543125,1013.17896
1690726543145,1013.192
1690726543185,1013.2042
1690726543224,1013.20703
1690726543249,1013.20337
1690726543284,1013.19214
1690726543324,1013.1947
1690726543347,1013.20325
1690726543386,1013.2203
1690726543426,1013.2148
1690726543445,1013.2043
1690726543485,1013.203
1690726543526,1013.206
1690726543545,1013.2078
1690726543586,1013.20996
1690726543624,1013.2159
1690726543645,1013.2022
1690726543687,1013.2102
1690726543725,1013.2078
1690726543745,1013.2133
1690726543784,1013.22327
1690726543824,1013.22314
1690726543847,1013.2206
1690726543885,1013.2095
1690726543925,1013.2034
1690726543945,1013.2068
1690726543984,1013.20886
1690726544025,1013.20746
1690726544044,1013.21484
1690726544086,1013.20935
1690726544125,1013.20886
1690726544144,1013.2098
1690726544185,1013.2049
1690726544225,1013.20337
1690726544248,1013.2026
1690726544284,1013.2009
1690726544323,1013.20374
1690726544347,1013.2129
1690726544386,1013.2173
1690726544424,1013.211
1690726544444,1013.20215
1690726544485,1013.20825
1690726544524,1013.2061
1690726544544,1013.2072
1690726544585,1013.2205
1690726544627,1013.2191
1690726544645,1013.2213
1690726544684,1013.2113
1690726544725,1013.2151
1690726544751,1013.2131
1690726544785,1013.20795
1690726544825,1013.2057
1690726544844,1013.20966
1690726544884,1013.2101
1690726544926,1013.20496
1690726544944,1013.20734
1690726544984,1013.20825
1690726545023,1013.20996
1690726545044,1013.2067
1690726545084,1013.20795
1690726545124,1013.206
1690726545144,1013.2009
1690726545184,1013.1985
1690726545227,1013.1984
1690726545243,1013.2112
1690726545283,1013.2091
1690726545325,1013.2076
1690726545346,1013.21454
1690726545383,1013.2093
1690726545426,1013.21313
1690726545444,1013.2115
1690726545483,1013.2123
1690726545524,1013.2075
1690726545543,1013.2017
1690726545584,1013.20184
1690726545624,1013.20123
1690726545644,1013.20245
1690726545684,1013.20197
1690726545726,1013.2057
1690726545745,1013.2077
1690726545782,1013.2066
1690726545822,1013.2069
1690726545843,1013.2064
1690726545883,1013.20416
1690726545925,1013.1999
1690726545945,1013.20026
1690726545986,1013.20074
1690726546024,1013.2082
1690726546044,1013.198
1690726546087,1013.19543
1690726546124,1013.2024
1690726546143,1013.20575
1690726546183,1013.1975
1690726546223,1013.1977
1690726546243,1013.209
1690726546284,1013.2069
1690726546324,1013.2147
1690726546343,1013.2178
1690726546383,1013.2053
1690726546423,1013.1996
1690726546443,1013.2003
1690726546483,1013.2033
1690726546523,1013.2112
1690726546543,1013.209
1690726546584,1013.20544
1690726546623,1013.203
1690726546644,1013.2002
1690726546683,1013.2077
1690726546724,1013.21204
1690726546743,1013.2055
1690726546782,1013.20795
1690726546823,1013.19666
1690726546844,1013.2004
1690726546884,1013.199
1690726546924,1013.1968
1690726546944,1013.1927
1690726546983,1013.2006
1690726547023,1013.21216
1690726547043,1013.2122
1690726547083,1013.2046
1690726547124,1013.19604
1690726547144,1013.19824
1690726547184,1013.19446
1690726547224,1013.2036
1690726547243,1013.2025
1690726547284,1013.2015
1690726547324,1013.20374
1690726547343,1013.2103
1690726547383,1013.2112
1690726547424,1013.2134
1690726547442,1013.20807
1690726547483,1013.2062
1690726547522,1013.20636
1690726547543,1013.2094
1690726547588,1013.20544
1690726547626,1013.21106
1690726547644,1013.2164
1690726547683,1013.21497
1690726547724,1013.216
1690726547742,1013.214
1690726547784,1013.21277
1690726547822,1013.2129
1690726547846,1013.2095
1690726547884,1013.2019
1690726547923,1013.19904
1690726547946,1013.2084
1690726547984,1013.21277
1690726548022,1013.21173
1690726548043,1013.2107
1690726548083,1013.20935
1690726548122,1013.2046
1690726548143,1013.2106
1690726548185,1013.208
1690726548222,1013.2069
1690726548243,1013.20966
1690726548282,1013.20483
1690726548322,1013.20105
1690726548343,1013.203
1690726548382,1013.20526
1690726548423,1013.20764
1690726548446,1013.20935
1690726548482,1013.2092
1690726548523,1013.2044
1690726548543,1013.2075
1690726548584,1013.2101
1690726548624,1013.2117
1690726548642,1013.20844
1690726548684,1013.2029
1690726548723,1013.20593
1690726548744,1013.20526
1690726548782,1013.2039
1690726548821,1013.2007
1690726548841,1013.20166
1690726548881,1013.2007
1690726548923,1013.20154
1690726548943,1013.19244
1690726548983,1013.1953
1690726549022,1013.19806
1690726549042,1013.1941
1690726549083,1013.18677
1690726549122,1013.19574
1690726549142,1013.20447
1690726549182,1013.1941
1690726549222,1013.1906
1690726549245,1013.19086
1690726549281,1013.1903
1690726549320,1013.1924
1690726549341,1013.18933
1690726549381,1013.1843
1690726549422,1013.1858
1690726549442,1013.1969
1690726549482,1013.202
1690726549522,1013.19336
1690726549541,1013.194
1690726549582,1013.1975
1690726549623,1013.1841
1690726549642,1013.1787
1690726549682,1013.18787
1690726549722,1013.18994
1690726549741,1013.18225
1690726549784,1013.178
1690726549821,1013.18146
1690726549841,1013.18353
1690726549880,1013.1777
1690726549922,1013.18176
1690726549941,1013.1895
1690726549982,1013.18304
1690726550021,1013.1825
1690726550041,1013.1831
1690726550082,1013.18634
1690726550121,1013.18677
1690726550142,1013.1927
1690726550183,1013.1862
1690726550221,1013.1854
1690726550241,1013.1855
1690726550281,1013.1824
1690726550320,1013.1864
1690726550340,1013.17755
1690726550382,1013.1768
1690726550421,1013.1791
1690726550440,1013.181
1690726550481,1013.1836
1690726550522,1013.1857
1690726550541,1013.1809
1690726550582,1013.1805
1690726550622,1013.1804
1690726550642,1013.1858
1690726550682,1013.18726
1690726550722,1013.1896
1690726550742,1013.1853
1690726550781,1013.1803
1690726550821,1013.1792
1690726550841,1013.17896
1690726550887,1013.1775
1690726550920,1013.172
1690726550942,1013.17535
1690726550982,1013.1892
1690726551021,1013.1887
1690726551041,1013.19037
1690726551082,1013.18854
1690726551123,1013.1923
1690726551140,1013.17847
1690726551181,1013.1714
1690726551221,1013.1594
1690726551242,1013.1529
1690726551280,1013.16064
1690726551320,1013.1718
1690726551341,1013.1803
1690726551382,1013.17456
1690726551421,1013.16626
1690726551441,1013.1714
1690726551480,1013.17365
1690726551520,1013.17737
1690726551540,1013.1776
1690726551583,1013.1761
1690726551620,1013.1809
1690726551643,1013.1771
1690726551680,1013.18036
1690726551725,1013.1841
1690726551740,1013.1858
1690726551779,1013.18896
1690726551820,1013.1899
1690726551841,1013.18585
1690726551880,1013.1834
1690726551921,1013.17017
1690726551940,1013.16846
1690726551980,1013.1723
1690726552020,1013.16595
1690726552040,1013.17255
1690726552080,1013.1753
1690726552119,1013.174
1690726552140,1013.1811
1690726552180,1013.18097
1690726552221,1013.1856
1690726552239,1013.1841
1690726552279,1013.18274
1690726552319,1013.18164
1690726552339,1013.18195
1690726552379,1013.1762
1690726552420,1013.1749
1690726552440,1013.1834
1690726552480,1013.1767
1690726552519,1013.16833
1690726552540,1013.16864
1690726552582,1013.1681
1690726552620,1013.16656
1690726552640,1013.17084
1690726552680,1013.17554
1690726552720,1013.1704
1690726552740,1013.1699
1690726552781,1013.17786
1690726552820,1013.1797
1690726552840,1013.185
1690726552880,1013.1787
1690726552920,1013.1716
1690726552939,1013.16406
1690726552981,1013.168
1690726553020,1013.1721
1690726553040,1013.17786
1690726553082,1013.17847
1690726553120,1013.1757
1690726553140,1013.1725
1690726553179,1013.1777
1690726553219,1013.17334
1690726553242,1013.1627
1690726553279,1013.16364
1690726553319,1013.1671
1690726553339,1013.16956
1690726553380,1013.1728
1690726553420,1013.1705
1690726553439,1013.1667
1690726553481,1013.1687
1690726553519,1013.17236
1690726553540,1013.1734
1690726553580,1013.17426
1690726553619,1013.17255
1690726553639,1013.1622
1690726553679,1013.1668
1690726553719,1013.16455
1690726553742,1013.1645
1690726553780,1013.1665
1690726553818,1013.166
1690726553839,1013.162
1690726553879,1013.1642
1690726553919,1013.15796
1690726553940,1013.1659
1690726553979,1013.1636
1690726554019,1013.1672
1690726554039,1013.15845
1690726554079,1013.1665
1690726554121,1013.1605
1690726554139,1013.16235
1690726554178,1013.16626
1690726554219,1013.1608
1690726554239,1013.1675
1690726554284,1013.1726
1690726554319,1013.1708
1690726554341,1013.1726
1690726554380,1013.16254
1690726554419,1013.1634
1690726554440,1013.1731
1690726554478,1013.1654
1690726554519,1013.16705
1690726554540,1013.16406
1690726554578,1013.1633
1690726554618,1013.16455
1690726554639,1013.1669
1690726554680,1013.1701
1690726554720,1013.1731
1690726554739,1013.1773
1690726554780,1013.17126
1690726554818,1013.1665
1690726554838,1013.173
1690726554879,1013.16284
1690726554918,1013.16724
1690726554940,1013.1654
1690726554980,1013.1571
1690726555019,1013.1538
1690726555039,1013.14844
1690726555078,1013.14856
1690726555119,1013.15155
1690726555138,1013.1586
1690726555179,1013.15857
1690726555219,1013.15027
1690726555238,1013.1428
1690726555285,1013.1354
1690726555319,1013.1426
1690726555339,1013.1445
1690726555384,1013.14
1690726555418,1013.1546
1690726555438,1013.1527
1690726555480,1013.14624
1690726555520,1013.153
1690726555539,1013.15454
1690726555578,1013.15
1690726555617,1013.15454
1690726555637,1013.153
1690726555677,1013.15857
1690726555718,1013.16644
1690726555741,1013.1598
1690726555779,1013.15717
1690726555817,1013.15
1690726555838,1013.1487
1690726555880,1013.14966
1690726555918,1013.1528
1690726555940,1013.1636
1690726555979,1013.15436
1690726556018,1013.15625
1690726556038,1013.13855
1690726556079,1013.13824
1690726556118,1013.14014
1690726556139,1013.1465
1690726556179,1013.14746
1690726556219,1013.1449
1690726556238,1013.1335
1690726556280,1013.1397
1690726556317,1013.1513
1690726556338,1013.1692
1690726556383,1013.1416
1690726556417,1013.1316
1690726556438,1013.14087
1690726556478,1013.1548
1690726556517,1013.1496
1690726556537,1013.1407
1690726556582,1013.13513
1690726556617,1013.1476
1690726556638,1013.1434
1690726556678,1013.13904
1690726556717,1013.1413
1690726556738,1013.1439
1690726556779,1013.1425
1690726556816,1013.1406
1690726556837,1013.1362
1690726556878,1013.1412
1690726556917,1013.1415
1690726556937,1013.1459
1690726556978,1013.13904
1690726557018,1013.13837
1690726557037,1013.13745
1690726557080,1013.1404
1690726557117,1013.1426
1690726557138,1013.14856
1690726557177,1013.1405
1690726557217,1013.13477
1690726557237,1013.14417
1690726557282,1013.1388
1690726557317,1013.1344
1690726557337,1013.1219
1690726557394,1013.127
1690726557418,1013.12964
1690726557437,1013.12744
1690726557478,1013.12415
1690726557517,1013.1212
1690726557536,1013.11847
1690726557578,1013.11865
1690726557619,1013.11456
1690726557638,1013.1275
1690726557678,1013.12415
1690726557717,1013.12573
1690726557737,1013.1224
1690726557776,1013.12085
1690726557816,1013.11884
1690726557836,1013.1177
1690726557880,1013.11304
1690726557921,1013.1074
1690726557938,1013.09845
1690726557977,1013.10175
1690726558018,1013.10754
1690726558038,1013.10596
1690726558080,1013.1045
1690726558116,1013.1011
1690726558139,1013.10443
1690726558179,1013.1075
1690726558222,1013.10223
1690726558236,1013.09766
1690726558276,1013.1029
1690726558316,1013.10474
1690726558336,1013.11615
1690726558380,1013.11993
1690726558419,1013.12634
1690726558437,1013.1262
1690726558477,1013.1355
1690726558516,1013.1392
1690726558536,1013.1255
1690726558577,1013.1241
1690726558617,1013.1292
1690726558657,1013.1311
1690726558678,1013.1305
1690726558716,1013.1299
1690726558758,1013.1272
1690726558776,1013.1228
1690726558816,1013.12305
1690726558857,1013.1321
1690726558878,1013.12756
1690726558917,1013.124
1690726558941,1013.1221
1690726558976,1013.1218
1690726559018,1013.1237
1690726559039,1013.1298
1690726559076,1013.1317
1690726559115,1013.1337
1690726559157,1013.13306
1690726559184,1013.13226
1690726559216,1013.1354
1690726559236,1013.1328
1690726559276,1013.1373
1690726559317,1013.1354
1690726559355,1013.12305
1690726559377,1013.1222
1690726559417,1013.125
1690726559456,1013.1299
1690726559476,1013.13336
1690726559518,1013.13403
1690726559556,1013.13477
1690726559579,1013.1374
1690726559616,1013.14484
1690726559656,1013.14233
1690726559676,1013.1374
1690726559716,1013.134
1690726559757,1013.1373
1690726559777,1013.13074
1690726559816,1013.13184
1690726559856,1013.1367
1690726559877,1013.1335
1690726559916,1013.1393
1690726559958,1013.14026
1690726559978,1013.1316
1690726560019,1013.1283
1690726560057,1013.1317
1690726560075,1013.1329
1690726560115,1013.11816
1690726560157,1013.11755
1690726560179,1013.123
1690726560215,1013.12054
1690726560256,1013.1273
1690726560275,1013.1372
1690726560315,1013.13403
1690726560355,1013.12256
1690726560375,1013.1315
1690726560415,1013.12933
1690726560456,1013.1178
1690726560476,1013.1154
1690726560516,1013.1276
1690726560557,1013.1358
1690726560575,1013.13525
1690726560615,1013.1431
1690726560656,1013.13495
1690726560675,1013.13446
1690726560715,1013.13477
1690726560756,1013.1277
1690726560777,1013.12915
1690726560815,1013.1306
1690726560857,1013.14246
1690726560876,1013.14734
1690726560916,1013.1433
1690726560955,1013.1414
1690726560976,1013.14026
1690726561016,1013.1323
1690726561055,1013.13525
1690726561074,1013.13837
1690726561116,1013.1404
1690726561155,1013.1384
1690726561176,1013.1308
1690726561215,1013.1245
1690726561256,1013.1299
1690726561275,1013.1284
1690726561314,1013.1316
1690726561356,1013.13074
1690726561377,1013.1334
1690726561416,1013.131
1690726561458,1013.128
1690726561475,1013.1304
1690726561514,1013.12854
1690726561556,1013.13947
1690726561576,1013.1366
1690726561615,1013.13135
1690726561656,1013.13477
1690726561676,1013.129
1690726561715,1013.1323
1690726561754,1013.12787
1690726561774,1013.1242
1690726561814,1013.12756
1690726561855,1013.1302
1690726561875,1013.13214
1690726561915,1013.12494
1690726561955,1013.13196
1690726561975,1013.134
1690726562014,1013.1336
1690726562055,1013.1244
1690726562075,1013.1228
1690726562115,1013.12384
1690726562156,1013.1275
1690726562179,1013.1274
1690726562215,1013.1297
1690726562255,1013.1252
1690726562276,1013.1329
1690726562314,1013.1289
1690726562353,1013.1274
1690726562376,1013.12604
1690726562415,1013.12384
1690726562455,1013.12805
1690726562476,1013.1248
1690726562515,1013.12933
1690726562557,1013.12646
1690726562579,1013.1235
1690726562616,1013.1158
1690726562655,1013.12317
1690726562675,1013.1245
1690726562719,1013.13074
1690726562756,1013.1295
1690726562774,1013.1364
1690726562814,1013.13074
1690726562854,1013.12836
1690726562877,1013.13245
1690726562914,1013.1334
1690726562958,1013.1277
1690726562975,1013.12976
1690726563015,1013.1273
1690726563054,1013.12756
1690726563074,1013.13007
1690726563114,1013.12646
1690726563155,1013.1294
1690726563175,1013.12286
1690726563214,1013.1292
1690726563254,1013.1311
1690726563275,1013.12805
1690726563314,1013.1282
1690726563354,1013.12646
1690726563375,1013.12555
1690726563414,1013.1246
1690726563453,1013.12787
1690726563473,1013.1271
1690726563514,1013.1337
1690726563555,1013.1247
1690726563574,1013.1398
1690726563615,1013.1388
1690726563655,1013.1367
1690726563675,1013.14197
1690726563714,1013.14557
1690726563754,1013.1426
1690726563776,1013.1401
1690726563814,1013.14734
1690726563853,1013.1426
1690726563874,1013.1401
1690726563913,1013.1394
1690726563954,1013.1361
1690726563973,1013.1394
1690726564014,1013.1367
1690726564053,1013.1292
1690726564075,1013.12744
1690726564115,1013.13336
1690726564154,1013.1371
1690726564173,1013.137
1690726564213,1013.13525
1690726564254,1013.135
1690726564274,1013.1257
1690726564322,1013.13055
1690726564353,1013.136
1690726564374,1013.1373
1690726564416,1013.1439
1690726564455,1013.1475
1690726564474,1013.14655
1690726564514,1013.142
1690726564555,1013.1361
1690726564574,1013.1345
1690726564615,1013.1384
1690726564655,1013.1338
1690726564676,1013.1366
1690726564716,1013.129
1690726564755,1013.1289
1690726564773,1013.1286
1690726564813,1013.1241
1690726564854,1013.13385
1690726564873,1013.14105
1690726564913,1013.1499
1690726564956,1013.15015
1690726564975,1013.148
1690726565014,1013.141
1690726565054,1013.1325
1690726565074,1013.1302
1690726565113,1013.1339
1690726565154,1013.1351
1690726565173,1013.13226
1690726565213,1013.1324
1690726565253,1013.13104
1690726565272,1013.12805
1690726565313,1013.1196
1690726565355,1013.12427
1690726565373,1013.1273
1690726565413,1013.1278
1690726565455,1013.1277
1690726565474,1013.12695
1690726565513,1013.1293
1690726565555,1013.1311
1690726565573,1013.1374
1690726565613,1013.1372
1690726565652,1013.13605
1690726565674,1013.1234
1690726565716,1013.12714
1690726565755,1013.13495
1690726565775,1013.13806
1690726565813,1013.13824
1690726565853,1013.13226
1690726565872,1013.12616
1690726565915,1013.12805
1690726565952,1013.1266
1690726565972,1013.12415
1690726566015,1013.1305
1690726566051,1013.13477
1690726566072,1013.1413
1690726566113,1013.14746
1690726566153,1013.14014
1690726566173,1013.14026
1690726566213,1013.1303
1690726566252,1013.1276
1690726566273,1013.12946
1690726566316,1013.1352
1690726566351,1013.1312
1690726566372,1013.1262
1690726566413,1013.1267
1690726566454,1013.12146
1690726566473,1013.1206
1690726566514,1013.11926
1690726566551,1013.12286
1690726566573,1013.1196
1690726566614,1013.1225
1690726566656,1013.133
1690726566672,1013.1256
1690726566714,1013.11914
1690726566753,1013.1212
1690726566773,1013.12744
1690726566813,1013.1288
1690726566851,1013.1289
1690726566873,1013.1299
1690726566912,1013.1362
1690726566952,1013.14307
1690726566973,1013.1426
1690726567012,1013.14325
1690726567052,1013.1505
1690726567074,1013.1467
1690726567111,1013.1373
1690726567151,1013.146
1690726567171,1013.16046
1690726567213,1013.1659
1690726567252,1013.1581
1690726567274,1013.1576
1690726567311,1013.1397
1690726567351,1013.1311
1690726567372,1013.1312
1690726567412,1013.1252
1690726567454,1013.11487
1690726567476,1013.1237
1690726567511,1013.1229
1690726567552,1013.1288
1690726567573,1013.12885
1690726567612,1013.13135
1690726567653,1013.1275
1690726567675,1013.12805
1690726567711,1013.1222
1690726567752,1013.1167
1690726567772,1013.1305
1690726567817,1013.1338
1690726567853,1013.1218
1690726567872,1013.1235
1690726567911,1013.1246
1690726567951,1013.1313
1690726567971,1013.1215
1690726568012,1013.1246
1690726568065,1013.1294
1690726568072,1013.13055
1690726568111,1013.1312
1690726568152,1013.1295
1690726568174,1013.1173
1690726568211,1013.11346
1690726568252,1013.11804
1690726568272,1013.1194
1690726568317,1013.118
1690726568350,1013.1271
1690726568370,1013.1247
1690726568413,1013.1232
1690726568454,1013.1243
1690726568473,1013.1301
1690726568510,1013.1311
1690726568553,1013.1375
1690726568572,1013.14
1690726568611,1013.14105
1690726568652,1013.1383
1690726568671,1013.1355
1690726568711,1013.1389
1690726568751,1013.1338
1690726568772,1013.13525
1690726568811,1013.132
1690726568850,1013.13873
1690726568870,1013.13446
1690726568911,1013.1378
1690726568952,1013.14404
1690726568970,1013.1367
1690726569011,1013.126
1690726569056,1013.1187
1690726569072,1013.12195
1690726569110,1013.1151
1690726569152,1013.11584
1690726569170,1013.12317
1690726569212,1013.125
1690726569251,1013.13104
1690726569271,1013.1247
1690726569314,1013.12
1690726569350,1013.11914
1690726569370,1013.1188
1690726569410,1013.11584
1690726569452,1013.11597
1690726569471,1013.11346
1690726569510,1013.1107
1690726569550,1013.11566
1690726569572,1013.12476
1690726569613,1013.12354
1690726569650,1013.1211
1690726569672,1013.1237
1690726569710,1013.11365
1690726569752,1013.1063
1690726569770,1013.11
1690726569817,1013.11816
1690726569850,1013.12427
1690726569870,1013.1233
1690726569916,1013.1239
1690726569950,1013.1258
1690726569971,1013.12244
1690726570011,1013.1244
1690726570050,1013.1204
1690726570070,1013.12036
1690726570110,1013.1135
1690726570150,1013.11145
1690726570170,1013.11615
1690726570210,1013.1227
1690726570252,1013.1237
1690726570271,1013.1201
1690726570312,1013.1179
1690726570349,1013.1148
1690726570372,1013.11633
1690726570412,1013.1184
1690726570450,1013.1253
1690726570471,1013.1208
1690726570510,1013.1166
1690726570550,1013.112
1690726570570,1013.11523
1690726570610,1013.11566
1690726570649,1013.10657
1690726570670,1013.10547
1690726570711,1013.1078
1690726570750,1013.10864
1690726570770,1013.1151
1690726570810,1013.1192
1690726570850,1013.11224
1690726570870,1013.10535
1690726570909,1013.10913
1690726570950,1013.11115
1690726570969,1013.10596
1690726571010,1013.1065
1690726571050,1013.1029
1690726571070,1013.1019
1690726571110,1013.10516
1690726571151,1013.1083
1690726571171,1013.10736
1690726571209,1013.09906
1690726571250,1013.10095
1690726571269,1013.1003
1690726571309,1013.1052
1690726571348,1013.1102
1690726571369,1013.1039
1690726571410,1013.11053
1690726571449,1013.0982
1690726571469,1013.0964
1690726571509,1013.09894
1690726571550,1013.1037
1690726571571,1013.1146
1690726571611,1013.1079
1690726571649,1013.1031
1690726571672,1013.1
1690726571709,1013.103
1690726571749,1013.10876
1690726571769,1013.1054
1690726571814,1013.1069
1690726571849,1013.09357
1690726571869,1013.1
1690726571909,1013.10443
1690726571950,1013.1068
1690726571970,1013.1036
1690726572009,1013.10095
1690726572049,1013.10864
1690726572070,1013.1063
1690726572109,1013.11096
1690726572149,1013.1058
1690726572170,1013.1118
1690726572209,1013.1112
1690726572248,1013.11127
1690726572271,1013.11096
1690726572308,1013.10315
1690726572348,1013.10724
1690726572370,1013.10504
1690726572409,1013.10956
1690726572450,1013.10486
1690726572469,1013.10913
1690726572508,1013.1164
1690726572549,1013.11194
1690726572569,1013.1069
1690726572610,1013.1108
1690726572648,1013.1123
1690726572668,1013.11896
1690726572710,1013.1226
1690726572749,1013.1249
1690726572769,1013.1232
1690726572808,1013.11847
1690726572848,1013.12317
1690726572868,1013.12585
1690726572908,1013.124
1690726572950,1013.1284
1690726572970,1013.1233
1690726573009,1013.1174
1690726573050,1013.11426
1690726573073,1013.1117
1690726573109,1013.1043
1690726573149,1013.09937
1690726573168,1013.09515
1690726573211,1013.0941
1690726573251,1013.0979
1690726573269,1013.1056
1690726573308,1013.099
1690726573349,1013.1012
1690726573369,1013.103
1690726573409,1013.1061
1690726573449,1013.0996
1690726573469,1013.09406
1690726573508,1013.10724
1690726573549,1013.1136
1690726573568,1013.1138
1690726573609,1013.1067
1690726573651,1013.10455
1690726573669,1013.10205
1690726573708,1013.1102
1690726573748,1013.1056
1690726573768,1013.10565
1690726573807,1013.10913
1690726573847,1013.11615
1690726573868,1013.10486
1690726573913,1013.10925
1690726573948,1013.11
1690726573968,1013.11084
1690726574008,1013.10706
1690726574050,1013.1094
1690726574069,1013.1089
1690726574110,1013.1125
1690726574149,1013.1089
1690726574167,1013.1117
1690726574209,1013.1196
1690726574248,1013.127
1690726574267,1013.11755
1690726574313,1013.1217
1690726574348,1013.11365
1690726574368,1013.1112
1690726574408,1013.11145
1690726574450,1013.11316
1690726574470,1013.1157
1690726574509,1013.115
1690726574548,1013.10864
1690726574568,1013.10754
1690726574611,1013.0988
1690726574647,1013.1063
1690726574668,1013.1057
1690726574708,1013.1101
1690726574747,1013.1003
1690726574767,1013.1039
1690726574812,1013.10046
1690726574847,1013.10114
1690726574867,1013.1057
1690726574912,1013.0892
1690726574948,1013.08765
1690726574967,1013.09656
1690726575008,1013.093
1690726575050,1013.0889
1690726575069,1013.08344
1690726575108,1013.0935
1690726575148,1013.10175
1690726575169,1013.0993
1690726575208,1013.0886
1690726575251,1013.0854
1690726575268,1013.0888
1690726575312,1013.0934
1690726575347,1013.1005
1690726575367,1013.0992
1690726575409,1013.08887
1690726575447,1013.08923
1690726575468,1013.0886
1690726575509,1013.0883
1690726575548,1013.09033
1690726575568,1013.0873
1690726575611,1013.0881
1690726575647,1013.08545
1690726575668,1013.0779
1690726575707,1013.0837
1690726575746,1013.08545
1690726575767,1013.08765
1690726575815,1013.098
1690726575846,1013.0939
1690726575866,1013.0835
1690726575912,1013.0796
1690726575947,1013.07715
1690726575967,1013.0787
1690726576009,1013.08386
1690726576047,1013.0825
1690726576069,1013.0887
1690726576110,1013.08606
1690726576148,1013.09375
1690726576166,1013.0902
1690726576208,1013.09607
1690726576247,1013.0857
1690726576267,1013.07996
1690726576309,1013.078
1690726576348,1013.079
1690726576369,1013.08276
1690726576406,1013.0894
1690726576448,1013.09326
1690726576471,1013.0832
1690726576506,1013.09094
1690726576546,1013.09924
1690726576566,1013.1028
1690726576607,1013.10706
1690726576647,1013.09674
1690726576667,1013.0852
1690726576708,1013.08
1690726576746,1013.0838
1690726576766,1013.0823
1690726576808,1013.0857
1690726576845,1013.08484
1690726576867,1013.08624
1690726576909,1013.0857
1690726576947,1013.0867
1690726576966,1013.0938
1690726577006,1013.09296
1690726577047,1013.0951
1690726577067,1013.08386
1690726577107,1013.07837
1690726577147,1013.07635
1690726577167,1013.07526
1690726577206,1013.0789
1690726577248,1013.0801
1690726577269,1013.0812
1690726577306,1013.083
1690726577345,1013.08295
1690726577365,1013.0786
1690726577407,1013.08856
1690726577446,1013.08826
1690726577467,1013.0765
1690726577507,1013.08215
1690726577546,1013.0844
1690726577566,1013.0846
1690726577606,1013.08246
1690726577648,1013.0857
1690726577666,1013.08215
1690726577708,1013.09235
1690726577746,1013.0915
1690726577767,1013.0815
1690726577805,1013.0811
1690726577845,1013.08344
1690726577866,1013.0838
1690726577910,1013.08887
1690726577946,1013.08514
1690726577966,1013.08734
1690726578006,1013.07465
1690726578057,1013.0642
1690726578065,1013.0625
1690726578108,1013.06793
1690726578147,1013.0728
1690726578166,1013.07117
1690726578208,1013.0772
1690726578247,1013.0825
1690726578265,1013.08185
1690726578306,1013.08154
1690726578345,1013.0845
1690726578364,1013.0823
1690726578423,1013.0844
1690726578445,1013.09174
1690726578465,1013.088
1690726578506,1013.0907
1690726578545,1013.08673
1690726578566,1013.0885
1690726578605,1013.08704
1690726578645,1013.07544
1690726578665,1013.0846
1690726578708,1013.07764
1690726578745,1013.07837
1690726578765,1013.078
1690726578806,1013.0844
1690726578845,1013.0762
1690726578865,1013.074
1690726578905,1013.07227
1690726578945,1013.07324
1690726578967,1013.0776
1690726579005,1013.0739
1690726579047,1013.0704
1690726579066,1013.07947
1690726579105,1013.06775
1690726579146,1013.06445
1690726579165,1013.0674
1690726579207,1013.07715
1690726579245,1013.0776
1690726579266,1013.0766
1690726579306,1013.0752
1690726579344,1013.07306
1690726579365,1013.07587
1690726579405,1013.08093
1690726579444,1013.0844
1690726579465,1013.08136
1690726579505,1013.0855
1690726579546,1013.08057
1690726579565,1013.0917
1690726579605,1013.0949
1690726579644,1013.0925
1690726579665,1013.094
1690726579705,1013.1009
1690726579751,1013.10364
1690726579766,1013.103
1690726579804,1013.10803
1690726579844,1013.1014
1690726579864,1013.1076
1690726579905,1013.11444
1690726579944,1013.1096
1690726579964,1013.1135
1690726580005,1013.1217
1690726580047,1013.1218
1690726580071,1013.125
1690726580104,1013.12933
1690726580144,1013.1299
1690726580164,1013.13574
1690726580207,1013.138
1690726580245,1013.1371
1690726580266,1013.1384
1690726580306,1013.1366
1690726580344,1013.1451
1690726580364,1013.1382
1690726580406,1013.1412
1690726580446,1013.148
1690726580485,1013.15234
1690726580506,1013.14844
1690726580544,1013.149
1690726580586,1013.15186
1690726580607,1013.15686
1690726580645,1013.15607
1690726580685,1013.1489
1690726580704,1013.14825
1690726580744,1013.156
1690726580785,1013.1555
1690726580805,1013.1542
1690726580844,1013.16516
1690726580884,1013.1677
1690726580904,1013.16846
1690726580944,1013.178
1690726580984,1013.17236
1690726581004,1013.16956
1690726581044,1013.1682
1690726581085,1013.17426
1690726581104,1013.17096
1690726581144,1013.1666
1690726581186,1013.16516
1690726581204,1013.1562
1690726581246,1013.1671
1690726581290,1013.17236
1690726581303,1013.17456
1690726581344,1013.1786
1690726581383,1013.177
1690726581404,1013.17706
1690726581444,1013.1806
1690726581485,1013.17725
1690726581505,1013.171
1690726581545,1013.16736
1690726581585,1013.18494
1690726581606,1013.1838
1690726581644,1013.1819
1690726581684,1013.1816
1690726581708,1013.17957
1690726581745,1013.1776
1690726581783,1013.1743
1690726581803,1013.1704
1690726581845,1013.171
1690726581885,1013.177
1690726581904,1013.18286
1690726581945,1013.1888
1690726581985,1013.1894
1690726582004,1013.18115
1690726582044,1013.1848
1690726582084,1013.18744
1690726582103,1013.18524
1690726582144,1013.1863
1690726582184,1013.2041
1690726582207,1013.1983
1690726582243,1013.19714
1690726582285,1013.1854
1690726582303,1013.1906
1690726582343,1013.1992
1690726582383,1013.1988
1690726582406,1013.2068
1690726582444,1013.2066
1690726582484,1013.2081
1690726582504,1013.2017
1690726582544,1013.1947
1690726582585,1013.19836
1690726582604,1013.19556
1690726582644,1013.1992
1690726582686,1013.1997
1690726582704,1013.2014
1690726582745,1013.2045
1690726582783,1013.21423
1690726582805,1013.21564
1690726582845,1013.2156
1690726582882,1013.2169
1690726582903,1013.2185
1690726582945,1013.2188
1690726582984,1013.22504
1690726583004,1013.22595
1690726583043,1013.228
1690726583084,1013.2291
1690726583105,1013.2189
1690726583144,1013.21533
1690726583184,1013.2169
1690726583203,1013.2296
1690726583243,1013.2374
1690726583286,1013.2387
1690726583304,1013.23535
1690726583345,1013.2413
1690726583383,1013.23944
1690726583403,1013.2384
1690726583444,1013.2411
1690726583484,1013.24304
1690726583504,1013.23975
1690726583545,1013.23737
1690726583584,1013.24335
1690726583603,1013.2522
1690726583645,1013.2551
1690726583687,1013.25946
1690726583703,1013.2606
1690726583743,1013.2612
1690726583785,1013.2573
1690726583806,1013.2538
1690726583846,1013.262
1690726583882,1013.26416
1690726583902,1013.2668
1690726583943,1013.26996
1690726583983,1013.27075
1690726584004,1013.2706
1690726584045,1013.2709
1690726584083,1013.2672
1690726584102,1013.2731
1690726584144,1013.2755
1690726584183,1013.275
1690726584202,1013.2809
1690726584242,1013.2783
1690726584284,1013.2798
1690726584304,1013.28296
1690726584343,1013.2832
1690726584382,1013.2818
1690726584402,1013.274
1690726584443,1013.2745
1690726584483,1013.2833
1690726584502,1013.28674
1690726584542,1013.2898
1690726584583,1013.2953
1690726584603,1013.2865
1690726584644,1013.2894
1690726584682,1013.28735
1690726584703,1013.2851
1690726584742,1013.2888
1690726584784,1013.28613
1690726584806,1013.28784
1690726584841,1013.29297
1690726584883,1013.28876
1690726584904,1013.2946
1690726584942,1013.2996
1690726584983,1013.2981
1690726585003,1013.2939
1690726585041,1013.29205
1690726585083,1013.2968
1690726585102,1013.3021
1690726585143,1013.3032
1690726585182,1013.29285
1690726585203,1013.29553
1690726585242,1013.30084
1690726585282,1013.2964
1690726585304,1013.2884
1690726585343,1013.29285
1690726585382,1013.3002
1690726585402,1013.30457
1690726585441,1013.2882
1690726585483,1013.28625
1690726585502,1013.2913
1690726585541,1013.2904
1690726585584,1013.2859
1690726585602,1013.2963
1690726585642,1013.29486
1690726585682,1013.2961
1690726585702,1013.3021
1690726585743,1013.3104
1690726585782,1013.30774
1690726585801,1013.3026
1690726585840,1013.3076
1690726585882,1013.3071
1690726585904,1013.31177
1690726585941,1013.30945
1690726585982,1013.3069
1690726586001,1013.3108
1690726586044,1013.3054
1690726586082,1013.3013
1690726586102,1013.2989
1690726586142,1013.3072
1690726586185,1013.3128
1690726586201,1013.3089
1690726586242,1013.3073
1690726586283,1013.3033
1690726586302,1013.30853
1690726586340,1013.30945
1690726586381,1013.30536
1690726586400,1013.30347
1690726586442,1013.31006
1690726586483,1013.3274
1690726586501,1013.322
1690726586542,1013.32306
1690726586580,1013.3345
1690726586601,1013.33405
1690726586642,1013.33563
1690726586682,1013.3151
1690726586701,1013.31445
1690726586740,1013.31274
1690726586781,1013.3187
1690726586802,1013.3196
1690726586846,1013.31445
1690726586885,1013.32104
1690726586902,1013.3078
1690726586941,1013.3055
1690726586983,1013.3125
1690726587003,1013.31647
1690726587042,1013.31366
1690726587080,1013.3185
1690726587102,1013.3193
1690726587141,1013.31903
1690726587182,1013.32666
1690726587201,1013.3217
1690726587241,1013.3319
1690726587281,1013.32623
1690726587300,1013.3329
1690726587347,1013.3307
1690726587380,1013.3286
1690726587400,1013.32874
1690726587443,1013.3327
1690726587480,1013.33325
1690726587500,1013.3341
1690726587542,1013.3323
1690726587581,1013.33545
1690726587600,1013.3319
1690726587644,1013.3219
1690726587681,1013.3246
1690726587700,1013.333
1690726587741,1013.3355
1690726587782,1013.338
1690726587801,1013.3423
1690726587845,1013.3394
1690726587880,1013.3266
1690726587901,1013.3366
1690726587942,1013.3425
1690726587981,1013.3464
1690726588000,1013.34656
1690726588041,1013.3425
1690726588080,1013.3517
1690726588103,1013.3561
1690726588141,1013.3433
1690726588181,1013.3451
1690726588202,1013.3385
1690726588240,1013.3356
1690726588281,1013.3363
1690726588300,1013.33374
1690726588343,1013.33405
1690726588379,1013.3413
1690726588399,1013.3595
1690726588441,1013.357
1690726588481,1013.3667
1690726588503,1013.3604
1690726588540,1013.35486
1690726588580,1013.3518
1690726588601,1013.35645
1690726588641,1013.35876
1690726588680,1013.3563
1690726588701,1013.3618
1690726588740,1013.3609
1690726588780,1013.3543
1690726588800,1013.3523
1690726588843,1013.35266
1690726588879,1013.35425
1690726588899,1013.3564
1690726588940,1013.36646
1690726588981,1013.36786
1690726589002,1013.36884
1690726589041,1013.3622
1690726589080,1013.3629
1690726589100,1013.36523
1690726589140,1013.36945
1690726589179,1013.3733
1690726589200,1013.3744
1690726589240,1013.3672
1690726589279,1013.3672
1690726589299,1013.36273
1690726589344,1013.3687
1690726589379,1013.375
1690726589399,1013.3695
1690726589443,1013.36755
1690726589480,1013.37555
1690726589501,1013.37244
1690726589540,1013.3684
1690726589580,1013.36816
1690726589602,1013.3723
1690726589642,1013.3669
1690726589680,1013.3618
1690726589700,1013.3655
1690726589739,1013.36237
1690726589780,1013.35223
1690726589813,1013.36536
1690726589852,1013.3692
1690726589879,1013.36847
1690726589899,1013.37805
1690726589945,1013.3774
1690726589979,1013.3755
1690726589999,1013.3632
1690726590040,1013.3561
1690726590078,1013.3564
1690726590099,1013.36444
1690726590139,1013.3764
1690726590182,1013.3739
1690726590199,1013.3752
1690726590246,1013.3723
1690726590278,1013.3623
1690726590299,1013.36804
1690726590341,1013.37177
1690726590378,1013.36816
1690726590399,1013.37524
1690726590439,1013.37585
1690726590479,1013.3792
1690726590502,1013.38135
1690726590538,1013.38074
1690726590579,1013.38965
1690726590599,1013.38806
1690726590639,1013.3853
1690726590679,1013.3838
1690726590698,1013.3866
1690726590739,1013.3861
1690726590780,1013.3862
1690726590799,1013.38257
1690726590838,1013.3812
1690726590878,1013.3823
1690726590898,1013.37946
1690726590940,1013.3778
1690726590980,1013.383
1690726590998,1013.3845
1690726591038,1013.3872
1690726591078,1013.3965
1690726591099,1013.3992
1690726591140,1013.38574
1690726591179,1013.3822
1690726591198,1013.3899
1690726591240,1013.39343
1690726591279,1013.38434
1690726591298,1013.3868
1690726591340,1013.38416
1690726591379,1013.3784
1690726591398,1013.37494
1690726591438,1013.3762
1690726591478,1013.3801
1690726591499,1013.38074
1690726591538,1013.3815
1690726591578,1013.38293
1690726591598,1013.3853
1690726591639,1013.37836
1690726591678,1013.38306
1690726591700,1013.38586
1690726591739,1013.3783
1690726591782,1013.375
1690726591798,1013.3704
1690726591838,1013.36865
1690726591877,1013.3773
1690726591897,1013.3747
1690726591940,1013.3768
1690726591978,1013.37634
1690726591999,1013.3688
1690726592039,1013.3802
1690726592081,1013.3829
1690726592098,1013.3884
1690726592138,1013.3865
1690726592178,1013.37646
1690726592198,1013.376
1690726592239,1013.3817
1690726592278,1013.3921
1690726592299,1013.3903
1690726592338,1013.3872
1690726592378,1013.3864
1690726592398,1013.3862
1690726592437,1013.3927
1690726592478,1013.3932
1690726592500,1013.3959
1690726592540,1013.3904
1690726592578,1013.39545
1690726592598,1013.3875
1690726592638,1013.39233
1690726592678,1013.3976
1690726592697,1013.39856
1690726592738,1013.38916
1690726592778,1013.3813
1690726592797,1013.385
1690726592839,1013.37573
1690726592877,1013.3787
1690726592897,1013.3731
1690726592938,1013.3774
1690726592978,1013.37756
1690726592999,1013.3713
1690726593038,1013.3663
1690726593077,1013.36926
1690726593097,1013.37854
1690726593138,1013.37994
1690726593179,1013.37054
1690726593197,1013.37933
1690726593239,1013.3717
1690726593278,1013.3756
1690726593299,1013.3712
1690726593337,1013.3766
1690726593377,1013.36957
1690726593397,1013.37854
1690726593438,1013.37823
1690726593478,1013.38
1690726593498,1013.38086
1690726593538,1013.3801
1690726593578,1013.3789
1690726593597,1013.3803
1690726593638,1013.37634
1690726593677,1013.37286
1690726593698,1013.3689
1690726593737,1013.36975
1690726593778,1013.364
1690726593797,1013.36066
1690726593837,1013.3683
1690726593876,1013.3739
1690726593896,1013.3756
1690726593938,1013.3731
1690726593978,1013.3664
1690726593998,1013.36914
1690726594037,1013.3627
1690726594077,1013.3669
1690726594097,1013.37195
1690726594137,1013.3684
1690726594177,1013.3711
1690726594197,1013.3696
1690726594237,1013.3741
1690726594278,1013.3723
1690726594297,1013.3681
1690726594337,1013.371
1690726594377,1013.37524
1690726594396,1013.374
1690726594436,1013.3691
1690726594477,1013.36865
1690726594497,1013.36896
1690726594536,1013.3531
1690726594578,1013.3609
1690726594597,1013.3558
1690726594639,1013.3533
1690726594677,1013.35657
1690726594697,1013.35565
1690726594736,1013.3616
1690726594776,1013.365
1690726594797,1013.36237
1690726594837,1013.36176
1690726594876,1013.3608
1690726594898,1013.36456
1690726594937,1013.361
1690726594977,1013.3695
1690726594999,1013.36755
1690726595037,1013.36597
1690726595077,1013.36035
1690726595097,1013.36
1690726595137,1013.36346
1690726595177,1013.3644
1690726595198,1013.35913
1690726595238,1013.36633
1690726595277,1013.36804
1690726595296,1013.3661
1690726595338,1013.37476
1690726595375,1013.37115
1690726595395,1013.3617
1690726595438,1013.3641
1690726595477,1013.36444
1690726595497,1013.3643
1690726595536,1013.364
1690726595576,1013.355
1690726595598,1013.3409
1690726595639,1013.348
1690726595676,1013.34155
1690726595697,1013.3451
1690726595736,1013.3474
1690726595777,1013.3531
1690726595796,1013.35034
1690726595838,1013.3498
1690726595877,1013.3475
1690726595896,1013.3479
1690726595939,1013.3448
1690726595975,1013.34125
1690726595997,1013.3438
1690726596038,1013.34955
1690726596077,1013.35474
1690726596098,1013.3497
1690726596137,1013.349
1690726596175,1013.3454
1690726596196,1013.3506
1690726596237,1013.3399
1690726596276,1013.34094
1690726596296,1013.3451
1690726596335,1013.33923
1690726596376,1013.3462
1690726596395,1013.3502
1690726596435,1013.34546
1690726596475,1013.3525
1690726596498,1013.35596
1690726596536,1013.36
1690726596575,1013.355
1690726596595,1013.3453
1690726596638,1013.3461
1690726596681,1013.35297
1690726596697,1013.3575
1690726596735,1013.3555
1690726596776,1013.3596
1690726596795,1013.34814
1690726596836,1013.35114
1690726596877,1013.3441
1690726596896,1013.35095
1690726596935,1013.3451
1690726596975,1013.3434
1690726596996,1013.34406
1690726597035,1013.3456
1690726597076,1013.33575
1690726597096,1013.3366
1690726597137,1013.34546
1690726597176,1013.3501
1690726597196,1013.3565
1690726597236,1013.3564
1690726597277,1013.35187
1690726597298,1013.3592
1690726597335,1013.35986
1690726597380,1013.354
1690726597394,1013.3624
1690726597435,1013.3655
1690726597478,1013.3569
1690726597495,1013.35364
1690726597535,1013.3565
1690726597575,1013.3509
1690726597594,1013.35596
1690726597635,1013.3607
1690726597675,1013.35504
1690726597695,1013.35406
1690726597735,1013.3541
1690726597776,1013.34924
1690726597796,1013.35596
1690726597834,1013.3606
1690726597875,1013.3586
1690726597895,1013.36
1690726597936,1013.36743
1690726597975,1013.35724
1690726597995,1013.37286
1690726598035,1013.37146
1690726598075,1013.38245
1690726598094,1013.385
1690726598135,1013.3804
1690726598177,1013.3835
1690726598194,1013.38617
1690726598235,1013.38416
1690726598276,1013.3889
1690726598295,1013.38794
1690726598335,1013.385
1690726598374,1013.3785
1690726598394,1013.37305
1690726598436,1013.37317
1690726598475,1013.38416
1690726598495,1013.3808
1690726598534,1013.3723
1690726598577,1013.3711
1690726598595,1013.37225
1690726598634,1013.37665
1690726598675,1013.376
1690726598694,1013.3684
1690726598735,1013.37537
1690726598777,1013.3716
1690726598795,1013.376
1690726598835,1013.378
1690726598874,1013.37756
1690726598894,1013.3805
1690726598936,1013.3839
1690726598974,1013.38074
1690726598995,1013.3673
1690726599034,1013.3762
1690726599074,1013.3831
1690726599095,1013.383
1690726599135,1013.3859
1690726599174,1013.388
1690726599196,1013.3876
1690726599236,1013.38324
1690726599275,1013.3842
1690726599295,1013.3884
1690726599335,1013.38513
1690726599373,1013.3784
1690726599393,1013.3806
1690726599434,1013.38214
1690726599474,1013.3787
1690726599494,1013.3785
1690726599533,1013.37524
1690726599575,1013.3721
1690726599597,1013.38086
1690726599633,1013.3722
1690726599677,1013.3823
1690726599696,1013.3872
1690726599734,1013.3843
1690726599774,1013.38855
1690726599794,1013.3842
1690726599835,1013.3771
1690726599873,1013.3797
1690726599893,1013.36975
1690726599933,1013.3678
1690726599974,1013.3694
1690726599994,1013.37164
1690726600035,1013.3738
1690726600074,1013.37665
1690726600095,1013.37354
1690726600135,1013.37213
1690726600174,1013.37103
1690726600194,1013.3755
1690726600234,1013.36743
1690726600274,1013.3619
1690726600294,1013.3723
1690726600335,1013.3701
1690726600374,1013.3688
1690726600394,1013.377
1690726600433,1013.3795
1690726600475,1013.379
1690726600494,1013.38324
1690726600536,1013.38025
1690726600574,1013.37964
1690726600595,1013.3743
1690726600634,1013.38367
1690726600675,1013.38306
1690726600695,1013.38306
1690726600733,1013.3826
1690726600775,1013.3823
1690726600794,1013.376
1690726600834,1013.37695
1690726600874,1013.38513
1690726600898,1013.3802
1690726600933,1013.3745
1690726600977,1013.36804
1690726600994,1013.37537
1690726601034,1013.38
1690726601075,1013.3735
1690726601094,1013.37256
1690726601135,1013.37616
1690726601174,1013.3744
1690726601194,1013.37036
1690726601233,1013.3672
1690726601274,1013.363
1690726601294,1013.36475
1690726601334,1013.3716
1690726601374,1013.3795
1690726601392,1013.37915
1690726601434,1013.37537
1690726601478,1013.3777
1690726601493,1013.37646
1690726601532,1013.37695
1690726601573,1013.3725
1690726601594,1013.37573
1690726601634,1013.3826
1690726601673,1013.37665
1690726601693,1013.3772
1690726601735,1013.3778
1690726601775,1013.37915
1690726601793,1013.3745
1690726601834,1013.3723
1690726601878,1013.3706
1690726601892,1013.3679
1690726601934,1013.3765
1690726601974,1013.37634
1690726601993,1013.3706
1690726602033,1013.37335
1690726602073,1013.3777
1690726602093,1013.38477
1690726602137,1013.3824
1690726602173,1013.37866
1690726602193,1013.3782
1690726602234,1013.37415
1690726602273,1013.3721
1690726602315,1013.3801
1690726602333,1013.3823
1690726602373,1013.3801
1690726602413,1013.3779
1690726602433,1013.3707
1690726602476,1013.3755
1690726602514,1013.37915
1690726602534,1013.38043
1690726602572,1013.3801
1690726602614,1013.3903
1690726602633,1013.3855
1690726602673,1013.3815
1690726602713,1013.37915
1690726602732,1013.3793
1690726602772,1013.3805
1690726602813,1013.3811
1690726602833,1013.38525
1690726602872,1013.3802
1690726602911,1013.3723
1690726602933,1013.37555
1690726602973,1013.3844
1690726602993,1013.38885
1690726603033,1013.38525
1690726603073,1013.3803
1690726603112,1013.3789
1690726603132,1013.3792
1690726603174,1013.37866
1690726603212,1013.3814
1690726603232,1013.38184
1690726603273,1013.3755
1690726603312,1013.37756
1690726603333,1013.37115
1690726603373,1013.37115
1690726603411,1013.3722
1690726603431,1013.37036
1690726603472,1013.37646
1690726603512,1013.3737
1690726603533,1013.3717
1690726603571,1013.36804
1690726603612,1013.36975
1690726603633,1013.3749
1690726603672,1013.37506
1690726603713,1013.38196
1690726603734,1013.3685
1690726603772,1013.37115
1690726603814,1013.3717
1690726603832,1013.37494
1690726603874,1013.37775
1690726603911,1013.36194
1690726603932,1013.35583
1690726603974,1013.3547
1690726604011,1013.36194
1690726604032,1013.35767
1690726604071,1013.3576
1690726604112,1013.364
1690726604132,1013.36316
1690726604172,1013.36255
1690726604212,1013.37256
1690726604233,1013.3739
1690726604272,1013.37103
1690726604311,1013.376
1690726604333,1013.3629
1690726604372,1013.363
1690726604410,1013.3662
1690726604430,1013.36475
1690726604479,1013.36566
1690726604512,1013.366
1690726604531,1013.3663
1690726604571,1013.37
1690726604612,1013.3765
1690726604632,1013.3786
1690726604671,1013.3766
1690726604713,1013.3695
1690726604732,1013.37604
1690726604771,1013.3739
1690726604811,1013.36414
1690726604831,1013.36597
1690726604876,1013.37683
1690726604911,1013.3748
1690726604931,1013.376
1690726604981,1013.3692
1690726605010,1013.3673
1690726605030,1013.36835
1690726605073,1013.367
1690726605111,1013.3598
1690726605130,1013.35596
1690726605171,1013.3545
1690726605214,1013.3602
1690726605232,1013.35394
1690726605270,1013.3551
1690726605311,1013.36096
1690726605331,1013.3656
1690726605371,1013.3717
1690726605410,1013.3689
1690726605430,1013.3724
1690726605475,1013.36615
1690726605510,1013.36316
1690726605530,1013.36786
1690726605571,1013.3661
1690726605614,1013.3689
1690726605630,1013.3644
1690726605672,1013.35986
1690726605712,1013.3601
1690726605731,1013.3644
1690726605773,1013.3699
1690726605810,1013.3703
1690726605834,1013.3709
1690726605872,1013.3773
1690726605910,1013.37024
1690726605930,1013.3734
1690726605971,1013.36774
1690726606011,1013.3683
1690726606032,1013.37
1690726606072,1013.3611
1690726606110,1013.359
1690726606130,1013.3709
1690726606170,1013.37354
1690726606211,1013.37854
1690726606230,1013.3768
1690726606271,1013.38135
1690726606310,1013.3761
1690726606330,1013.37366
1690726606372,1013.3713
1690726606409,1013.36993
1690726606430,1013.3699
1690726606472,1013.36694
1690726606510,1013.368
1690726606531,1013.3619
1690726606570,1013.3668
1690726606612,1013.3626
1690726606635,1013.3566
1690726606670,1013.3577
1690726606710,1013.35834
1690726606733,1013.36523
1690726606772,1013.3655
1690726606813,1013.3613
1690726606833,1013.3678
1690726606870,1013.378
1690726606910,1013.3823
1690726606929,1013.3738
1690726606974,1013.3717
1690726607009,1013.37115
1690726607030,1013.37506
1690726607070,1013.3701
1690726607112,1013.3719
1690726607130,1013.37134
1690726607170,1013.3733
1690726607210,1013.3707
1690726607231,1013.3697
1690726607271,1013.36786
1690726607310,1013.3601
1690726607330,1013.36554
1690726607370,1013.36597
1690726607409,1013.3667
1690726607429,1013.36096
1690726607472,1013.35504
1690726607509,1013.354
1690726607530,1013.3516
1690726607570,1013.35187
1690726607612,1013.3552
1690726607630,1013.3616
1690726607669,1013.3544
1690726607709,1013.3514
1690726607730,1013.34753
1690726607769,1013.35675
1690726607809,1013.35846
1690726607830,1013.35223
1690726607870,1013.34485
1690726607909,1013.34406
1690726607932,1013.3469
1690726607971,1013.3509
1690726608011,1013.35614
1690726608030,1013.35925
1690726608070,1013.3615
1690726608111,1013.35864
1690726608129,1013.3531
1690726608169,1013.3484
1690726608212,1013.3452
1690726608229,1013.34467
1690726608270,1013.35834
1690726608310,1013.3599
1690726608330,1013.3511
1690726608369,1013.343
1690726608408,1013.3447
1690726608430,1013.3434
1690726608469,1013.344
1690726608509,1013.3355
1690726608529,1013.34064
1690726608572,1013.3391
1690726608609,1013.3364
1690726608630,1013.32764
1690726608668,1013.3331
1690726608709,1013.3512
1690726608731,1013.35205
1690726608770,1013.341
1690726608812,1013.33136
1690726608835,1013.3364
1690726608869,1013.33966
1690726608908,1013.34937
1690726608929,1013.3502
1690726608973,1013.3401
1690726609009,1013.33826
1690726609028,1013.3386
1690726609070,1013.33496
1690726609109,1013.32886
1690726609130,1013.32477
1690726609169,1013.32587
1690726609209,1013.328
1690726609229,1013.3276
1690726609268,1013.32916
1690726609311,1013.321
1690726609328,1013.32806
1690726609373,1013.3308
1690726609409,1013.334
1690726609428,1013.3382
1690726609468,1013.33484
1690726609508,1013.3318
1690726609528,1013.32434
1690726609570,1013.3193
1690726609610,1013.3185
1690726609629,1013.3158
1690726609669,1013.3141
1690726609711,1013.3189
1690726609729,1013.3142
1690726609770,1013.31177
1690726609809,1013.3164
1690726609828,1013.3097
1690726609869,1013.31494
1690726609907,1013.3168
1690726609927,1013.3161
1690726609968,1013.31226
1690726610009,1013.3093
1690726610029,1013.31085
1690726610069,1013.3132
1690726610108,1013.31903
1690726610129,1013.319
1690726610168,1013.31665
1690726610208,1013.31134
1690726610227,1013.3075
1690726610268,1013.3069
1690726610308,1013.30743
1690726610329,1013.3054
1690726610368,1013.30853
1690726610407,1013.30914
1690726610428,1013.30664
1690726610467,1013.3036
1690726610510,1013.30383
1690726610527,1013.30646
1690726610568,1013.3091
1690726610607,1013.305
1690726610627,1013.3062
1690726610671,1013.30884
1690726610708,1013.303
1690726610727,1013.305
1690726610771,1013.30566
1690726610807,1013.3025
1690726610827,1013.30615
1690726610869,1013.30743
1690726610909,1013.30835
1690726610927,1013.3063
1690726610967,1013.31104
1690726611009,1013.31067
1690726611027,1013.3116
1690726611068,1013.31177
1690726611109,1013.31287
1690726611128,1013.3022
1690726611168,1013.2995
1690726611207,1013.3015
1690726611228,1013.3064
1690726611267,1013.30237
1690726611308,1013.30615
1690726611329,1013.30347
1690726611368,1013.3047
1690726611407,1013.31036
1690726611427,1013.3109
1690726611466,1013.3043
1690726611507,1013.2965
1690726611527,1013.2965
1690726611570,1013.3022
1690726611608,1013.3109
1690726611627,1013.3017
1690726611668,1013.308
1690726611709,1013.31195
1690726611729,1013.30994
1690726611768,1013.306
1690726611807,1013.3128
1690726611831,1013.30963
1690726611867,1013.3005
1690726611909,1013.2964
1690726611927,1013.2958
1690726611968,1013.2969
1690726612009,1013.30347
1690726612028,1013.30884
1690726612067,1013.3074
1690726612108,1013.3023
1690726612127,1013.3115
1690726612167,1013.3076
1690726612207,1013.3131
1690726612227,1013.3108
1690726612267,1013.3029
1690726612309,1013.3048
1690726612327,1013.30255
1690726612367,1013.29956
1690726612407,1013.30286
1690726612427,1013.3002
1690726612466,1013.2982
1690726612507,1013.3065
1690726612526,1013.31146
1690726612568,1013.3027
1690726612608,1013.2995
1690726612627,1013.30536
1690726612667,1013.3084
1690726612708,1013.2958
1690726612727,1013.296
1690726612767,1013.28796
1690726612807,1013.2924
1690726612828,1013.2925
1690726612867,1013.2987
1690726612906,1013.29834
1690726612925,1013.2931
1690726612967,1013.29706
1690726613008,1013.28973
1690726613029,1013.29034
1690726613067,1013.2937
1690726613107,1013.2965
1690726613126,1013.2955
1690726613166,1013.291
1690726613206,1013.29083
1690726613227,1013.2963
1690726613266,1013.2943
1690726613307,1013.2946
1690726613327,1013.2952
1690726613369,1013.2908
1690726613405,1013.2821
1690726613425,1013.2811
1690726613466,1013.2905
1690726613508,1013.2976
1690726613527,1013.29095
1690726613567,1013.288
1690726613609,1013.28705
1690726613631,1013.28455
1690726613666,1013.2927
1690726613707,1013.29407
1690726613727,1013.29517
1690726613768,1013.2912
1690726613806,1013.2869
1690726613830,1013.29266
1690726613866,1013.3003
1690726613907,1013.30347
1690726613926,1013.29724
1690726613969,1013.3048
1690726614007,1013.30225
1690726614028,1013.3047
1690726614066,1013.3054
1690726614106,1013.3022
1690726614126,1013.2985
1690726614170,1013.298
1690726614207,1013.2918
1690726614226,1013.2873
1690726614267,1013.28253
1690726614310,1013.2783
1690726614327,1013.2911
1690726614365,1013.29034
1690726614405,1013.2931
1690726614425,1013.2964
1690726614465,1013.29486
1690726614507,1013.2902
1690726614525,1013.28235
1690726614566,1013.2858
1690726614606,1013.2919
1690726614626,1013.2858
1690726614666,1013.2879
1690726614708,1013.2904
1690726614725,1013.30176
1690726614766,1013.2921
1690726614805,1013.2881
1690726614825,1013.29224
1690726614867,1013.29596
1690726614906,1013.2936
1690726614925,1013.29553
1690726614966,1013.2909
1690726615006,1013.29126
1690726615026,1013.3004
1690726615067,1013.30145
1690726615105,1013.2993
1690726615125,1013.3036
1690726615167,1013.3021
1690726615206,1013.29785
1690726615225,1013.2947
1690726615265,1013.2964
1690726615305,1013.3047
1690726615326,1013.29584
1690726615365,1013.2912
1690726615406,1013.28955
1690726615425,1013.29785
1690726615465,1013.3034
1690726615505,1013.3121
1690726615525,1013.30273
1690726615568,1013.3062
1690726615605,1013.3119
1690726615625,1013.3085
1690726615666,1013.30927
1690726615706,1013.3062
1690726615724,1013.31665
1690726615766,1013.317
1690726615804,1013.3036
1690726615827,1013.31226
1690726615865,1013.32336
1690726615909,1013.3311
1690726615925,1013.3346
1690726615965,1013.3397
1690726616005,1013.34424
1690726616024,1013.3365
1690726616065,1013.33435
1690726616105,1013.33417
1690726616125,1013.33813
1690726616165,1013.34576
1690726616206,1013.3484
1690726616225,1013.34906
1690726616265,1013.34283
1690726616305,1013.3344
1690726616325,1013.33594
1690726616365,1013.3311
1690726616408,1013.3217
1690726616424,1013.32806
1690726616466,1013.3317
1690726616505,1013.3351
1690726616524,1013.33374
1690726616565,1013.33356
1690726616607,1013.3404
1690726616627,1013.3382
1690726616665,1013.34314
1690726616704,1013.33496
1690726616724,1013.33105
1690726616766,1013.33496
1690726616807,1013.3301
1690726616826,1013.3392
1690726616866,1013.3361
1690726616906,1013.3447
1690726616925,1013.3398
1690726616964,1013.3349
1690726617010,1013.3374
1690726617027,1013.33136
1690726617064,1013.3454
1690726617105,1013.3453
1690726617125,1013.339
1690726617164,1013.3376
1690726617205,1013.3316
1690726617224,1013.33044
1690726617265,1013.3369
1690726617306,1013.3408
1690726617326,1013.3414
1690726617365,1013.3426
1690726617407,1013.3384
1690726617426,1013.33527
1690726617464,1013.341
1690726617506,1013.3377
1690726617528,1013.3347
1690726617565,1013.34155
1690726617604,1013.3369
1690726617625,1013.3437
1690726617664,1013.34186
1690726617705,1013.34705
1690726617726,1013.3487
1690726617764,1013.3412
1690726617805,1013.3402
1690726617826,1013.33057
1690726617864,1013.3302
1690726617906,1013.3329
1690726617925,1013.33276
1690726617964,1013.3367
1690726618006,1013.3285
1690726618024,1013.32446
1690726618063,1013.3342
1690726618104,1013.3295
1690726618123,1013.3241
1690726618164,1013.3266
1690726618204,1013.3241
1690726618224,1013.3143
1690726618264,1013.31586
1690726618303,1013.3167
1690726618326,1013.3119
1690726618365,1013.3013
1690726618413,1013.3122
1690726618423,1013.3205
1690726618464,1013.3185
1690726618505,1013.31165
1690726618525,1013.3117
1690726618563,1013.3021
1690726618605,1013.29596
1690726618623,1013.3
1690726618664,1013.2961
1690726618703,1013.29266
1690726618724,1013.29865
1690726618763,1013.2923
1690726618804,1013.29346
1690726618824,1013.2876
1690726618864,1013.2842
1690726618903,1013.2855
1690726618923,1013.2874
1690726618963,1013.2909
1690726619004,1013.28815
1690726619023,1013.28534
1690726619064,1013.2864
1690726619103,1013.2864
1690726619123,1013.2888
1690726619166,1013.2892
1690726619205,1013.2851
1690726619224,1013.2861
1690726619264,1013.28656
1690726619304,1013.28235
1690726619323,1013.2818
1690726619364,1013.2864
1690726619404,1013.28766
1690726619424,1013.28894
1690726619464,1013.28656
1690726619514,1013.2775
1690726619533,1013.27246
1690726619563,1013.27344
1690726619605,1013.2704
1690726619625,1013.2748
1690726619664,1013.27325
1690726619703,1013.26776
1690726619725,1013.2743
1690726619764,1013.27234
1690726619803,1013.26636
1690726619823,1013.268
1690726619864,1013.26575
1690726619903,1013.2657
1690726619922,1013.2616
1690726619962,1013.2607
1690726620007,1013.26117
1690726620026,1013.2703
1690726620064,1013.27014
1690726620104,1013.2639
1690726620122,1013.2508
1690726620163,1013.2617
1690726620202,1013.26465
1690726620223,1013.2649
1690726620264,1013.25543
1690726620304,1013.2473
1690726620323,1013.24976
1690726620364,1013.24445
1690726620403,1013.2427
1690726620424,1013.2469
1690726620463,1013.246
1690726620527,1013.2445
1690726620527,1013.2407
1690726620563,1013.2373
1690726620603,1013.2459
1690726620623,1013.23865
1690726620663,1013.2392
1690726620705,1013.2387
1690726620725,1013.2383
1690726620764,1013.2317
1690726620803,1013.23364
1690726620823,1013.2333
1690726620863,1013.2319
1690726620904,1013.2251
1690726620924,1013.22546
1690726620962,1013.2198
1690726621004,1013.22314
1690726621025,1013.2205
1690726621063,1013.2275
1690726621102,1013.2336
1690726621123,1013.22534
1690726621162,1013.2248
1690726621203,1013.2269
1690726621223,1013.2237
1690726621266,1013.2226
1690726621304,1013.224
1690726621322,1013.2237
1690726621363,1013.2235
1690726621402,1013.22406
1690726621422,1013.2273
1690726621461,1013.22266
1690726621512,1013.22363
1690726621521,1013.22107
1690726621561,1013.21625
1690726621603,1013.21216
1690726621622,1013.209
1690726621662,1013.2185
1690726621703,1013.2213
1690726621724,1013.21814
1690726621762,1013.2081
1690726621803,1013.2074
1690726621824,1013.20917
1690726621863,1013.2186
1690726621903,1013.22003
1690726621921,1013.22217
1690726621963,1013.2312
1690726622003,1013.23004
1690726622026,1013.226
1690726622062,1013.22754
1690726622101,1013.2203
1690726622121,1013.21423
1690726622163,1013.2098
1690726622202,1013.20996
1690726622223,1013.21045
1690726622263,1013.2099
1690726622302,1013.2107
1690726622322,1013.21625
1690726622362,1013.2079
1690726622402,1013.20386
1690726622422,1013.2106
1690726622461,1013.2186
1690726622501,1013.2127
1690726622522,1013.20764
1690726622562,1013.20135
1690726622602,1013.206
1690726622621,1013.2085
1690726622661,1013.21356
1690726622701,1013.2196
1690726622722,1013.21204
1690726622761,1013.21533
1690726622801,1013.21497
1690726622821,1013.22253
1690726622862,1013.2129
1690726622900,1013.21466
1690726622922,1013.2199
1690726622961,1013.22034
1690726623002,1013.21857
1690726623021,1013.21515
1690726623061,1013.2156
1690726623101,1013.2096
1690726623121,1013.20874
1690726623162,1013.21594
1690726623201,1013.2142
1690726623221,1013.2147
1690726623263,1013.20575
1690726623303,1013.20935
1690726623321,1013.20386
1690726623361,1013.20337
1690726623400,1013.1995
1690726623428,1013.1989
1690726623460,1013.20447
1690726623500,1013.20386
1690726623521,1013.205
1690726623561,1013.2025
1690726623600,1013.20465
1690726623620,1013.208
1690726623660,1013.2068
1690726623702,1013.2118
1690726623721,1013.21967
1690726623761,1013.22156
1690726623800,1013.2217
1690726623822,1013.209
1690726623860,1013.2075
1690726623902,1013.20044
1690726623920,1013.2101
1690726623960,1013.2113
1690726624010,1013.2034
1690726624022,1013.20044
1690726624060,1013.19934
1690726624102,1013.19586
1690726624121,1013.1971
1690726624162,1013.19977
1690726624203,1013.20325
1690726624243,1013.2068
1690726624262,1013.20337
1690726624301,1013.2083
1690726624320,1013.20483
1690726624362,1013.2053
1690726624401,1013.2039
1690726624439,1013.20825
1690726624459,1013.2123
1690726624499,1013.206
1690726624523,1013.208
1690726624562,1013.2124
1690726624600,1013.2105
1690726624640,1013.2075
1690726624660,1013.20593
1690726624700,1013.2044
1690726624741,1013.2121
1690726624761,1013.20746
1690726624800,1013.20325
1690726624841,1013.20776
1690726624860,1013.21326
1690726624900,1013.21295
1690726624942,1013.21796
1690726624959,1013.2158
1690726625000,1013.2146
1690726625040,1013.21
1690726625062,1013.219
1690726625102,1013.2209
1690726625140,1013.2231
1690726625160,1013.21954
1690726625201,1013.227
1690726625241,1013.22894
1690726625260,1013.237
1690726625300,1013.2333
1690726625341,1013.23987
1690726625359,1013.2331
1690726625401,1013.24457
1690726625440,1013.24695
1690726625459,1013.24194
1690726625499,1013.25024
1690726625539,1013.25977
1690726625559,1013.26025
1690726625599,1013.2604
1690726625639,1013.25446
1690726625660,1013.25867
1690726625700,1013.26166
1690726625740,1013.2713
1690726625761,1013.2781
1690726625800,1013.2805
1690726625840,1013.2909
1690726625860,1013.2949
1690726625900,1013.295
1690726625940,1013.2874
1690726625959,1013.2923
1690726625999,1013.30084
1690726626040,1013.30743
1690726626061,1013.31226
1690726626100,1013.3194
1690726626139,1013.32007
1690726626159,1013.32086
1690726626200,1013.31793
1690726626239,1013.30786
1690726626260,1013.31775
1690726626299,1013.3163
1690726626339,1013.3188
1690726626360,1013.318
1690726626402,1013.3207
1690726626441,1013.3114
1690726626459,1013.3277
1690726626503,1013.3324
1690726626547,1013.33264
1690726626559,1013.3246
1690726626599,1013.32684
1690726626620,1013.32794
1690726626661,1013.331
1690726626699,1013.33905
1690726626739,1013.34326
1690726626761,1013.3397
1690726626799,1013.33936
1690726626839,1013.3453
1690726626859,1013.3524
1690726626899,1013.34814
1690726626939,1013.3562
1690726626958,1013.36536
1690726626998,1013.37146
1690726627043,1013.38214
1690726627061,1013.3897
