1690729975358,1013.2742
1690729975378,1013.2651
1690729975417,1013.2701
1690729975457,1013.2759
1690729975477,1013.2749
1690729975517,1013.2757
1690729975558,1013.28564
1690729975577,1013.2859
1690729975617,1013.27826
1690729975657,1013.2905
1690729975677,1013.29126
1690729975718,1013.28876
1690729975739,1013.32324
1690729975779,1013.3073
1690729975818,1013.2914
1690729975862,1013.289
1690729975879,1013.28845
1690729975918,1013.2931
1690729975960,1013.294
1690729975980,1013.297
1690729976018,1013.29663
1690729976059,1013.2866
1690729976078,1013.28876
1690729976123,1013.3004
1690729976160,1013.2993
1690729976180,1013.3027
1690729976220,1013.3095
1690729976258,1013.30554
1690729976278,1013.294
1690729976317,1013.2922
1690729976359,1013.27905
1690729976378,1013.27893
1690729976418,1013.2868
1690729976459,1013.286
1690729976479,1013.2945
1690729976517,1013.29254
1690729976559,1013.2887
1690729976579,1013.28326
1690729976618,1013.2792
1690729976658,1013.28455
1690729976679,1013.2852
1690729976717,1013.28613
1690729976759,1013.2891
1690729976778,1013.29443
1690729976818,1013.3053
1690729976858,1013.3076
1690729976877,1013.30884
1690729976918,1013.31775
1690729976960,1013.3124
1690729976979,1013.3073
1690729977019,1013.30835
1690729977058,1013.3078
1690729977077,1013.2988
1690729977119,1013.2991
1690729977159,1013.29706
1690729977180,1013.3001
1690729977220,1013.30505
1690729977258,1013.2971
1690729977280,1013.2973
1690729977328,1013.2998
1690729977359,1013.2991
1690729977378,1013.2972
1690729977417,1013.2888
1690729977457,1013.291
1690729977478,1013.28375
1690729977518,1013.28656
1690729977557,1013.28
1690729977585,1013.27844
1690729977617,1013.2796
1690729977656,1013.27985
1690729977679,1013.27106
1690729977719,1013.26556
1690729977756,1013.266
1690729977778,1013.2575
1690729977819,1013.27075
1690729977857,1013.27325
1690729977876,1013.2788
1690729977917,1013.28253
1690729977958,1013.2828
1690729977978,1013.26917
1690729978017,1013.2808
1690729978059,1013.2842
1690729978078,1013.2815
1690729978119,1013.2766
1690729978158,1013.28735
1690729978178,1013.2859
1690729978218,1013.2875
1690729978260,1013.28314
1690729978280,1013.2878
1690729978317,1013.28925
1690729978357,1013.2866
1690729978378,1013.2807
1690729978417,1013.2809
1690729978458,1013.28326
1690729978478,1013.29016
1690729978521,1013.2958
1690729978558,1013.2918
1690729978576,1013.2951
1690729978617,1013.3036
1690729978656,1013.2986
1690729978676,1013.3014
1690729978717,1013.2976
1690729978756,1013.296
1690729978777,1013.2936
1690729978816,1013.2947
1690729978856,1013.29114
1690729978879,1013.2935
1690729978917,1013.2905
1690729978958,1013.29114
1690729978978,1013.29865
1690729979016,1013.3018
1690729979056,1013.3027
1690729979078,1013.2908
1690729979118,1013.29407
1690729979157,1013.2999
1690729979177,1013.29736
1690729979217,1013.2948
1690729979256,1013.29376
1690729979276,1013.2946
1690729979316,1013.3005
1690729979356,1013.30566
1690729979377,1013.3072
1690729979416,1013.30505
1690729979457,1013.29626
1690729979475,1013.29785
1690729979517,1013.3042
1690729979557,1013.29944
1690729979578,1013.30066
1690729979616,1013.29694
1690729979658,1013.2981
1690729979676,1013.288
1690729979717,1013.2885
1690729979756,1013.28845
1690729979776,1013.28503
1690729979816,1013.2803
1690729979856,1013.28656
1690729979875,1013.28534
1690729979916,1013.28845
1690729979963,1013.28357
1690729979976,1013.2819
1690729980015,1013.2842
1690729980058,1013.28076
1690729980076,1013.28436
1690729980116,1013.28186
1690729980159,1013.28827
1690729980175,1013.28674
1690729980218,1013.28503
1690729980257,1013.28455
1690729980278,1013.2881
1690729980316,1013.2911
1690729980356,1013.2869
1690729980377,1013.28064
1690729980416,1013.282
1690729980457,1013.28296
1690729980476,1013.2807
1690729980518,1013.27875
1690729980556,1013.2796
1690729980576,1013.27985
1690729980618,1013.2809
1690729980658,1013.2709
1690729980677,1013.27313
1690729980716,1013.26794
1690729980756,1013.2637
1690729980776,1013.2593
1690729980815,1013.26514
1690729980855,1013.26544
1690729980876,1013.27454
1690729980915,1013.27454
1690729980957,1013.27893
1690729980976,1013.2761
1690729981017,1013.2802
1690729981056,1013.2755
1690729981077,1013.26324
1690729981117,1013.2638
1690729981159,1013.2627
1690729981176,1013.2605
1690729981217,1013.25696
1690729981256,1013.2494
1690729981277,1013.23804
1690729981315,1013.236
1690729981355,1013.24066
1690729981375,1013.232
1690729981416,1013.2269
1690729981457,1013.21124
1690729981478,1013.2062
1690729981519,1013.2052
1690729981557,1013.20557
1690729981575,1013.20703
1690729981616,1013.20184
1690729981657,1013.199
1690729981677,1013.20764
1690729981715,1013.2054
1690729981757,1013.2059
1690729981776,1013.193
1690729981814,1013.1847
1690729981855,1013.1816
1690729981875,1013.18396
1690729981915,1013.1857
1690729981956,1013.17566
1690729981975,1013.1657
1690729982016,1013.1596
1690729982056,1013.1503
1690729982077,1013.1527
1690729982116,1013.1434
1690729982155,1013.1398
1690729982176,1013.1293
1690729982219,1013.12897
1690729982257,1013.1282
1690729982276,1013.1264
1690729982316,1013.12537
1690729982356,1013.12
1690729982375,1013.1134
1690729982416,1013.1058
1690729982456,1013.09955
1690729982475,1013.09174
1690729982516,1013.09357
1690729982554,1013.098
1690729982575,1013.0882
1690729982618,1013.0842
1690729982655,1013.0672
1690729982675,1013.0685
1690729982715,1013.061
1690729982755,1013.0572
1690729982775,1013.05286
1690729982814,1013.0562
1690729982855,1013.05365
1690729982878,1013.0488
1690729982915,1013.0403
1690729982957,1013.0379
1690729982976,1013.03345
1690729983020,1013.0321
1690729983054,1013.0379
1690729983075,1013.035
1690729983116,1013.02747
1690729983157,1013.0231
1690729983175,1013.0173
1690729983215,1013.0151
1690729983256,1013.0082
1690729983275,1013.004
1690729983315,1013.00305
1690729983354,1012.9995
1690729983375,1012.99475
1690729983416,1012.99133
1690729983456,1012.98035
1690729983476,1012.97565
1690729983514,1012.983
1690729983556,1012.9833
1690729983576,1012.97656
1690729983616,1012.96655
1690729983653,1012.97217
1690729983674,1012.9663
1690729983715,1012.967
1690729983757,1012.96576
1690729983776,1012.96295
1690729983816,1012.95557
1690729983855,1012.95905
1690729983881,1012.95544
1690729983913,1012.94763
1690729983955,1012.94727
1690729983976,1012.94604
1690729984016,1012.9413
1690729984054,1012.94086
1690729984075,1012.9456
1690729984114,1012.93677
1690729984154,1012.93195
1690729984174,1012.9309
1690729984214,1012.9309
1690729984257,1012.92664
1690729984274,1012.91534
1690729984315,1012.91895
1690729984355,1012.92163
1690729984375,1012.91754
1690729984415,1012.9077
1690729984454,1012.90155
1690729984476,1012.9089
1690729984514,1012.89734
1690729984553,1012.89526
1690729984575,1012.8987
1690729984615,1012.89185
1690729984654,1012.89136
1690729984674,1012.8974
1690729984716,1012.8992
1690729984753,1012.8896
1690729984774,1012.8853
1690729984814,1012.8803
1690729984854,1012.88654
1690729984874,1012.8882
1690729984913,1012.8836
1690729984954,1012.8841
1690729984974,1012.88025
1690729985014,1012.8778
1690729985055,1012.8785
1690729985074,1012.8766
1690729985117,1012.8791
1690729985153,1012.88165
1690729985174,1012.867
1690729985214,1012.87085
1690729985255,1012.88306
1690729985274,1012.88184
1690729985315,1012.88025
1690729985354,1012.87787
1690729985376,1012.8718
1690729985413,1012.8652
1690729985454,1012.864
1690729985476,1012.86194
1690729985515,1012.8672
1690729985554,1012.8596
1690729985574,1012.8583
1690729985613,1012.8547
1690729985654,1012.8606
1690729985674,1012.8582
1690729985714,1012.8603
1690729985755,1012.8556
1690729985776,1012.85034
1690729985814,1012.8462
1690729985853,1012.8468
1690729985873,1012.8503
1690729985914,1012.85547
1690729985955,1012.857
1690729985974,1012.8525
1690729986014,1012.8474
1690729986053,1012.8396
1690729986075,1012.8402
1690729986116,1012.8369
1690729986153,1012.8428
1690729986174,1012.8463
1690729986217,1012.8457
1690729986255,1012.84784
1690729986274,1012.84644
1690729986312,1012.84656
1690729986355,1012.8485
1690729986374,1012.8554
1690729986412,1012.8528
1690729986455,1012.8493
1690729986473,1012.85077
1690729986515,1012.8436
1690729986553,1012.8502
1690729986573,1012.8571
1690729986613,1012.8546
1690729986655,1012.8619
1690729986676,1012.85474
1690729986713,1012.8616
1690729986754,1012.85974
1690729986774,1012.86163
1690729986811,1012.8694
1690729986852,1012.87256
1690729986873,1012.8696
1690729986914,1012.8692
1690729986954,1012.8716
1690729986975,1012.87396
1690729987012,1012.86884
1690729987052,1012.8613
1690729987077,1012.8683
1690729987113,1012.8715
1690729987156,1012.8736
1690729987175,1012.8794
1690729987214,1012.8799
1690729987253,1012.881
1690729987273,1012.88574
1690729987311,1012.88855
1690729987351,1012.8834
1690729987372,1012.8817
1690729987412,1012.88135
1690729987452,1012.8812
1690729987472,1012.8851
1690729987513,1012.8824
1690729987553,1012.8843
1690729987572,1012.87854
1690729987612,1012.8817
1690729987655,1012.8783
1690729987672,1012.87854
1690729987713,1012.8772
1690729987752,1012.8808
1690729987773,1012.88837
1690729987813,1012.8861
1690729987851,1012.88226
1690729987871,1012.8835
1690729987915,1012.8854
1690729987953,1012.878
1690729987972,1012.8812
1690729988011,1012.8818
1690729988051,1012.88635
1690729988070,1012.88293
1690729988112,1012.8897
1690729988152,1012.8908
1690729988172,1012.8926
1690729988212,1012.8915
1690729988252,1012.8937
1690729988273,1012.8978
1690729988311,1012.89453
1690729988350,1012.8883
1690729988371,1012.8849
1690729988415,1012.88745
1690729988452,1012.88904
1690729988472,1012.8902
1690729988512,1012.88824
1690729988551,1012.88257
1690729988570,1012.8855
1690729988611,1012.88354
1690729988650,1012.89075
1690729988675,1012.886
1690729988712,1012.88794
1690729988750,1012.8836
1690729988771,1012.88873
1690729988811,1012.89343
1690729988851,1012.8898
1690729988871,1012.8898
1690729988915,1012.8926
1690729988952,1012.88403
1690729988972,1012.884
1690729989010,1012.8869
1690729989054,1012.8804
1690729989071,1012.88025
1690729989114,1012.88354
1690729989152,1012.88306
1690729989171,1012.8836
1690729989210,1012.8895
1690729989252,1012.88904
1690729989273,1012.8894
1690729989312,1012.8937
1690729989350,1012.8962
1690729989371,1012.9046
1690729989414,1012.90515
1690729989452,1012.903
1690729989474,1012.89734
1690729989513,1012.8937
1690729989551,1012.8959
1690729989572,1012.89014
1690729989611,1012.8861
1690729989652,1012.88806
1690729989672,1012.8862
1690729989712,1012.89246
1690729989751,1012.8932
1690729989771,1012.90027
1690729989812,1012.8958
1690729989850,1012.8878
1690729989870,1012.8965
1690729989914,1012.89197
1690729989950,1012.8936
1690729989971,1012.891
1690729990009,1012.89655
1690729990053,1012.89404
1690729990074,1012.8868
1690729990111,1012.89233
1690729990153,1012.886
1690729990170,1012.8906
1690729990212,1012.8865
1690729990250,1012.89325
1690729990273,1012.88696
1690729990316,1012.8908
1690729990350,1012.8827
1690729990370,1012.8866
1690729990410,1012.88074
1690729990450,1012.88116
1690729990473,1012.89014
1690729990510,1012.88525
1690729990551,1012.88806
1690729990570,1012.8857
1690729990609,1012.87994
1690729990655,1012.88293
1690729990671,1012.89154
1690729990711,1012.8837
1690729990751,1012.8893
1690729990773,1012.8915
1690729990811,1012.8899
1690729990849,1012.89307
1690729990870,1012.8903
1690729990914,1012.8819
1690729990950,1012.8854
1690729990971,1012.8851
1690729991013,1012.8847
1690729991050,1012.88416
1690729991072,1012.89874
1690729991112,1012.90295
1690729991152,1012.8951
1690729991170,1012.8915
1690729991212,1012.88965
1690729991253,1012.8946
1690729991272,1012.8874
1690729991314,1012.8982
1690729991349,1012.88654
1690729991369,1012.88794
1690729991413,1012.8806
1690729991451,1012.8779
1690729991472,1012.8871
1690729991511,1012.89185
1690729991550,1012.8898
1690729991569,1012.88416
1690729991610,1012.89075
1690729991650,1012.88684
1690729991670,1012.8899
1690729991713,1012.87506
1690729991751,1012.87384
1690729991769,1012.8767
1690729991812,1012.8835
1690729991849,1012.88605
1690729991869,1012.8846
1690729991915,1012.88464
1690729991949,1012.8928
1690729991969,1012.8895
1690729992010,1012.8898
1690729992050,1012.88275
1690729992072,1012.8849
1690729992108,1012.8797
1690729992151,1012.8762
1690729992170,1012.8812
1690729992210,1012.8812
1690729992252,1012.8804
1690729992269,1012.8774
1690729992311,1012.88153
1690729992348,1012.884
1690729992370,1012.8959
1690729992410,1012.8917
1690729992451,1012.895
1690729992469,1012.8973
1690729992512,1012.8928
1690729992549,1012.8851
1690729992572,1012.8941
1690729992609,1012.8967
1690729992650,1012.90283
1690729992671,1012.9015
1690729992709,1012.89545
1690729992752,1012.89136
1690729992769,1012.89355
1690729992811,1012.8957
1690729992849,1012.8993
1690729992868,1012.8962
1690729992911,1012.89734
1690729992949,1012.8945
1690729992971,1012.8904
1690729993010,1012.88983
1690729993053,1012.88885
1690729993069,1012.8862
1690729993110,1012.8908
1690729993150,1012.8927
1690729993169,1012.8905
1690729993212,1012.88794
1690729993250,1012.89197
1690729993269,1012.90094
1690729993309,1012.9078
1690729993348,1012.9114
1690729993368,1012.9064
1690729993411,1012.9
1690729993449,1012.89386
1690729993468,1012.8921
1690729993509,1012.8968
1690729993549,1012.8955
1690729993569,1012.8923
1690729993610,1012.892
1690729993653,1012.8908
1690729993669,1012.88257
1690729993708,1012.8884
1690729993748,1012.8968
1690729993769,1012.89764
1690729993809,1012.89856
1690729993847,1012.89966
1690729993868,1012.8965
1690729993915,1012.8971
1690729993948,1012.89685
1690729993970,1012.8872
1690729994009,1012.88965
1690729994048,1012.88275
1690729994069,1012.8879
1690729994109,1012.8856
1690729994152,1012.8808
1690729994171,1012.88
1690729994211,1012.8812
1690729994249,1012.886
1690729994268,1012.8917
1690729994308,1012.8897
1690729994347,1012.88605
1690729994368,1012.8845
1690729994411,1012.88904
1690729994448,1012.88806
1690729994468,1012.8906
1690729994509,1012.89056
1690729994550,1012.8951
1690729994569,1012.89014
1690729994608,1012.8911
1690729994649,1012.8905
1690729994667,1012.8937
1690729994710,1012.891
1690729994752,1012.8933
1690729994768,1012.8956
1690729994809,1012.8989
1690729994847,1012.89185
1690729994867,1012.8943
1690729994908,1012.8894
1690729994952,1012.8938
1690729994973,1012.8905
1690729995010,1012.8932
1690729995049,1012.8959
1690729995070,1012.8951
1690729995110,1012.8963
1690729995148,1012.89856
1690729995169,1012.90027
1690729995209,1012.8873
1690729995250,1012.8843
1690729995268,1012.8828
1690729995307,1012.88556
1690729995347,1012.88153
1690729995367,1012.8804
1690729995408,1012.8793
1690729995450,1012.87854
1690729995467,1012.8861
1690729995510,1012.88885
1690729995550,1012.8913
1690729995568,1012.8986
1690729995609,1012.90076
1690729995647,1012.9035
1690729995667,1012.89886
1690729995707,1012.88776
1690729995748,1012.8798
1690729995768,1012.8795
1690729995808,1012.88873
1690729995846,1012.8896
1690729995866,1012.8884
1690729995909,1012.8855
1690729995947,1012.8883
1690729995969,1012.8946
1690729996007,1012.8882
1690729996047,1012.88416
1690729996068,1012.8812
1690729996114,1012.89
1690729996149,1012.8915
1690729996170,1012.88824
1690729996208,1012.87933
1690729996248,1012.8814
1690729996268,1012.87823
1690729996307,1012.8771
1690729996348,1012.8735
1690729996367,1012.8675
1690729996410,1012.8772
1690729996448,1012.87787
1690729996467,1012.87836
1690729996508,1012.8839
1690729996549,1012.88245
1690729996567,1012.8683
1690729996607,1012.8678
1690729996647,1012.86646
1690729996668,1012.8699
1690729996711,1012.8659
1690729996748,1012.86194
1690729996767,1012.8552
1690729996807,1012.8607
1690729996846,1012.85315
1690729996866,1012.855
1690729996907,1012.8513
1690729996948,1012.85974
1690729996967,1012.8579
1690729997013,1012.8546
1690729997046,1012.8562
1690729997067,1012.8535
1690729997108,1012.8587
1690729997154,1012.85675
1690729997166,1012.86646
1690729997207,1012.8605
1690729997247,1012.85645
1690729997290,1012.8589
1690729997308,1012.8617
1690729997349,1012.87555
1690729997386,1012.8662
1690729997407,1012.86163
1690729997448,1012.85724
1690729997489,1012.85693
1690729997509,1012.8561
1690729997546,1012.8455
1690729997586,1012.8428
1690729997606,1012.85004
1690729997646,1012.8517
1690729997686,1012.8606
1690729997708,1012.86395
1690729997747,1012.8627
1690729997787,1012.86865
1690729997807,1012.8581
1690729997847,1012.8538
1690729997886,1012.8572
1690729997905,1012.85114
1690729997946,1012.85834
1690729997988,1012.8558
1690729998005,1012.863
1690729998046,1012.86523
1690729998087,1012.8629
1690729998107,1012.86755
1690729998147,1012.86304
1690729998185,1012.8579
1690729998208,1012.85425
1690729998247,1012.851
1690729998287,1012.85004
1690729998308,1012.85925
1690729998347,1012.8646
1690729998386,1012.8699
1690729998406,1012.86926
1690729998450,1012.8705
1690729998487,1012.8715
1690729998509,1012.8563
1690729998549,1012.85425
1690729998593,1012.85547
1690729998606,1012.8557
1690729998651,1012.85657
1690729998687,1012.8663
1690729998709,1012.86316
1690729998747,1012.8655
1690729998786,1012.8607
1690729998806,1012.86523
1690729998847,1012.8631
1690729998885,1012.8623
1690729998905,1012.86414
1690729998948,1012.8734
1690729998985,1012.87317
1690729999007,1012.867
1690729999048,1012.8682
1690729999070,1012.8723
1690729999106,1012.86707
1690729999146,1012.8624
1690729999185,1012.85364
1690729999206,1012.8567
1690729999248,1012.8635
1690729999287,1012.8644
1690729999306,1012.8585
1690729999345,1012.865
1690729999385,1012.8535
1690729999410,1012.85266
1690729999449,1012.85504
1690729999488,1012.8595
1690729999509,1012.8612
1690729999546,1012.8557
1690729999587,1012.8469
1690729999605,1012.8436
1690729999645,1012.8424
1690729999687,1012.84705
1690729999707,1012.8503
1690729999745,1012.8488
1690729999785,1012.84985
1690729999809,1012.8529
1690729999844,1012.85046
1690729999885,1012.848
1690729999905,1012.8525
1690729999946,1012.85065
1690729999985,1012.85315
1690730000006,1012.84863
1690730000046,1012.8485
1690730000085,1012.8341
1690730000106,1012.8297
1690730000146,1012.8318
1690730000185,1012.82654
1690730000206,1012.8245
1690730000246,1012.8281
1690730000287,1012.8192
1690730000306,1012.8159
1690730000349,1012.8159
1690730000385,1012.81665
1690730000404,1012.81946
1690730000445,1012.8218
1690730000485,1012.81836
1690730000505,1012.8075
1690730000546,1012.79895
1690730000585,1012.7974
1690730000604,1012.79456
1690730000647,1012.7866
1690730000685,1012.7926
1690730000706,1012.7936
1690730000746,1012.78284
1690730000785,1012.7768
1690730000805,1012.7843
1690730000844,1012.79297
1690730000885,1012.7893
1690730000905,1012.7746
1690730000946,1012.7777
1690730000987,1012.7733
1690730001006,1012.76154
1690730001045,1012.75946
1690730001087,1012.75146
1690730001107,1012.754
1690730001147,1012.74194
1690730001186,1012.737
1690730001204,1012.72864
1690730001246,1012.7247
1690730001285,1012.7239
1690730001305,1012.7178
1690730001343,1012.71796
1690730001384,1012.7127
1690730001404,1012.71204
1690730001444,1012.70325
1690730001485,1012.7007
1690730001505,1012.7048
1690730001545,1012.6897
1690730001583,1012.68915
1690730001604,1012.68427
1690730001647,1012.6751
1690730001684,1012.66895
1690730001705,1012.653
1690730001746,1012.66064
1690730001784,1012.65247
1690730001805,1012.6478
1690730001845,1012.64325
1690730001884,1012.6399
1690730001903,1012.64197
1690730001946,1012.639
1690730001986,1012.6416
1690730002006,1012.63934
1690730002044,1012.6323
1690730002086,1012.6265
1690730002106,1012.6299
1690730002144,1012.6258
1690730002186,1012.62036
1690730002205,1012.61115
1690730002244,1012.6008
1690730002284,1012.59125
1690730002305,1012.5963
1690730002344,1012.5901
1690730002383,1012.5836
1690730002403,1012.58673
1690730002455,1012.57776
1690730002484,1012.57336
1690730002504,1012.56714
1690730002543,1012.56226
1690730002584,1012.5515
1690730002606,1012.54266
1690730002647,1012.54236
1690730002684,1012.5521
1690730002704,1012.55133
1690730002744,1012.55005
1690730002786,1012.5491
1690730002808,1012.5464
1690730002846,1012.54004
1690730002884,1012.53705
1690730002904,1012.5287
1690730002947,1012.5299
1690730002984,1012.5137
1690730003005,1012.51184
1690730003044,1012.50964
1690730003086,1012.51697
1690730003105,1012.5147
1690730003145,1012.51324
1690730003188,1012.504
1690730003205,1012.5004
1690730003245,1012.4935
1690730003285,1012.48505
1690730003306,1012.495
1690730003350,1012.4994
1690730003383,1012.504
1690730003404,1012.501
1690730003446,1012.48987
1690730003483,1012.48816
1690730003503,1012.47345
1690730003546,1012.47375
1690730003584,1012.4696
1690730003606,1012.4774
1690730003642,1012.4758
1690730003683,1012.4596
1690730003704,1012.45715
1690730003744,1012.4606
1690730003787,1012.469
1690730003803,1012.46924
1690730003852,1012.46045
1690730003882,1012.45416
1690730003902,1012.45667
1690730003949,1012.4553
1690730003984,1012.4407
1690730004004,1012.44446
1690730004045,1012.4426
1690730004086,1012.4395
1690730004103,1012.4352
1690730004146,1012.43494
1690730004183,1012.433
1690730004203,1012.43896
1690730004246,1012.4352
1690730004283,1012.4342
1690730004303,1012.42285
1690730004348,1012.41846
1690730004383,1012.42523
1690730004403,1012.43066
1690730004445,1012.4241
1690730004483,1012.42224
1690730004505,1012.42194
1690730004545,1012.42413
1690730004592,1012.42175
1690730004606,1012.41943
1690730004642,1012.4179
1690730004683,1012.4155
1690730004702,1012.4062
1690730004744,1012.4109
1690730004783,1012.4162
1690730004804,1012.4129
1690730004846,1012.41406
1690730004881,1012.4024
1690730004902,1012.4034
1690730004954,1012.4061
1690730004983,1012.40375
1690730005004,1012.4079
1690730005045,1012.41797
1690730005082,1012.4259
1690730005106,1012.4306
1690730005145,1012.4259
1690730005185,1012.41864
1690730005205,1012.4159
1690730005242,1012.4175
1690730005283,1012.41394
1690730005303,1012.41595
1690730005345,1012.42053
1690730005382,1012.4181
1690730005403,1012.41974
1690730005444,1012.42017
1690730005483,1012.41766
1690730005502,1012.41327
1690730005547,1012.41815
1690730005582,1012.416
1690730005602,1012.41956
1690730005642,1012.4265
1690730005683,1012.4346
1690730005706,1012.438
1690730005742,1012.4429
1690730005784,1012.443
1690730005803,1012.44617
1690730005842,1012.444
1690730005881,1012.44653
1690730005901,1012.46326
1690730005947,1012.46027
1690730005983,1012.4602
1690730006003,1012.45605
1690730006044,1012.4498
1690730006083,1012.4614
1690730006102,1012.458
1690730006144,1012.46423
1690730006183,1012.46063
1690730006203,1012.4551
1690730006243,1012.4541
1690730006282,1012.4502
1690730006302,1012.4584
1690730006346,1012.4532
1690730006381,1012.4462
1690730006401,1012.4496
1690730006455,1012.44385
1690730006482,1012.44165
1690730006501,1012.4441
1690730006543,1012.4495
1690730006581,1012.4537
1690730006601,1012.4551
1690730006644,1012.4524
1690730006684,1012.44745
1690730006706,1012.4456
1690730006745,1012.44824
1690730006782,1012.4507
1690730006801,1012.45483
1690730006842,1012.4513
1690730006881,1012.4595
1690730006900,1012.4575
1690730006951,1012.44885
1690730006982,1012.4436
1690730007001,1012.4428
1690730007041,1012.44556
1690730007084,1012.4434
1690730007102,1012.4412
1690730007143,1012.4442
1690730007180,1012.44885
1690730007202,1012.45123
1690730007241,1012.44336
1690730007282,1012.4427
1690730007304,1012.4387
1690730007343,1012.45105
1690730007381,1012.4614
1690730007401,1012.4678
1690730007445,1012.46405
1690730007482,1012.4525
1690730007504,1012.4553
1690730007541,1012.4586
1690730007581,1012.46655
1690730007600,1012.4663
1690730007644,1012.45825
1690730007684,1012.4694
1690730007703,1012.47473
1690730007743,1012.4706
1690730007780,1012.4702
1690730007803,1012.47205
1690730007843,1012.47205
1690730007880,1012.47644
1690730007899,1012.4706
1690730007940,1012.46075
1690730007982,1012.4579
1690730008001,1012.45135
1690730008040,1012.4592
1690730008087,1012.466
1690730008102,1012.4644
1690730008140,1012.4702
1690730008181,1012.4634
1690730008200,1012.4644
1690730008242,1012.474
1690730008283,1012.47327
1690730008303,1012.46643
1690730008341,1012.46643
1690730008379,1012.462
1690730008400,1012.46173
1690730008444,1012.4596
1690730008481,1012.46204
1690730008503,1012.4576
1690730008541,1012.4564
1690730008583,1012.4586
1690730008600,1012.45605
1690730008648,1012.4462
1690730008681,1012.4576
1690730008702,1012.46545
1690730008739,1012.4614
1690730008780,1012.45337
1690730008800,1012.4585
1690730008842,1012.4635
1690730008879,1012.4582
1690730008900,1012.4612
1690730008941,1012.46106
1690730008979,1012.4608
1690730009000,1012.45593
1690730009042,1012.4529
1690730009083,1012.4481
1690730009103,1012.4483
1690730009142,1012.4513
1690730009180,1012.45105
1690730009200,1012.44073
1690730009241,1012.43835
1690730009282,1012.4364
1690730009301,1012.44464
1690730009341,1012.4469
1690730009379,1012.4521
1690730009399,1012.44965
1690730009441,1012.44696
1690730009481,1012.44934
1690730009501,1012.439
1690730009542,1012.4335
1690730009580,1012.4398
1690730009601,1012.444
1690730009641,1012.4337
1690730009682,1012.4343
1690730009700,1012.434
1690730009741,1012.423
1690730009780,1012.4172
1690730009800,1012.42163
1690730009840,1012.4265
1690730009880,1012.42664
1690730009898,1012.42053
1690730009940,1012.422
1690730009982,1012.42523
1690730010000,1012.43115
1690730010043,1012.43335
1690730010080,1012.4349
1690730010101,1012.4331
1690730010139,1012.42755
1690730010181,1012.42206
1690730010199,1012.4222
1690730010247,1012.43005
1690730010280,1012.43677
1690730010299,1012.43896
1690730010338,1012.432
1690730010378,1012.425
1690730010398,1012.4317
1690730010438,1012.4306
1690730010480,1012.4242
1690730010500,1012.43097
1690730010539,1012.4287
1690730010581,1012.42126
1690730010599,1012.41626
1690730010642,1012.43085
1690730010680,1012.428
1690730010703,1012.4286
1690730010740,1012.4301
1690730010779,1012.433
1690730010798,1012.4353
1690730010845,1012.4321
1690730010882,1012.4264
1690730010898,1012.4228
1690730010939,1012.4196
1690730010980,1012.4281
1690730010999,1012.4369
1690730011039,1012.4394
1690730011079,1012.4311
1690730011100,1012.4396
1690730011140,1012.44385
1690730011178,1012.4466
1690730011198,1012.43475
1690730011239,1012.4391
1690730011282,1012.4367
1690730011300,1012.43555
1690730011338,1012.4343
1690730011380,1012.43945
1690730011398,1012.44086
1690730011444,1012.4406
1690730011479,1012.43335
1690730011499,1012.43164
1690730011539,1012.4375
1690730011582,1012.4363
1690730011598,1012.4254
1690730011640,1012.42816
1690730011678,1012.42456
1690730011699,1012.4242
1690730011739,1012.42444
1690730011780,1012.4241
1690730011799,1012.4385
1690730011840,1012.43604
1690730011879,1012.4422
1690730011898,1012.43396
1690730011938,1012.44867
1690730011978,1012.44446
1690730012000,1012.4498
1690730012040,1012.4394
1690730012078,1012.4313
1690730012099,1012.4235
1690730012139,1012.4241
1690730012178,1012.4321
1690730012200,1012.43695
1690730012241,1012.43616
1690730012279,1012.43365
1690730012298,1012.4336
1690730012339,1012.43567
1690730012379,1012.43744
1690730012397,1012.43677
1690730012439,1012.43555
1690730012479,1012.43256
1690730012499,1012.43567
1690730012539,1012.4314
1690730012580,1012.4333
1690730012598,1012.4352
1690730012638,1012.4334
1690730012680,1012.43646
1690730012699,1012.4429
1690730012739,1012.43695
1690730012780,1012.4259
1690730012800,1012.4223
1690730012841,1012.4288
1690730012878,1012.4253
1690730012897,1012.4287
1690730012937,1012.4328
1690730012977,1012.4405
1690730012997,1012.4312
1690730013038,1012.42883
1690730013078,1012.42957
1690730013099,1012.4308
1690730013138,1012.428
1690730013178,1012.4294
1690730013199,1012.43414
1690730013238,1012.4391
1690730013278,1012.44556
1690730013298,1012.4458
1690730013337,1012.43756
1690730013377,1012.4298
1690730013398,1012.4308
1690730013437,1012.4324
1690730013479,1012.4325
1690730013497,1012.4325
1690730013539,1012.4291
1690730013579,1012.42914
1690730013599,1012.4301
1690730013638,1012.433
1690730013681,1012.4363
1690730013698,1012.4314
1690730013738,1012.4424
1690730013780,1012.44165
1690730013797,1012.4365
1690730013839,1012.42737
1690730013880,1012.4311
1690730013896,1012.4313
1690730013937,1012.4287
1690730013978,1012.4387
1690730013997,1012.4418
1690730014038,1012.44476
1690730014079,1012.4479
1690730014097,1012.4424
1690730014137,1012.4403
1690730014179,1012.44257
1690730014198,1012.4387
1690730014237,1012.4422
1690730014278,1012.44104
1690730014297,1012.4484
1690730014339,1012.4459
1690730014377,1012.44403
1690730014396,1012.4335
1690730014437,1012.4331
1690730014477,1012.43677
1690730014498,1012.43976
1690730014538,1012.44275
1690730014578,1012.43805
1690730014598,1012.4378
1690730014638,1012.4385
1690730014683,1012.4415
1690730014699,1012.4417
1690730014738,1012.4426
1690730014777,1012.44165
1690730014798,1012.4369
1690730014837,1012.43445
1690730014881,1012.43536
1690730014896,1012.43536
1690730014937,1012.43823
1690730014977,1012.43787
1690730014997,1012.442
1690730015037,1012.4472
1690730015076,1012.4458
1690730015096,1012.4392
1690730015138,1012.43085
1690730015177,1012.43353
1690730015198,1012.43134
1690730015237,1012.43866
1690730015280,1012.43835
1690730015298,1012.43243
1690730015338,1012.4273
1690730015382,1012.4226
1690730015396,1012.4287
1690730015437,1012.4225
1690730015479,1012.4224
1690730015498,1012.4201
1690730015537,1012.41797
1690730015580,1012.42224
1690730015597,1012.41766
1690730015637,1012.4182
1690730015678,1012.41144
1690730015698,1012.417
1690730015738,1012.41925
1690730015778,1012.4105
1690730015797,1012.40533
1690730015836,1012.4064
1690730015877,1012.39526
1690730015896,1012.38995
1690730015936,1012.39404
1690730015980,1012.395
1690730015996,1012.4022
1690730016037,1012.4149
1690730016076,1012.42554
1690730016098,1012.42554
1690730016137,1012.4187
1690730016178,1012.41815
1690730016196,1012.41254
1690730016236,1012.4136
1690730016276,1012.4133
1690730016298,1012.4147
1690730016338,1012.41565
1690730016379,1012.41113
1690730016396,1012.4096
1690730016436,1012.41956
1690730016479,1012.4169
1690730016496,1012.41266
1690730016538,1012.41534
1690730016576,1012.4208
1690730016598,1012.4242
1690730016636,1012.42163
1690730016675,1012.4242
1690730016696,1012.42224
1690730016737,1012.4188
1690730016777,1012.4176
1690730016797,1012.415
1690730016835,1012.41473
1690730016887,1012.4114
1690730016895,1012.4166
1690730016938,1012.41345
1690730016981,1012.41144
1690730016997,1012.4222
1690730017036,1012.4235
1690730017078,1012.42395
1690730017098,1012.41675
1690730017137,1012.4208
1690730017176,1012.4199
1690730017196,1012.4104
1690730017236,1012.4138
1690730017276,1012.4182
1690730017298,1012.4236
1690730017335,1012.41693
1690730017379,1012.4142
1690730017396,1012.41736
1690730017435,1012.4184
1690730017479,1012.4152
1690730017495,1012.4105
1690730017537,1012.423
1690730017577,1012.4229
1690730017596,1012.4199
1690730017637,1012.4133
1690730017675,1012.4127
1690730017695,1012.4027
1690730017737,1012.40674
1690730017777,1012.41754
1690730017799,1012.4165
1690730017835,1012.41724
1690730017883,1012.4128
1690730017897,1012.40424
1690730017935,1012.4004
1690730017975,1012.39764
1690730017995,1012.40686
1690730018037,1012.40424
1690730018077,1012.4056
1690730018095,1012.4019
1690730018136,1012.396
1690730018181,1012.38776
1690730018194,1012.3886
1690730018236,1012.3919
1690730018277,1012.4004
1690730018295,1012.40173
1690730018337,1012.4004
1690730018375,1012.3987
1690730018396,1012.3907
1690730018435,1012.38837
1690730018476,1012.3883
1690730018495,1012.3808
1690730018537,1012.38556
1690730018575,1012.3969
1690730018595,1012.4004
1690730018635,1012.3897
1690730018678,1012.3847
1690730018696,1012.36914
1690730018734,1012.36865
1690730018776,1012.3658
1690730018794,1012.3635
1690730018835,1012.3574
1690730018876,1012.358
1690730018897,1012.3673
1690730018934,1012.36456
1690730018974,1012.35455
1690730018996,1012.3445
1690730019034,1012.34595
1690730019075,1012.3438
1690730019095,1012.35175
1690730019135,1012.3518
1690730019175,1012.3485
1690730019214,1012.34814
1690730019233,1012.34906
1690730019275,1012.3536
1690730019296,1012.3513
1690730019339,1012.342
1690730019375,1012.3367
1690730019415,1012.3279
1690730019434,1012.32416
1690730019475,1012.31213
1690730019516,1012.32056
1690730019535,1012.3053
1690730019575,1012.2895
1690730019615,1012.2872
1690730019636,1012.2954
1690730019676,1012.3014
1690730019720,1012.3042
1690730019738,1012.3027
1690730019776,1012.30133
1690730019814,1012.30286
1690730019835,1012.2947
1690730019875,1012.2782
1690730019915,1012.2766
1690730019934,1012.2708
1690730019980,1012.27405
1690730020014,1012.27185
1690730020035,1012.26245
1690730020076,1012.2599
1690730020114,1012.2585
1690730020135,1012.2542
1690730020176,1012.2494
1690730020217,1012.2444
1690730020234,1012.2433
1690730020275,1012.2455
1690730020317,1012.2453
1690730020333,1012.2437
1690730020375,1012.23816
1690730020415,1012.2302
1690730020434,1012.2176
1690730020474,1012.21326
1690730020515,1012.20374
1690730020534,1012.2041
1690730020575,1012.2077
1690730020617,1012.215
1690730020636,1012.20776
1690730020676,1012.1974
1690730020715,1012.18884
1690730020733,1012.19763
1690730020776,1012.191
1690730020814,1012.187
1690730020836,1012.18744
1690730020878,1012.1807
1690730020914,1012.1742
1690730020935,1012.1722
1690730020977,1012.1695
1690730021015,1012.1646
1690730021034,1012.16077
1690730021079,1012.1648
1690730021114,1012.15906
1690730021134,1012.15
1690730021173,1012.14905
1690730021215,1012.15344
1690730021233,1012.14453
1690730021276,1012.1427
1690730021315,1012.13855
1690730021334,1012.1323
1690730021374,1012.125
1690730021413,1012.12445
1690730021435,1012.11945
1690730021477,1012.1211
1690730021515,1012.12415
1690730021534,1012.1242
1690730021575,1012.1107
1690730021616,1012.1089
1690730021634,1012.10583
1690730021674,1012.103
1690730021714,1012.10645
1690730021736,1012.10077
1690730021775,1012.0923
1690730021813,1012.0813
1690730021841,1012.0864
1690730021874,1012.08386
1690730021912,1012.08453
1690730021933,1012.0772
1690730021973,1012.07556
1690730022015,1012.07196
1690730022034,1012.06836
1690730022075,1012.0649
1690730022114,1012.0585
1690730022136,1012.0647
1690730022175,1012.0597
1690730022217,1012.05914
1690730022236,1012.06274
1690730022278,1012.0594
1690730022313,1012.0523
1690730022336,1012.05383
1690730022376,1012.0458
1690730022415,1012.0487
1690730022433,1012.04846
1690730022476,1012.0416
1690730022513,1012.0371
1690730022535,1012.04407
1690730022575,1012.03687
1690730022617,1012.0251
1690730022634,1012.02997
1690730022673,1012.0387
1690730022712,1012.0353
1690730022733,1012.0369
1690730022776,1012.03314
1690730022814,1012.0309
1690730022834,1012.0223
1690730022875,1012.0138
1690730022912,1012.01746
1690730022932,1012.0253
1690730022980,1012.02783
1690730023014,1012.0256
1690730023034,1012.02765
1690730023074,1012.01886
1690730023112,1012.015
1690730023132,1012.0062
1690730023173,1012.0015
1690730023214,1011.9983
1690730023233,1012.00946
1690730023273,1012.0111
1690730023313,1012.00977
1690730023333,1012.0018
1690730023374,1012.0049
1690730023413,1012.00726
1690730023433,1012.0133
1690730023473,1012.00824
1690730023512,1012.0
1690730023532,1012.00555
1690730023574,1012.0006
1690730023615,1012.0
1690730023633,1011.9992
1690730023673,1011.99646
1690730023712,1012.00323
1690730023731,1012.0029
1690730023776,1012.0003
1690730023815,1012.0039
1690730023833,1011.99963
1690730023875,1011.9922
1690730023911,1011.9914
1690730023931,1011.9962
1690730023977,1011.99255
1690730024012,1011.9936
1690730024032,1011.9961
1690730024075,1011.99506
1690730024116,1011.9959
1690730024132,1011.9935
1690730024177,1011.99756
1690730024214,1011.9983
1690730024232,1012.0012
1690730024273,1011.9967
1690730024312,1011.9979
1690730024332,1011.99445
1690730024375,1011.9928
1690730024412,1012.01013
1690730024432,1012.0121
1690730024483,1012.0122
1690730024511,1012.01306
1690730024533,1012.00916
1690730024577,1012.00525
1690730024613,1012.0104
1690730024631,1012.00824
1690730024672,1012.0131
1690730024714,1012.01733
1690730024734,1012.0157
1690730024773,1012.01904
1690730024811,1012.0239
1690730024834,1012.02246
1690730024872,1012.00903
1690730024911,1012.01135
1690730024931,1012.0105
1690730024975,1012.0092
1690730025012,1012.0136
1690730025032,1012.0161
1690730025071,1012.01196
1690730025116,1012.00854
1690730025132,1012.0092
1690730025174,1012.01056
1690730025213,1012.0168
1690730025234,1012.014
1690730025271,1012.0119
1690730025313,1012.0215
1690730025333,1012.0128
1690730025372,1012.013
1690730025410,1012.01843
1690730025430,1012.0259
1690730025486,1012.01605
1690730025511,1012.0027
1690730025533,1012.0001
1690730025572,1011.9993
1690730025612,1012.0143
1690730025632,1012.02136
1690730025673,1012.0237
1690730025712,1012.0238
1690730025732,1012.0178
1690730025772,1012.02045
1690730025812,1012.0244
1690730025832,1012.0193
1690730025874,1012.01636
1690730025910,1012.02405
1690730025930,1012.01794
1690730025977,1012.0145
1690730026011,1012.01245
1690730026031,1012.02185
1690730026073,1012.0254
1690730026111,1012.02155
1690730026132,1012.02625
1690730026172,1012.02765
1690730026213,1012.0297
1690730026230,1012.0303
1690730026272,1012.02795
1690730026311,1012.0321
1690730026334,1012.0191
1690730026370,1012.011
1690730026410,1012.01935
1690730026430,1012.02594
1690730026470,1012.03
1690730026512,1012.0291
1690730026534,1012.0316
1690730026572,1012.0349
1690730026613,1012.0298
1690730026630,1012.0305
1690730026669,1012.03296
1690730026713,1012.0289
1690730026732,1012.03467
1690730026771,1012.03894
1690730026810,1012.0333
1690730026830,1012.0298
1690730026873,1012.03046
1690730026909,1012.024
1690730026930,1012.02783
1690730026970,1012.0388
1690730027010,1012.0367
1690730027031,1012.03326
1690730027073,1012.03033
1690730027110,1012.0177
1690730027131,1012.0226
1690730027174,1012.026
1690730027210,1012.03485
1690730027231,1012.0209
1690730027276,1012.01654
1690730027310,1012.0204
1690730027331,1012.0228
1690730027373,1012.028
1690730027409,1012.0215
1690730027433,1012.0221
1690730027469,1012.02734
1690730027510,1012.02277
1690730027531,1012.01776
1690730027573,1012.02026
1690730027610,1012.0272
1690730027631,1012.0267
1690730027672,1012.027
1690730027711,1012.02026
1690730027732,1012.02014
1690730027770,1012.027
1690730027810,1012.0265
1690730027832,1012.0186
1690730027869,1012.01953
1690730027910,1012.02545
1690730027930,1012.03424
1690730027969,1012.0334
1690730028010,1012.02295
1690730028029,1012.02216
1690730028071,1012.02893
1690730028110,1012.02527
1690730028130,1012.0278
1690730028172,1012.0296
1690730028210,1012.0253
1690730028229,1012.02356
1690730028271,1012.02576
1690730028313,1012.03156
1690730028331,1012.0239
1690730028370,1012.0322
1690730028409,1012.03094
1690730028428,1012.0271
1690730028469,1012.0383
1690730028511,1012.0455
1690730028531,1012.0384
1690730028569,1012.0344
1690730028612,1012.0331
1690730028630,1012.03357
1690730028671,1012.0449
1690730028710,1012.0355
1690730028729,1012.0252
1690730028771,1012.02844
1690730028809,1012.03015
1690730028830,1012.0381
1690730028874,1012.035
1690730028909,1012.0362
1690730028929,1012.0408
1690730028969,1012.0401
1690730029009,1012.0365
1690730029030,1012.03577
1690730029072,1012.0403
1690730029114,1012.0386
1690730029131,1012.037
1690730029170,1012.0348
1690730029209,1012.0319
1690730029229,1012.0342
1690730029269,1012.03156
1690730029311,1012.02783
1690730029329,1012.0305
1690730029370,1012.0341
1690730029408,1012.0325
1690730029428,1012.0376
1690730029469,1012.03577
1690730029509,1012.0476
1690730029529,1012.0486
1690730029569,1012.04224
1690730029610,1012.0438
1690730029629,1012.0462
1690730029670,1012.04156
1690730029709,1012.0332
1690730029730,1012.0391
1690730029769,1012.042
1690730029813,1012.0411
1690730029828,1012.04333
1690730029870,1012.04456
1690730029911,1012.05084
1690730029930,1012.0397
1690730029970,1012.0333
1690730030008,1012.03314
1690730030030,1012.03796
1690730030070,1012.042
1690730030112,1012.0396
1690730030128,1012.0397
1690730030169,1012.0404
1690730030210,1012.0451
1690730030232,1012.04596
1690730030269,1012.0491
1690730030314,1012.0398
1690730030331,1012.05444
1690730030369,1012.0508
1690730030410,1012.0525
1690730030428,1012.04315
1690730030469,1012.0453
1690730030509,1012.0464
1690730030528,1012.037
1690730030567,1012.0371
1690730030608,1012.04065
1690730030629,1012.0412
1690730030669,1012.0437
1690730030709,1012.05225
1690730030727,1012.04346
1690730030768,1012.04095
1690730030813,1012.03815
1690730030830,1012.0381
1690730030870,1012.0353
1690730030907,1012.0389
1690730030927,1012.04236
1690730030967,1012.0436
1690730031011,1012.0459
1690730031029,1012.05115
1690730031070,1012.0508
1690730031109,1012.0454
1690730031128,1012.0369
1690730031169,1012.03467
1690730031209,1012.03674
1690730031229,1012.0397
1690730031270,1012.0442
1690730031308,1012.04694
1690730031331,1012.0539
1690730031367,1012.0473
1690730031408,1012.0517
1690730031427,1012.0465
1690730031467,1012.0512
1690730031509,1012.04724
1690730031528,1012.0524
1690730031569,1012.0413
1690730031613,1012.0378
1690730031630,1012.0405
1690730031667,1012.03845
1690730031708,1012.04126
1690730031732,1012.045
1690730031767,1012.03625
1690730031810,1012.031
1690730031830,1012.0297
1690730031869,1012.0283
1690730031913,1012.032
1690730031926,1012.03534
1690730031968,1012.0459
1690730032008,1012.048
1690730032029,1012.053
1690730032068,1012.0455
1690730032108,1012.0399
1690730032129,1012.0437
1690730032168,1012.0387
1690730032207,1012.0372
1690730032227,1012.03766
1690730032268,1012.0419
1690730032308,1012.0362
1690730032328,1012.0513
1690730032367,1012.05743
1690730032407,1012.0498
1690730032427,1012.04913
1690730032467,1012.0463
1690730032510,1012.03674
1690730032527,1012.03735
1690730032567,1012.0439
1690730032610,1012.0526
1690730032629,1012.0509
1690730032670,1012.0478
1690730032706,1012.04675
1690730032727,1012.0389
1690730032768,1012.0485
1690730032808,1012.05566
1690730032828,1012.04675
1690730032870,1012.05
1690730032911,1012.05005
1690730032928,1012.0447
1690730032967,1012.0464
1690730033014,1012.04266
1690730033027,1012.03613
1690730033067,1012.04114
1690730033107,1012.0394
1690730033128,1012.0382
1690730033168,1012.04376
1690730033206,1012.0523
1690730033227,1012.0532
1690730033268,1012.046
1690730033307,1012.0425
1690730033328,1012.04565
1690730033368,1012.0444
1690730033417,1012.0377
1690730033427,1012.0479
1690730033467,1012.0525
1690730033513,1012.0491
1690730033527,1012.0445
1690730033567,1012.04126
1690730033608,1012.042
1690730033626,1012.046
1690730033668,1012.051
1690730033705,1012.0498
1690730033729,1012.0437
1690730033768,1012.0432
1690730033809,1012.0408
1690730033827,1012.0426
1690730033866,1012.0552
1690730033909,1012.0517
1690730033925,1012.0403
1690730033966,1012.0461
1690730034013,1012.0438
1690730034031,1012.04126
1690730034066,1012.04407
1690730034109,1012.04364
1690730034126,1012.0486
1690730034170,1012.0553
1690730034207,1012.0561
1690730034226,1012.0593
1690730034270,1012.0503
1690730034307,1012.05597
1690730034326,1012.0585
1690730034367,1012.0532
1690730034411,1012.06006
1690730034426,1012.0571
1690730034467,1012.0505
1690730034505,1012.05286
1690730034526,1012.0494
1690730034572,1012.0481
1690730034607,1012.0467
1690730034628,1012.03973
1690730034666,1012.04614
1690730034707,1012.03906
1690730034727,1012.04193
1690730034768,1012.03625
1690730034807,1012.0264
1690730034826,1012.0362
1690730034867,1012.0294
1690730034905,1012.0348
1690730034925,1012.0337
1690730034967,1012.03894
1690730035005,1012.0338
1690730035025,1012.03796
1690730035066,1012.04663
1690730035107,1012.0452
1690730035126,1012.0398
1690730035167,1012.03595
1690730035206,1012.03625
1690730035229,1012.0331
1690730035265,1012.0376
1690730035306,1012.04504
1690730035326,1012.04297
1690730035371,1012.04065
1690730035408,1012.04156
1690730035429,1012.0422
1690730035465,1012.0341
1690730035507,1012.02545
1690730035526,1012.0324
1690730035567,1012.03296
1690730035606,1012.03674
1690730035626,1012.0398
1690730035666,1012.0338
1690730035706,1012.0317
1690730035724,1012.03845
1690730035766,1012.0406
1690730035807,1012.0417
1690730035827,1012.0394
1690730035867,1012.04065
1690730035912,1012.03754
1690730035924,1012.0366
1690730035965,1012.03467
1690730036008,1012.04285
1690730036025,1012.0443
1690730036065,1012.0469
1690730036106,1012.0445
1690730036130,1012.04736
1690730036167,1012.0482
1690730036206,1012.0486
1690730036225,1012.0525
1690730036265,1012.05817
1690730036307,1012.0532
1690730036326,1012.04913
1690730036367,1012.0481
1690730036409,1012.0485
1690730036426,1012.053
1690730036464,1012.0471
1690730036510,1012.0471
1690730036525,1012.0408
1690730036566,1012.0526
1690730036606,1012.0543
1690730036626,1012.0503
1690730036665,1012.05
1690730036705,1012.0494
1690730036728,1012.05493
1690730036765,1012.0517
1690730036806,1012.0536
1690730036827,1012.0393
1690730036864,1012.0522
1690730036909,1012.0496
1690730036926,1012.0485
1690730036965,1012.05383
1690730037005,1012.0527
1690730037027,1012.05005
1690730037064,1012.05084
1690730037106,1012.04004
1690730037126,1012.0381
1690730037166,1012.04016
1690730037205,1012.0409
1690730037226,1012.03076
1690730037266,1012.03424
1690730037306,1012.0388
1690730037327,1012.0433
1690730037368,1012.0459
1690730037405,1012.037
1690730037425,1012.04
1690730037464,1012.0435
1690730037506,1012.04016
1690730037525,1012.043
1690730037565,1012.0376
1690730037604,1012.0388
1690730037625,1012.0375
1690730037666,1012.03534
1690730037713,1012.03815
1690730037725,1012.0279
1690730037765,1012.0384
1690730037804,1012.04047
1690730037824,1012.0308
1690730037867,1012.037
1690730037906,1012.02844
1690730037926,1012.0203
1690730037964,1012.0205
1690730038010,1012.02686
1690730038025,1012.0255
1690730038065,1012.02295
1690730038105,1012.0175
1690730038126,1012.0169
1690730038168,1012.0091
1690730038207,1012.0119
1690730038224,1012.02045
1690730038266,1012.01953
1690730038306,1012.01483
1690730038325,1012.01306
1690730038366,1012.0052
1690730038406,1012.0
1690730038424,1012.00574
1690730038463,1011.9968
1690730038505,1011.99457
1690730038524,1011.98987
1690730038565,1011.9965
1690730038606,1011.99664
1690730038633,1011.9924
1690730038665,1011.9846
1690730038705,1011.98706
1690730038724,1011.977
1690730038765,1011.9827
1690730038804,1011.97565
1690730038823,1011.9673
1690730038867,1011.96484
1690730038906,1011.95593
1690730038923,1011.9493
1690730038963,1011.9418
1690730039005,1011.9294
1690730039024,1011.9287
1690730039066,1011.92487
1690730039104,1011.9243
1690730039124,1011.9195
1690730039164,1011.9173
1690730039204,1011.9068
1690730039225,1011.9136
1690730039265,1011.9212
1690730039306,1011.91394
1690730039325,1011.9077
1690730039363,1011.9065
1690730039406,1011.9059
1690730039424,1011.893
1690730039463,1011.89325
1690730039504,1011.88684
1690730039525,1011.88025
1690730039564,1011.8752
1690730039606,1011.8734
1690730039626,1011.86127
1690730039665,1011.86304
1690730039706,1011.86053
1690730039725,1011.85547
1690730039764,1011.847
1690730039803,1011.8527
1690730039823,1011.8457
1690730039866,1011.844
1690730039907,1011.8302
1690730039923,1011.83154
1690730039962,1011.8294
1690730040019,1011.82104
1690730040025,1011.8159
1690730040065,1011.8154
1690730040103,1011.813
1690730040123,1011.8069
1690730040163,1011.79877
1690730040204,1011.79565
1690730040226,1011.7985
1690730040263,1011.79346
1690730040304,1011.78064
1690730040324,1011.7759
1690730040366,1011.77423
1690730040405,1011.7807
1690730040425,1011.78076
1690730040462,1011.7749
1690730040504,1011.7667
1690730040528,1011.7561
1690730040563,1011.7572
1690730040605,1011.75323
1690730040624,1011.7539
1690730040664,1011.7487
1690730040704,1011.74634
1690730040724,1011.7461
1690730040762,1011.7386
1690730040806,1011.741
1690730040824,1011.7422
1690730040864,1011.7423
1690730040907,1011.7279
1690730040944,1011.72217
1690730040963,1011.7171
1690730041002,1011.7176
1690730041043,1011.7097
1690730041066,1011.70514
1690730041103,1011.7054
1690730041142,1011.70703
1690730041163,1011.70624
1690730041204,1011.70496
1690730041243,1011.68896
1690730041262,1011.6868
1690730041303,1011.68787
1690730041342,1011.68384
1690730041363,1011.6794
1690730041404,1011.67847
1690730041443,1011.68066
1690730041462,1011.67255
1690730041503,1011.6682
1690730041544,1011.6614
1690730041562,1011.661
1690730041608,1011.6586
1690730041643,1011.6577
1690730041663,1011.6585
1690730041703,1011.6563
1690730041745,1011.6528
1690730041762,1011.6508
1690730041802,1011.6443
1690730041824,1011.6443
1690730041863,1011.6526
1690730041904,1011.64685
1690730041945,1011.6455
1690730041962,1011.64417
1690730042002,1011.6396
1690730042042,1011.6394
1690730042062,1011.64
1690730042103,1011.6327
1690730042144,1011.63696
1690730042162,1011.6394
1690730042205,1011.63385
1690730042245,1011.62384
1690730042263,1011.6373
1690730042305,1011.6274
1690730042344,1011.6179
1690730042363,1011.6185
1690730042404,1011.6106
1690730042443,1011.60614
1690730042461,1011.5935
1690730042502,1011.60016
1690730042545,1011.60547
1690730042563,1011.5962
1690730042603,1011.59204
1690730042643,1011.5935
1690730042664,1011.5961
1690730042704,1011.6018
1690730042742,1011.5999
1690730042767,1011.5922
1690730042803,1011.5928
1690730042842,1011.5867
1690730042865,1011.58325
1690730042904,1011.5952
1690730042944,1011.60205
1690730042961,1011.599
1690730043001,1011.598
1690730043046,1011.59406
1690730043061,1011.59705
1690730043103,1011.59265
1690730043141,1011.6004
1690730043161,1011.60406
1690730043203,1011.60114
1690730043245,1011.59814
1690730043262,1011.6001
1690730043304,1011.59094
1690730043342,1011.5997
1690730043363,1011.5945
1690730043401,1011.5884
1690730043442,1011.5891
1690730043460,1011.5896
1690730043500,1011.5814
1690730043542,1011.5824
1690730043562,1011.58844
1690730043602,1011.583
1690730043641,1011.59045
1690730043661,1011.58484
1690730043702,1011.5875
1690730043743,1011.5868
1690730043763,1011.5906
1690730043801,1011.59204
1690730043841,1011.5975
1690730043862,1011.6023
1690730043901,1011.6111
1690730043940,1011.6173
1690730043960,1011.6271
1690730044002,1011.64166
1690730044040,1011.64874
1690730044060,1011.64124
1690730044104,1011.64844
1690730044142,1011.6437
1690730044162,1011.65375
1690730044202,1011.6519
1690730044242,1011.64886
1690730044262,1011.65515
1690730044301,1011.6554
1690730044343,1011.6519
1690730044363,1011.64526
1690730044401,1011.6519
1690730044441,1011.65283
1690730044460,1011.66125
1690730044500,1011.66144
1690730044541,1011.6479
1690730044562,1011.6538
1690730044601,1011.6509
1690730044641,1011.6539
1690730044663,1011.65686
1690730044702,1011.6574
1690730044745,1011.6615
1690730044761,1011.66797
1690730044801,1011.66626
1690730044841,1011.65765
1690730044861,1011.65674
1690730044901,1011.65314
1690730044939,1011.65985
1690730044960,1011.66406
1690730045000,1011.6585
1690730045040,1011.6579
1690730045060,1011.6566
1690730045102,1011.656
1690730045142,1011.6627
1690730045163,1011.6599
1690730045200,1011.6564
1690730045240,1011.6538
1690730045260,1011.655
1690730045304,1011.66064
1690730045342,1011.6555
1690730045364,1011.65625
1690730045401,1011.6559
1690730045441,1011.6544
1690730045459,1011.65607
1690730045501,1011.65234
1690730045544,1011.6537
1690730045561,1011.66345
1690730045601,1011.6676
1690730045643,1011.66144
1690730045662,1011.6554
1690730045702,1011.66364
1690730045740,1011.66016
1690730045762,1011.65985
1690730045800,1011.6623
1690730045842,1011.6615
1690730045861,1011.66187
1690730045900,1011.6572
1690730045942,1011.65985
1690730045960,1011.6643
1690730046000,1011.6649
1690730046039,1011.6637
1690730046062,1011.6549
1690730046105,1011.65186
1690730046140,1011.6434
1690730046162,1011.64746
1690730046201,1011.6496
1690730046239,1011.6495
1690730046259,1011.65393
1690730046300,1011.66406
1690730046343,1011.6675
1690730046359,1011.6706
1690730046400,1011.6669
1690730046438,1011.6659
1690730046458,1011.6659
1690730046498,1011.6671
