1690728787690,1013.43286
1690728787712,1013.40967
1690728787750,1013.4054
1690728787791,1013.407
1690728787810,1013.4058
1690728787850,1013.41797
1690728787890,1013.43335
1690728787912,1013.4384
1690728787950,1013.44965
1690728787990,1013.4375
1690728788010,1013.4316
1690728788059,1013.42847
1690728788090,1013.4223
1690728788113,1013.4084
1690728788153,1013.40497
1690728788192,1013.4072
1690728788213,1013.40735
1690728788255,1013.4036
1690728788274,1013.4127
1690728788317,1013.42566
1690728788350,1013.4358
1690728788390,1013.4358
1690728788415,1013.44006
1690728788451,1013.4376
1690728788494,1013.44183
1690728788512,1013.436
1690728788551,1013.4359
1690728788590,1013.431
1690728788612,1013.42334
1690728788652,1013.42426
1690728788694,1013.4306
1690728788712,1013.42596
1690728788753,1013.418
1690728788793,1013.4236
1690728788813,1013.42566
1690728788849,1013.4297
1690728788890,1013.4344
1690728788913,1013.44586
1690728788951,1013.45044
1690728788993,1013.44507
1690728789014,1013.4583
1690728789050,1013.4463
1690728789091,1013.43225
1690728789110,1013.4304
1690728789153,1013.4299
1690728789192,1013.4207
1690728789210,1013.42126
1690728789251,1013.4176
1690728789292,1013.41693
1690728789310,1013.4264
1690728789355,1013.4351
1690728789391,1013.43774
1690728789412,1013.44714
1690728789450,1013.449
1690728789492,1013.44617
1690728789513,1013.4402
1690728789553,1013.43787
1690728789590,1013.4352
1690728789610,1013.4314
1690728789672,1013.42523
1690728789690,1013.41406
1690728789711,1013.41113
1690728789749,1013.4105
1690728789790,1013.42395
1690728789809,1013.43286
1690728789850,1013.43134
1690728789891,1013.4389
1690728789910,1013.4389
1690728789952,1013.4415
1690728789989,1013.4343
1690728790011,1013.43085
1690728790049,1013.4246
1690728790092,1013.412
1690728790110,1013.40735
1690728790159,1013.40393
1690728790189,1013.40765
1690728790210,1013.4121
1690728790249,1013.4237
1690728790290,1013.43726
1690728790310,1013.4417
1690728790349,1013.4418
1690728790389,1013.44226
1690728790411,1013.4317
1690728790449,1013.4179
1690728790489,1013.40735
1690728790509,1013.39703
1690728790555,1013.3916
1690728790590,1013.3793
1690728790614,1013.37506
1690728790648,1013.3755
1690728790689,1013.37317
1690728790710,1013.356
1690728790756,1013.3491
1690728790793,1013.35364
1690728790810,1013.3667
1690728790849,1013.3782
1690728790891,1013.3977
1690728790910,1013.4183
1690728790949,1013.4275
1690728790991,1013.43567
1690728791009,1013.4398
1690728791051,1013.4455
1690728791090,1013.4598
1690728791113,1013.45044
1690728791151,1013.45337
1690728791192,1013.4548
1690728791211,1013.45
1690728791250,1013.44574
1690728791293,1013.4483
1690728791309,1013.4391
1690728791350,1013.42224
1690728791389,1013.4232
1690728791414,1013.40924
1690728791448,1013.3794
1690728791490,1013.34753
1690728791509,1013.31714
1690728791554,1013.31494
1690728791591,1013.34186
1690728791609,1013.3677
1690728791650,1013.39294
1690728791691,1013.4159
1690728791710,1013.438
1690728791750,1013.4475
1690728791790,1013.4539
1690728791813,1013.4651
1690728791848,1013.4679
1690728791889,1013.45306
1690728791915,1013.4486
1690728791952,1013.444
1690728791993,1013.4415
1690728792012,1013.4284
1690728792050,1013.4237
1690728792091,1013.40533
1690728792112,1013.4072
1690728792152,1013.40295
1690728792189,1013.3991
1690728792213,1013.39764
1690728792249,1013.38794
1690728792291,1013.38
1690728792311,1013.3706
1690728792353,1013.3716
1690728792388,1013.3769
1690728792408,1013.3799
1690728792449,1013.3918
1690728792491,1013.39594
1690728792516,1013.4175
1690728792550,1013.4295
1690728792588,1013.43536
1690728792609,1013.4303
1690728792654,1013.41486
1690728792694,1013.40027
1690728792709,1013.3914
1690728792752,1013.3889
1690728792790,1013.39374
1690728792811,1013.38525
1690728792852,1013.3734
1690728792888,1013.3727
1690728792908,1013.3806
1690728792948,1013.37665
1690728792992,1013.3801
1690728793010,1013.37213
1690728793052,1013.35333
1690728793093,1013.3492
1690728793109,1013.3601
1690728793152,1013.36584
1690728793188,1013.36127
1690728793210,1013.37256
1690728793250,1013.3923
1690728793291,1013.40717
1690728793313,1013.412
1690728793347,1013.41797
1690728793388,1013.4333
1690728793412,1013.43744
1690728793448,1013.43884
1690728793489,1013.43756
1690728793508,1013.4388
1690728793547,1013.43884
1690728793591,1013.44556
1690728793611,1013.4521
1690728793649,1013.44135
1690728793689,1013.44666
1690728793707,1013.45703
1690728793748,1013.4595
1690728793787,1013.4601
1690728793809,1013.4605
1690728793851,1013.4606
1690728793897,1013.4627
1690728793908,1013.4571
1690728793949,1013.456
1690728793989,1013.45355
1690728794010,1013.4538
1690728794048,1013.457
1690728794089,1013.4608
1690728794113,1013.45166
1690728794150,1013.4475
1690728794189,1013.45166
1690728794215,1013.44727
1690728794247,1013.4409
1690728794295,1013.4395
1690728794310,1013.44244
1690728794347,1013.4376
1690728794388,1013.4392
1690728794408,1013.4353
1690728794447,1013.4418
1690728794489,1013.4393
1690728794513,1013.43335
1690728794549,1013.43774
1690728794592,1013.44556
1690728794609,1013.43896
1690728794650,1013.42816
1690728794688,1013.41406
1690728794711,1013.4041
1690728794750,1013.4046
1690728794789,1013.4017
1690728794810,1013.4086
1690728794848,1013.4
1690728794887,1013.41235
1690728794908,1013.41565
1690728794947,1013.42035
1690728794990,1013.4347
1690728795007,1013.43915
1690728795048,1013.4542
1690728795090,1013.4552
1690728795112,1013.46405
1690728795148,1013.46545
1690728795189,1013.47095
1690728795208,1013.4659
1690728795247,1013.47327
1690728795289,1013.4661
1690728795308,1013.46594
1690728795349,1013.4595
1690728795387,1013.4639
1690728795407,1013.4685
1690728795448,1013.45746
1690728795490,1013.43744
1690728795509,1013.4218
1690728795549,1013.4291
1690728795588,1013.43195
1690728795612,1013.43774
1690728795647,1013.43945
1690728795687,1013.4374
1690728795708,1013.4335
1690728795747,1013.44104
1690728795787,1013.4468
1690728795810,1013.4504
1690728795846,1013.453
1690728795887,1013.45654
1690728795906,1013.45013
1690728795959,1013.4381
1690728795987,1013.4294
1690728796007,1013.4291
1690728796047,1013.4209
1690728796088,1013.41205
1690728796108,1013.4062
1690728796147,1013.39636
1690728796188,1013.38837
1690728796208,1013.3972
1690728796246,1013.3924
1690728796288,1013.4089
1690728796309,1013.4206
1690728796347,1013.42944
1690728796386,1013.4359
1690728796406,1013.4393
1690728796448,1013.4457
1690728796488,1013.4572
1690728796510,1013.45966
1690728796547,1013.4646
1690728796592,1013.4649
1690728796605,1013.46625
1690728796647,1013.4663
1690728796687,1013.4634
1690728796710,1013.4641
1690728796748,1013.4626
1690728796787,1013.44763
1690728796806,1013.4436
1690728796848,1013.4307
1690728796887,1013.40247
1690728796907,1013.3923
1690728796947,1013.37933
1690728796989,1013.3915
1690728797009,1013.41675
1690728797046,1013.44183
1690728797087,1013.4535
1690728797107,1013.45447
1690728797147,1013.4537
1690728797187,1013.4606
1690728797206,1013.4609
1690728797247,1013.4538
1690728797287,1013.4541
1690728797308,1013.4633
1690728797346,1013.4578
1690728797386,1013.452
1690728797407,1013.44867
1690728797455,1013.45685
1690728797487,1013.46405
1690728797507,1013.46045
1690728797547,1013.4522
1690728797588,1013.44116
1690728797608,1013.43866
1690728797649,1013.4339
1690728797687,1013.43713
1690728797708,1013.4325
1690728797746,1013.41254
1690728797788,1013.4054
1690728797808,1013.4042
1690728797846,1013.4123
1690728797886,1013.4227
1690728797906,1013.4414
1690728797946,1013.45056
1690728797986,1013.45056
1690728798010,1013.4585
1690728798048,1013.4647
1690728798088,1013.4619
1690728798107,1013.45807
1690728798148,1013.4563
1690728798187,1013.4592
1690728798208,1013.46063
1690728798247,1013.46136
1690728798287,1013.4677
1690728798305,1013.4643
1690728798344,1013.4492
1690728798385,1013.45026
1690728798405,1013.44135
1690728798445,1013.4381
1690728798487,1013.4272
1690728798509,1013.4075
1690728798547,1013.40344
1690728798587,1013.4137
1690728798611,1013.41003
1690728798647,1013.4182
1690728798686,1013.42255
1690728798708,1013.4315
1690728798745,1013.44055
1690728798788,1013.44226
1690728798806,1013.45105
1690728798845,1013.4575
1690728798884,1013.4581
1690728798904,1013.4684
1690728798945,1013.4731
1690728798988,1013.4801
1690728799006,1013.4785
1690728799047,1013.47876
1690728799085,1013.47736
1690728799106,1013.4853
1690728799145,1013.48157
1690728799187,1013.4726
1690728799206,1013.46735
1690728799246,1013.46313
1690728799285,1013.4575
1690728799306,1013.4551
1690728799344,1013.4572
1690728799384,1013.45056
1690728799407,1013.4407
1690728799445,1013.43945
1690728799485,1013.44916
1690728799506,1013.4578
1690728799543,1013.45667
1690728799587,1013.45557
1690728799612,1013.45557
1690728799647,1013.45465
1690728799684,1013.4568
1690728799705,1013.4573
1690728799747,1013.4673
1690728799789,1013.4636
1690728799805,1013.46375
1690728799847,1013.4597
1690728799884,1013.4343
1690728799904,1013.41736
1690728799946,1013.4164
1690728799990,1013.4192
1690728800007,1013.42523
1690728800045,1013.4308
1690728800086,1013.4485
1690728800107,1013.4538
1690728800148,1013.4454
1690728800186,1013.43616
1690728800207,1013.4361
1690728800244,1013.4266
1690728800285,1013.4235
1690728800307,1013.4295
1690728800348,1013.42505
1690728800385,1013.4243
1690728800404,1013.4347
1690728800446,1013.4363
1690728800485,1013.4447
1690728800506,1013.447
1690728800544,1013.44293
1690728800585,1013.4494
1690728800604,1013.4602
1690728800644,1013.4657
1690728800686,1013.47034
1690728800706,1013.467
1690728800747,1013.4658
1690728800786,1013.4602
1690728800804,1013.4391
1690728800848,1013.4253
1690728800884,1013.4021
1690728800903,1013.38605
1690728800954,1013.37866
1690728800985,1013.3852
1690728801005,1013.38794
1690728801044,1013.39905
1690728801086,1013.4121
1690728801104,1013.42194
1690728801144,1013.43274
1690728801187,1013.4331
1690728801206,1013.4323
1690728801248,1013.44055
1690728801284,1013.43713
1690728801306,1013.43634
1690728801347,1013.4351
1690728801383,1013.4435
1690728801407,1013.4539
1690728801446,1013.4555
1690728801485,1013.4496
1690728801536,1013.43774
1690728801543,1013.43884
1690728801585,1013.4257
1690728801607,1013.4105
1690728801643,1013.41235
1690728801685,1013.4048
1690728801706,1013.3994
1690728801745,1013.389
1690728801789,1013.3742
1690728801804,1013.3645
1690728801848,1013.3717
1690728801883,1013.38654
1690728801904,1013.40533
1690728801944,1013.416
1690728801984,1013.42126
1690728802005,1013.43195
1690728802048,1013.4358
1690728802086,1013.4457
1690728802107,1013.4453
1690728802145,1013.4456
1690728802184,1013.447
1690728802204,1013.449
1690728802249,1013.44507
1690728802287,1013.4367
1690728802304,1013.42505
1690728802351,1013.41473
1690728802383,1013.40137
1690728802403,1013.3948
1690728802444,1013.3933
1690728802486,1013.38074
1690728802510,1013.38116
1690728802544,1013.3832
1690728802585,1013.39545
1690728802603,1013.4014
1690728802646,1013.41077
1690728802686,1013.42194
1690728802706,1013.4345
1690728802746,1013.4453
1690728802782,1013.45276
1690728802803,1013.4572
1690728802853,1013.4696
1690728802883,1013.46155
1690728802903,1013.4548
1690728802953,1013.45465
1690728802984,1013.4457
1690728803003,1013.43744
1690728803044,1013.4262
1690728803087,1013.4131
1690728803108,1013.3938
1690728803143,1013.38556
1690728803184,1013.3706
1690728803205,1013.37103
1690728803245,1013.37866
1690728803287,1013.38306
1690728803306,1013.38116
1690728803346,1013.3841
1690728803383,1013.38965
1690728803402,1013.4072
1690728803449,1013.41797
1690728803484,1013.4385
1690728803503,1013.46533
1690728803545,1013.49036
1690728803587,1013.5023
1690728803604,1013.5044
1690728803646,1013.5107
1690728803685,1013.5086
1690728803704,1013.50775
1690728803743,1013.4918
1690728803791,1013.4903
1690728803805,1013.48517
1690728803847,1013.46216
1690728803882,1013.4512
1690728803902,1013.4375
1690728803956,1013.4199
1690728803985,1013.4133
1690728804005,1013.402
1690728804047,1013.39343
1690728804083,1013.37836
1690728804102,1013.35693
1690728804142,1013.344
1690728804183,1013.343
1690728804203,1013.36096
1690728804247,1013.3894
1690728804283,1013.4046
1690728804303,1013.43555
1690728804343,1013.4565
1690728804383,1013.46967
1690728804402,1013.47534
1690728804452,1013.4823
1690728804486,1013.4911
1690728804502,1013.4913
1690728804544,1013.49304
1690728804582,1013.4981
1690728804603,1013.5036
1690728804644,1013.499
1690728804682,1013.496
1690728804704,1013.4929
1690728804742,1013.4861
1690728804787,1013.48645
1690728804804,1013.49274
1690728804842,1013.4878
1690728804881,1013.4976
1690728804901,1013.4869
1690728804941,1013.4943
1690728804985,1013.4948
1690728805004,1013.4928
1690728805046,1013.49475
1690728805082,1013.49274
1690728805105,1013.48517
1690728805144,1013.4823
1690728805184,1013.48004
1690728805208,1013.4801
1690728805243,1013.4867
1690728805281,1013.49963
1690728805303,1013.50055
1690728805343,1013.50073
1690728805382,1013.49963
1690728805402,1013.4935
1690728805448,1013.48584
1690728805482,1013.48615
1690728805505,1013.48865
1690728805546,1013.4906
1690728805584,1013.49457
1690728805604,1013.49744
1690728805641,1013.50323
1690728805682,1013.49976
1690728805702,1013.5025
1690728805742,1013.51196
1690728805784,1013.5195
1690728805804,1013.50995
1690728805842,1013.51
1690728805880,1013.52155
1690728805901,1013.51624
1690728805941,1013.52185
1690728805982,1013.5173
1690728806003,1013.5176
1690728806042,1013.5116
1690728806081,1013.5108
1690728806102,1013.51904
1690728806147,1013.5332
1690728806182,1013.53033
1690728806202,1013.5222
1690728806241,1013.5143
1690728806283,1013.5057
1690728806302,1013.49335
1690728806341,1013.4754
1690728806380,1013.4591
1690728806401,1013.45355
1690728806442,1013.4503
1690728806480,1013.45233
1690728806502,1013.4543
1690728806542,1013.4502
1690728806582,1013.4467
1690728806601,1013.45013
1690728806646,1013.4541
1690728806682,1013.4579
1690728806703,1013.46265
1690728806742,1013.47437
1690728806782,1013.4884
1690728806802,1013.48975
1690728806841,1013.4927
1690728806880,1013.48987
1690728806900,1013.4976
1690728806941,1013.5044
1690728806981,1013.5092
1690728807001,1013.5034
1690728807044,1013.48755
1690728807086,1013.4855
1690728807106,1013.4763
1690728807141,1013.4766
1690728807181,1013.4751
1690728807208,1013.4789
1690728807240,1013.47424
1690728807283,1013.4625
1690728807302,1013.47363
1690728807343,1013.46906
1690728807380,1013.4617
1690728807401,1013.45276
1690728807440,1013.45844
1690728807482,1013.4612
1690728807503,1013.4702
1690728807542,1013.4739
1690728807582,1013.47797
1690728807600,1013.4856
1690728807642,1013.49457
1690728807684,1013.49274
1690728807707,1013.49304
1690728807741,1013.49976
1690728807781,1013.49695
1690728807801,1013.5004
1690728807842,1013.5054
1690728807882,1013.5039
1690728807901,1013.4965
1690728807940,1013.4884
1690728807981,1013.48645
1690728808002,1013.486
1690728808042,1013.4713
1690728808083,1013.46857
1690728808103,1013.46704
1690728808143,1013.46655
1690728808180,1013.46387
1690728808201,1013.468
1690728808240,1013.4579
1690728808280,1013.45746
1690728808300,1013.4575
1690728808343,1013.4686
1690728808381,1013.4678
1690728808399,1013.4755
1690728808440,1013.4785
1690728808480,1013.47626
1690728808500,1013.4697
1690728808541,1013.4746
1690728808582,1013.47314
1690728808603,1013.4796
1690728808642,1013.48315
1690728808681,1013.48474
1690728808702,1013.4963
1690728808740,1013.49475
1690728808780,1013.49835
1690728808800,1013.493
1690728808844,1013.4882
1690728808880,1013.48364
1690728808899,1013.471
1690728808940,1013.4639
1690728808979,1013.47174
1690728809002,1013.46564
1690728809044,1013.4672
1690728809081,1013.46674
1690728809102,1013.4658
1690728809139,1013.4742
1690728809180,1013.4713
1690728809200,1013.4843
1690728809242,1013.4885
1690728809281,1013.497
1690728809305,1013.5078
1690728809338,1013.5026
1690728809381,1013.498
1690728809398,1013.5
1690728809440,1013.5052
1690728809486,1013.4995
1690728809499,1013.49243
1690728809541,1013.48956
1690728809579,1013.4884
1690728809601,1013.48364
1690728809639,1013.4846
1690728809679,1013.4857
1690728809699,1013.47876
1690728809740,1013.48425
1690728809780,1013.4857
1690728809819,1013.48364
1690728809840,1013.48004
1690728809879,1013.4727
1690728809919,1013.4712
1690728809938,1013.46967
1690728809978,1013.46716
1690728810019,1013.4751
1690728810039,1013.484
1690728810078,1013.4829
1690728810119,1013.4812
1690728810138,1013.48505
1690728810179,1013.4892
1690728810220,1013.4883
1690728810240,1013.49414
1690728810280,1013.4945
1690728810319,1013.49634
1690728810341,1013.4945
1690728810382,1013.49475
1690728810398,1013.4966
1690728810439,1013.4959
1690728810480,1013.494
1690728810519,1013.4921
1690728810540,1013.4847
1690728810595,1013.48315
1690728810620,1013.48315
1690728810640,1013.4816
1690728810681,1013.48035
1690728810718,1013.4808
1690728810738,1013.4851
1690728810781,1013.4794
1690728810820,1013.4812
1690728810840,1013.47815
1690728810884,1013.48157
1690728810918,1013.4754
1690728810939,1013.4745
1690728810979,1013.4807
1690728811022,1013.4917
1690728811038,1013.49084
1690728811084,1013.4905
1690728811120,1013.4977
1690728811139,1013.49615
1690728811179,1013.49304
1690728811220,1013.4875
1690728811241,1013.48413
1690728811279,1013.4759
1690728811322,1013.4773
1690728811346,1013.47864
1690728811378,1013.47235
1690728811418,1013.4805
1690728811439,1013.4801
1690728811487,1013.4784
1690728811518,1013.4757
1690728811538,1013.47504
1690728811579,1013.47144
1690728811618,1013.4762
1690728811642,1013.47876
1690728811681,1013.4823
1690728811718,1013.48944
1690728811738,1013.4816
1690728811780,1013.48425
1690728811820,1013.4866
1690728811838,1013.49255
1690728811881,1013.4982
1690728811918,1013.49805
1690728811939,1013.4923
1690728811978,1013.4878
1690728812019,1013.4857
1690728812040,1013.48944
1690728812079,1013.4884
1690728812120,1013.49097
1690728812139,1013.47974
1690728812181,1013.47986
1690728812218,1013.4761
1690728812238,1013.4674
1690728812280,1013.46234
1690728812320,1013.4601
1690728812339,1013.46265
1690728812378,1013.4644
1690728812417,1013.4678
1690728812437,1013.47235
1690728812477,1013.46875
1690728812519,1013.4749
1690728812538,1013.47485
1690728812578,1013.4866
1690728812623,1013.4882
1690728812638,1013.4911
1690728812678,1013.4877
1690728812719,1013.4848
1690728812738,1013.4762
1690728812778,1013.48145
1690728812820,1013.47626
1690728812839,1013.4721
1690728812876,1013.4723
1690728812918,1013.4702
1690728812938,1013.46625
1690728812979,1013.4584
1690728813018,1013.4599
1690728813040,1013.4684
1690728813078,1013.4722
1690728813119,1013.47437
1690728813142,1013.4669
1690728813177,1013.46313
1690728813220,1013.4494
1690728813237,1013.459
1690728813279,1013.468
1690728813319,1013.46704
1690728813339,1013.4695
1690728813377,1013.47
1690728813417,1013.4725
1690728813436,1013.4763
1690728813479,1013.4763
1690728813519,1013.4748
1690728813538,1013.47797
1690728813580,1013.4737
1690728813625,1013.4795
1690728813637,1013.4783
1690728813678,1013.4707
1690728813721,1013.4699
1690728813737,1013.46313
1690728813778,1013.46106
1690728813817,1013.4573
1690728813836,1013.4601
1690728813881,1013.4717
1690728813917,1013.4707
1690728813937,1013.4605
1690728813977,1013.4651
1690728814020,1013.46674
1690728814038,1013.45776
1690728814078,1013.4594
1690728814119,1013.4616
1690728814140,1013.4705
1690728814177,1013.4698
1690728814222,1013.4787
1690728814237,1013.4762
1690728814277,1013.4752
1690728814319,1013.4723
1690728814338,1013.47534
1690728814376,1013.48157
1690728814416,1013.4818
1690728814436,1013.48346
1690728814476,1013.48083
1690728814518,1013.47577
1690728814537,1013.4614
1690728814576,1013.4515
1690728814618,1013.4642
1690728814643,1013.4737
1690728814677,1013.4763
1690728814716,1013.4757
1690728814737,1013.4783
1690728814775,1013.48334
1690728814817,1013.477
1690728814836,1013.47144
1690728814878,1013.4638
1690728814919,1013.46704
1690728814937,1013.4749
1690728814976,1013.4764
1690728815017,1013.4832
1690728815037,1013.4802
1690728815076,1013.4807
1690728815118,1013.47455
1690728815139,1013.4823
1690728815176,1013.4861
1690728815217,1013.48376
1690728815239,1013.4863
1690728815277,1013.4876
1690728815315,1013.48865
1690728815338,1013.4827
1690728815376,1013.4773
1690728815416,1013.4717
1690728815437,1013.46686
1690728815476,1013.4658
1690728815516,1013.46686
1690728815540,1013.47473
1690728815576,1013.4775
1690728815617,1013.4781
1690728815642,1013.4773
1690728815676,1013.47253
1690728815717,1013.4796
1690728815737,1013.48627
1690728815777,1013.48096
1690728815817,1013.4864
1690728815838,1013.49335
1690728815876,1013.5013
1690728815915,1013.5019
1690728815938,1013.50195
1690728815979,1013.50433
1690728816016,1013.49805
1690728816036,1013.49646
1690728816076,1013.4857
1690728816116,1013.47534
1690728816137,1013.46204
1690728816177,1013.45807
1690728816216,1013.4604
1690728816237,1013.4542
1690728816275,1013.4561
1690728816317,1013.4614
1690728816336,1013.47485
1690728816377,1013.48285
1690728816415,1013.49054
1690728816436,1013.49365
1690728816476,1013.4965
1690728816516,1013.4963
1690728816535,1013.5001
1690728816580,1013.4901
1690728816615,1013.4811
1690728816636,1013.49036
1690728816676,1013.49963
1690728816718,1013.5071
1690728816737,1013.5059
1690728816777,1013.49884
1690728816818,1013.49475
1690728816835,1013.49603
1690728816880,1013.48645
1690728816914,1013.47955
1690728816937,1013.4751
1690728816978,1013.4817
1690728817015,1013.4803
1690728817035,1013.48425
1690728817077,1013.49097
1690728817118,1013.49054
1690728817136,1013.4937
1690728817176,1013.4936
1690728817215,1013.4928
1690728817235,1013.4873
1690728817275,1013.4853
1690728817322,1013.48224
1690728817335,1013.4906
1690728817380,1013.49475
1690728817414,1013.49475
1690728817434,1013.50256
1690728817476,1013.50885
1690728817514,1013.5099
1690728817536,1013.50085
1690728817578,1013.49805
1690728817615,1013.5019
1690728817635,1013.4911
1690728817677,1013.48364
1690728817717,1013.46216
1690728817736,1013.45264
1690728817776,1013.4433
1690728817814,1013.4346
1690728817835,1013.44275
1690728817877,1013.4602
1690728817914,1013.47815
1690728817939,1013.48645
1690728817983,1013.4938
1690728818015,1013.4923
1690728818037,1013.50116
1690728818075,1013.4972
1690728818116,1013.49976
1690728818138,1013.4957
1690728818177,1013.4961
1690728818215,1013.5018
1690728818237,1013.49817
1690728818275,1013.5006
1690728818318,1013.507
1690728818337,1013.5058
1690728818379,1013.5047
1690728818414,1013.5056
1690728818436,1013.49286
1690728818478,1013.4759
1690728818519,1013.47363
1690728818537,1013.4737
1690728818574,1013.4775
1690728818614,1013.47955
1690728818635,1013.4707
1690728818677,1013.46924
1690728818715,1013.46857
1690728818736,1013.47003
1690728818780,1013.4751
1690728818817,1013.4856
1690728818836,1013.48584
1690728818877,1013.48737
1690728818915,1013.48376
1690728818934,1013.48193
1690728818980,1013.4853
1690728819016,1013.48413
1690728819035,1013.4842
1690728819074,1013.49164
1690728819115,1013.4873
1690728819137,1013.4893
1690728819174,1013.48035
1690728819216,1013.4679
1690728819237,1013.4724
1690728819277,1013.47003
1690728819315,1013.4644
1690728819335,1013.4588
1690728819377,1013.4505
1690728819413,1013.44946
1690728819433,1013.4498
1690728819475,1013.4464
1690728819514,1013.454
1690728819534,1013.45667
1690728819574,1013.46857
1690728819614,1013.48083
1690728819633,1013.48456
1690728819674,1013.4824
1690728819715,1013.48267
1690728819735,1013.488
1690728819774,1013.4895
1690728819813,1013.48694
1690728819834,1013.4878
1690728819875,1013.4857
1690728819913,1013.4851
1690728819933,1013.4913
1690728819974,1013.4902
1690728820014,1013.48865
1690728820034,1013.48706
1690728820074,1013.4754
1690728820113,1013.47253
1690728820134,1013.46533
1690728820173,1013.4629
1690728820215,1013.4653
1690728820234,1013.46155
1690728820273,1013.45483
1690728820314,1013.4523
1690728820334,1013.45435
1690728820373,1013.4603
1690728820414,1013.4656
1690728820435,1013.4652
1690728820475,1013.46954
1690728820514,1013.46643
1690728820532,1013.47174
1690728820573,1013.46826
1690728820614,1013.4714
1690728820633,1013.4775
1690728820673,1013.48083
1690728820713,1013.494
1690728820734,1013.49036
1690728820774,1013.48413
1690728820817,1013.4898
1690728820834,1013.47437
1690728820874,1013.47534
1690728820913,1013.4767
1690728820932,1013.47394
1690728820974,1013.4701
1690728821016,1013.4717
1690728821034,1013.46405
1690728821073,1013.4591
1690728821113,1013.4684
1690728821133,1013.4596
1690728821173,1013.4618
1690728821213,1013.4621
1690728821234,1013.4627
1690728821273,1013.4669
1690728821312,1013.46954
1690728821332,1013.47925
1690728821374,1013.4774
1690728821416,1013.4696
1690728821433,1013.48157
1690728821473,1013.4802
1690728821515,1013.4829
1690728821535,1013.4851
1690728821575,1013.48364
1690728821613,1013.49097
1690728821633,1013.5034
1690728821673,1013.49493
1690728821714,1013.4946
1690728821739,1013.4861
1690728821780,1013.4913
1690728821814,1013.4962
1690728821834,1013.4973
1690728821878,1013.49066
1690728821912,1013.4853
1690728821932,1013.4845
1690728821974,1013.4798
1690728822013,1013.47974
1690728822033,1013.475
1690728822078,1013.4784
1690728822113,1013.47424
1690728822135,1013.4758
1690728822174,1013.4733
1690728822213,1013.4695
1690728822235,1013.46576
1690728822275,1013.4607
1690728822316,1013.4648
1690728822334,1013.46484
1690728822375,1013.4696
1690728822411,1013.47205
1690728822431,1013.461
1690728822472,1013.4529
1690728822512,1013.4545
1690728822533,1013.45026
1690728822573,1013.4503
1690728822615,1013.43945
1690728822634,1013.4306
1690728822674,1013.4238
1690728822714,1013.41693
1690728822736,1013.4153
1690728822772,1013.4104
1690728822815,1013.4224
1690728822835,1013.42737
1690728822874,1013.43384
1690728822911,1013.4315
1690728822933,1013.4319
1690728822974,1013.4235
1690728823014,1013.42395
1690728823033,1013.41864
1690728823075,1013.4239
1690728823113,1013.4264
1690728823133,1013.4255
1690728823173,1013.4342
1690728823213,1013.44336
1690728823233,1013.4503
1690728823276,1013.4561
1690728823316,1013.4566
1690728823334,1013.4529
1690728823372,1013.4647
1690728823414,1013.4678
1690728823431,1013.47217
1690728823471,1013.4745
1690728823513,1013.4757
1690728823535,1013.4844
1690728823576,1013.4841
1690728823613,1013.4872
1690728823632,1013.4881
1690728823672,1013.4895
1690728823714,1013.47577
1690728823733,1013.4771
1690728823775,1013.4797
1690728823812,1013.4827
1690728823835,1013.4717
1690728823872,1013.4769
1690728823912,1013.4801
1690728823932,1013.47125
1690728823971,1013.4807
1690728824013,1013.4865
1690728824030,1013.4881
1690728824071,1013.4919
1690728824112,1013.4872
1690728824135,1013.4954
1690728824172,1013.5139
1690728824212,1013.51196
1690728824233,1013.5151
1690728824272,1013.512
1690728824313,1013.50494
1690728824331,1013.4911
1690728824371,1013.48694
1690728824410,1013.47986
1690728824430,1013.47546
1690728824472,1013.46985
1690728824511,1013.4614
1690728824534,1013.4637
1690728824572,1013.4669
1690728824610,1013.46924
1690728824682,1013.4724
1690728824682,1013.47986
1690728824710,1013.4833
1690728824731,1013.4835
1690728824772,1013.4759
1690728824811,1013.4719
1690728824834,1013.4706
1690728824874,1013.4704
1690728824910,1013.4638
1690728824930,1013.4619
1690728824971,1013.46826
1690728825012,1013.4718
1690728825030,1013.47144
1690728825073,1013.46387
1690728825115,1013.463
1690728825131,1013.44855
1690728825173,1013.4529
1690728825210,1013.45776
1690728825233,1013.4543
1690728825274,1013.46075
1690728825311,1013.4597
1690728825332,1013.4521
1690728825372,1013.45386
1690728825417,1013.4548
1690728825432,1013.45374
1690728825471,1013.4585
1690728825511,1013.454
1690728825532,1013.45325
1690728825574,1013.4575
1690728825612,1013.45746
1690728825633,1013.46
1690728825671,1013.47095
1690728825712,1013.4702
1690728825730,1013.47925
1690728825770,1013.48376
1690728825813,1013.48645
1690728825831,1013.4811
1690728825873,1013.4868
1690728825911,1013.4878
1690728825929,1013.48083
1690728825970,1013.47705
1690728826010,1013.47034
1690728826031,1013.4663
1690728826073,1013.467
1690728826112,1013.4619
1690728826133,1013.4514
1690728826172,1013.45465
1690728826213,1013.4603
1690728826233,1013.46985
1690728826271,1013.47217
1690728826310,1013.47253
1690728826331,1013.47675
1690728826372,1013.4763
1690728826412,1013.46533
1690728826430,1013.4685
1690728826469,1013.4641
1690728826509,1013.46796
1690728826532,1013.46436
1690728826572,1013.4695
1690728826613,1013.4773
1690728826635,1013.4728
1690728826670,1013.48303
1690728826710,1013.48566
1690728826730,1013.47974
1690728826770,1013.474
1690728826813,1013.46136
1690728826830,1013.45483
1690728826871,1013.4464
1690728826909,1013.44495
1690728826929,1013.4446
1690728826969,1013.44556
1690728827010,1013.4463
1690728827030,1013.45123
1690728827071,1013.4547
1690728827113,1013.45074
1690728827129,1013.4602
1690728827172,1013.45465
1690728827213,1013.4517
1690728827230,1013.4483
1690728827270,1013.4541
1690728827310,1013.4445
1690728827331,1013.4502
1690728827370,1013.46497
1690728827412,1013.4625
1690728827428,1013.4626
1690728827469,1013.4706
1690728827512,1013.4619
1690728827531,1013.4601
1690728827571,1013.45197
1690728827611,1013.4403
1690728827633,1013.4354
1690728827672,1013.4407
1690728827712,1013.442
1690728827728,1013.43896
1690728827779,1013.4342
1690728827808,1013.4412
1690728827829,1013.44037
1690728827875,1013.4452
1690728827909,1013.45105
1690728827930,1013.45526
1690728827970,1013.4603
1690728828009,1013.4628
1690728828029,1013.46387
1690728828069,1013.4645
1690728828110,1013.46466
1690728828130,1013.47437
1690728828169,1013.46423
1690728828210,1013.4687
1690728828230,1013.47266
1690728828270,1013.47107
1690728828312,1013.4625
1690728828330,1013.45557
1690728828370,1013.4568
1690728828408,1013.46716
1690728828428,1013.4583
1690728828469,1013.4668
1690728828512,1013.4635
1690728828533,1013.47046
1690728828568,1013.4655
1690728828612,1013.4563
1690728828630,1013.4462
1690728828670,1013.4354
1690728828712,1013.4375
1690728828730,1013.4596
1690728828769,1013.46094
1690728828808,1013.4645
1690728828829,1013.46265
1690728828874,1013.46564
1690728828908,1013.4733
1690728828928,1013.48773
1690728828968,1013.4917
1690728829008,1013.499
1690728829031,1013.50006
1690728829069,1013.49725
1690728829109,1013.4973
1690728829133,1013.49805
1690728829171,1013.50433
1690728829209,1013.5039
1690728829229,1013.50525
1690728829272,1013.5043
1690728829312,1013.4996
1690728829330,1013.5042
1690728829368,1013.50525
1690728829411,1013.5016
1690728829428,1013.4945
1690728829469,1013.4942
1690728829508,1013.49414
1690728829530,1013.4958
1690728829569,1013.48425
1690728829609,1013.4964
1690728829713,1013.5062
1690728829713,1013.4978
1690728829715,1013.5042
1690728829729,1013.4984
1690728829770,1013.4934
1690728829808,1013.49316
1690728829828,1013.4879
1690728829870,1013.4758
1690728829910,1013.4765
1690728829928,1013.4861
1690728829968,1013.4911
1690728830012,1013.49506
1690728830027,1013.49756
1690728830073,1013.49146
1690728830110,1013.4983
1690728830135,1013.4956
1690728830168,1013.4901
1690728830209,1013.4868
1690728830230,1013.4897
1690728830271,1013.4848
1690728830309,1013.4883
1690728830331,1013.49255
1690728830369,1013.4993
1690728830407,1013.5067
1690728830427,1013.5052
1690728830468,1013.5076
1690728830508,1013.50946
1690728830528,1013.51196
1690728830567,1013.5067
1690728830607,1013.5073
1690728830628,1013.5112
1690728830670,1013.5131
1690728830709,1013.51355
1690728830729,1013.52045
1690728830767,1013.5241
1690728830808,1013.52966
1690728830830,1013.5346
1690728830870,1013.5415
1690728830907,1013.54535
1690728830926,1013.55176
1690728830967,1013.5585
1690728831009,1013.5642
1690728831028,1013.5714
1690728831068,1013.56714
1690728831108,1013.5669
1690728831129,1013.56177
1690728831168,1013.5665
1690728831212,1013.5658
1690728831228,1013.56885
1690728831268,1013.57886
1690728831310,1013.5796
1690728831327,1013.57983
1690728831367,1013.58203
1690728831408,1013.584
1690728831430,1013.58276
1690728831467,1013.5748
1690728831514,1013.5894
1690728831548,1013.58984
1690728831571,1013.59174
1690728831610,1013.5886
1690728831627,1013.5852
1690728831667,1013.5831
1690728831709,1013.5713
1690728831747,1013.5656
1690728831768,1013.5608
1690728831809,1013.558
1690728831849,1013.5486
1690728831872,1013.54486
1690728831908,1013.5435
1690728831946,1013.5454
1690728831968,1013.54944
1690728832009,1013.56024
1690728832048,1013.5654
1690728832070,1013.5646
1690728832109,1013.5758
1690728832150,1013.5842
1690728832168,1013.5888
1690728832213,1013.5934
1690728832247,1013.59393
1690728832269,1013.58093
1690728832308,1013.5702
1690728832349,1013.5753
1690728832368,1013.56836
1690728832414,1013.5634
1690728832446,1013.5581
1690728832467,1013.56055
1690728832511,1013.5614
1690728832547,1013.5514
1690728832568,1013.54675
1690728832609,1013.55914
1690728832629,1013.5569
1690728832667,1013.55493
1690728832708,1013.5662
1690728832748,1013.56055
1690728832770,1013.5696
1690728832809,1013.577
1690728832848,1013.5795
1690728832869,1013.5775
1690728832913,1013.5785
1690728832946,1013.57947
1690728832967,1013.57336
1690728833016,1013.5724
1690728833047,1013.58203
1690728833069,1013.5918
1690728833109,1013.5891
1690728833148,1013.58765
1690728833169,1013.58655
1690728833208,1013.58325
1690728833246,1013.5787
1690728833265,1013.5748
1690728833308,1013.57806
1690728833350,1013.5716
1690728833367,1013.57666
1690728833411,1013.5779
1690728833446,1013.5746
1690728833466,1013.5713
1690728833508,1013.57635
1690728833549,1013.5813
1690728833567,1013.5842
1690728833611,1013.58405
1690728833646,1013.58734
1690728833669,1013.5771
1690728833708,1013.56793
1690728833748,1013.5648
1690728833767,1013.5596
1690728833806,1013.5665
1690728833846,1013.5697
1690728833868,1013.5699
1690728833919,1013.5729
1690728833946,1013.56836
1690728833966,1013.5581
1690728834012,1013.5608
1690728834047,1013.5674
1690728834065,1013.5582
1690728834114,1013.5544
1690728834146,1013.5603
1690728834170,1013.5619
1690728834207,1013.5647
1690728834249,1013.5711
1690728834268,1013.56714
1690728834307,1013.56396
1690728834349,1013.5621
1690728834366,1013.5597
1690728834416,1013.5647
1690728834445,1013.5613
1690728834466,1013.55505
1690728834509,1013.54913
1690728834546,1013.54645
1690728834566,1013.5481
1690728834607,1013.5503
1690728834645,1013.5569
1690728834665,1013.54987
1690728834707,1013.5421
1690728834747,1013.5391
1690728834766,1013.5491
1690728834806,1013.5542
1690728834847,1013.5559
1690728834866,1013.55664
1690728834913,1013.5634
1690728834945,1013.5616
1690728834964,1013.56195
1690728835007,1013.55853
1690728835047,1013.5597
1690728835066,1013.5576
1690728835106,1013.57324
1690728835145,1013.5717
1690728835166,1013.5789
1690728835209,1013.5762
1690728835247,1013.5698
1690728835267,1013.57184
1690728835306,1013.5733
1690728835346,1013.56903
1690728835367,1013.5705
1690728835409,1013.566
1690728835448,1013.57025
1690728835466,1013.5639
1690728835505,1013.56
1690728835544,1013.55194
1690728835565,1013.5491
1690728835605,1013.54736
1690728835647,1013.54584
1690728835665,1013.5449
1690728835707,1013.5397
1690728835745,1013.5258
1690728835768,1013.5322
1690728835809,1013.5232
1690728835848,1013.50653
1690728835866,1013.5073
1690728835909,1013.5132
1690728835945,1013.5161
1690728835967,1013.5204
1690728836004,1013.50806
1690728836047,1013.50854
1690728836065,1013.5082
1690728836106,1013.5152
1690728836147,1013.5027
1690728836165,1013.4955
1690728836206,1013.5071
1690728836247,1013.50726
1690728836265,1013.51904
1690728836306,1013.51733
1690728836345,1013.5248
1690728836365,1013.51434
1690728836406,1013.51056
1690728836447,1013.5147
1690728836464,1013.50354
1690728836505,1013.50305
1690728836550,1013.5078
1690728836566,1013.5151
1690728836607,1013.5093
1690728836644,1013.5163
1690728836665,1013.51385
1690728836704,1013.50146
1690728836747,1013.5112
1690728836763,1013.51215
1690728836809,1013.5134
1690728836847,1013.51575
1690728836864,1013.5071
1690728836908,1013.4994
1690728836943,1013.49713
1690728836964,1013.5051
1690728837004,1013.50085
1690728837047,1013.50543
1690728837064,1013.509
1690728837105,1013.5089
1690728837146,1013.51245
1690728837163,1013.5021
1690728837206,1013.5039
1690728837246,1013.5028
1690728837266,1013.5106
1690728837304,1013.51215
1690728837349,1013.5081
1690728837364,1013.50525
1690728837406,1013.50854
1690728837445,1013.5189
1690728837463,1013.5168
1690728837505,1013.512
1690728837544,1013.5202
1690728837565,1013.516
1690728837606,1013.504
1690728837646,1013.503
1690728837665,1013.5129
1690728837708,1013.51855
1690728837748,1013.5172
1690728837764,1013.5087
1690728837806,1013.516
1690728837844,1013.51465
1690728837866,1013.5133
1690728837903,1013.52136
1690728837945,1013.52167
1690728837963,1013.51685
1690728838005,1013.51074
1690728838044,1013.51404
1690728838063,1013.5157
1690728838104,1013.5112
1690728838146,1013.5082
1690728838167,1013.51184
1690728838204,1013.52783
1690728838247,1013.5474
1690728838264,1013.53534
1690728838304,1013.52106
1690728838346,1013.514
1690728838366,1013.5084
1690728838404,1013.50836
1690728838444,1013.5184
1690728838463,1013.5242
1690728838506,1013.52997
1690728838544,1013.5395
1690728838564,1013.5588
1690728838609,1013.54706
1690728838646,1013.5212
1690728838668,1013.51544
1690728838706,1013.51904
1690728838745,1013.53015
1690728838767,1013.52185
1690728838805,1013.5304
1690728838847,1013.52496
1690728838863,1013.52185
1690728838904,1013.5164
1690728838944,1013.5198
1690728838964,1013.52435
1690728839005,1013.5255
1690728839048,1013.53735
1690728839065,1013.54095
1690728839104,1013.54333
1690728839147,1013.54175
1690728839168,1013.5436
1690728839204,1013.5533
1690728839244,1013.56067
1690728839266,1013.5491
1690728839307,1013.54474
1690728839344,1013.5668
1690728839366,1013.57117
1690728839404,1013.5564
1690728839442,1013.5739
1690728839462,1013.5769
1690728839506,1013.5731
1690728839545,1013.5692
1690728839565,1013.5748
1690728839604,1013.57196
1690728839647,1013.57214
1690728839662,1013.5672
1690728839704,1013.5684
1690728839744,1013.5808
1690728839765,1013.58716
1690728839803,1013.59033
1690728839846,1013.59717
1690728839868,1013.591
1690728839904,1013.58453
1690728839943,1013.577
1690728839962,1013.5662
1690728840006,1013.5567
1690728840042,1013.55615
1690728840061,1013.56555
1690728840104,1013.5523
1690728840146,1013.53284
1690728840165,1013.54004
1690728840203,1013.534
1690728840245,1013.53705
1690728840263,1013.55835
1690728840304,1013.56854
1690728840344,1013.57385
1690728840364,1013.56494
1690728840402,1013.56165
1690728840441,1013.55566
1690728840461,1013.5587
1690728840503,1013.5677
1690728840546,1013.56885
1690728840565,1013.5698
1690728840603,1013.5823
1690728840645,1013.56866
1690728840664,1013.57874
1690728840704,1013.5979
1690728840750,1013.58075
1690728840768,1013.5553
1690728840802,1013.5368
1690728840846,1013.5146
1690728840864,1013.4901
1690728840903,1013.4694
1690728840947,1013.4741
1690728840962,1013.48224
1690728841001,1013.4852
1690728841043,1013.47723
1690728841063,1013.464
1690728841105,1013.4518
1690728841142,1013.447
1690728841161,1013.4364
1690728841205,1013.4387
1690728841243,1013.44586
1690728841263,1013.4703
1690728841302,1013.4891
1690728841342,1013.5093
1690728841361,1013.51953
1690728841404,1013.5192
1690728841443,1013.52515
1690728841461,1013.54346
1690728841503,1013.5463
1690728841543,1013.537
1690728841561,1013.5248
1690728841604,1013.5183
1690728841645,1013.5055
1690728841662,1013.49927
1690728841702,1013.5105
1690728841743,1013.50885
1690728841762,1013.5227
1690728841802,1013.5244
1690728841844,1013.5247
1690728841862,1013.5236
1690728841903,1013.52075
1690728841942,1013.5197
1690728841960,1013.52155
1690728842003,1013.51843
1690728842045,1013.52014
1690728842063,1013.51715
1690728842103,1013.5133
1690728842142,1013.5161
1690728842160,1013.5176
1690728842206,1013.5134
1690728842243,1013.5114
1690728842264,1013.5245
1690728842303,1013.52246
1690728842346,1013.5159
1690728842363,1013.51025
1690728842402,1013.50916
1690728842442,1013.508
1690728842462,1013.5022
1690728842501,1013.50354
1690728842542,1013.5051
1690728842563,1013.506
1690728842604,1013.50287
1690728842644,1013.4921
1690728842665,1013.4876
1690728842701,1013.4927
1690728842744,1013.49677
1690728842764,1013.5016
1690728842802,1013.4989
1690728842843,1013.49603
1690728842862,1013.49457
1690728842904,1013.4937
1690728842940,1013.4957
1690728842960,1013.49854
1690728843002,1013.4988
1690728843041,1013.4902
1690728843063,1013.49677
1690728843106,1013.49133
1690728843142,1013.4808
1690728843167,1013.47705
1690728843202,1013.48114
1690728843244,1013.48254
1690728843262,1013.47186
1690728843301,1013.46606
1690728843342,1013.46204
1690728843363,1013.46716
1690728843403,1013.4655
1690728843440,1013.4695
1690728843460,1013.4694
1690728843502,1013.46484
1690728843543,1013.46844
1690728843562,1013.4585
1690728843602,1013.4589
1690728843640,1013.47296
1690728843661,1013.47577
1690728843701,1013.47046
1690728843744,1013.4708
1690728843763,1013.4791
1690728843802,1013.47485
1690728843840,1013.4785
1690728843861,1013.4814
1690728843901,1013.4777
1690728843943,1013.46967
1690728843961,1013.46375
1690728844001,1013.46454
1690728844043,1013.4581
1690728844060,1013.4492
1690728844103,1013.44574
1690728844141,1013.4394
1690728844162,1013.4533
1690728844201,1013.4581
1690728844241,1013.46075
1690728844261,1013.4607
1690728844304,1013.4566
1690728844342,1013.4584
1690728844362,1013.459
1690728844401,1013.46014
1690728844439,1013.4618
1690728844460,1013.46576
1690728844499,1013.4683
1690728844542,1013.4729
1690728844561,1013.4735
1690728844600,1013.46967
1690728844642,1013.4739
1690728844659,1013.4741
1690728844704,1013.477
1690728844742,1013.47034
1690728844767,1013.4685
1690728844802,1013.4616
1690728844840,1013.4585
1690728844860,1013.4536
1690728844902,1013.4553
1690728844939,1013.46295
1690728844959,1013.46545
1690728845000,1013.47546
1690728845044,1013.46564
1690728845059,1013.4623
1690728845101,1013.4529
1690728845140,1013.4467
1690728845160,1013.4444
1690728845201,1013.4505
1690728845238,1013.4502
1690728845259,1013.46234
1690728845300,1013.4663
1690728845340,1013.46875
1690728845363,1013.47015
1690728845402,1013.46765
1690728845446,1013.46625
1690728845459,1013.46606
1690728845500,1013.46765
1690728845540,1013.4628
1690728845559,1013.4553
1690728845604,1013.4515
1690728845642,1013.4537
1690728845663,1013.46466
1690728845700,1013.47455
1690728845740,1013.4686
1690728845759,1013.46814
1690728845800,1013.4784
1690728845839,1013.47986
1690728845861,1013.48206
1690728845908,1013.46906
1690728845942,1013.4603
1690728845962,1013.4595
1690728845999,1013.4593
1690728846041,1013.4612
1690728846060,1013.4689
1690728846100,1013.4731
1690728846139,1013.4737
1690728846161,1013.4765
1690728846199,1013.47644
1690728846240,1013.4687
1690728846260,1013.4694
1690728846302,1013.4669
1690728846340,1013.4702
1690728846359,1013.4749
1690728846400,1013.47314
1690728846444,1013.46643
1690728846462,1013.47
1690728846500,1013.47
1690728846540,1013.47705
1690728846560,1013.4755
1690728846602,1013.47485
1690728846642,1013.46765
1690728846675,1013.46094
1690728846699,1013.44446
1690728846743,1013.438
1690728846760,1013.4595
1690728846802,1013.4594
1690728846843,1013.46423
1690728846861,1013.46655
1690728846899,1013.4754
1690728846943,1013.4689
1690728846957,1013.4541
1690728847001,1013.4629
1690728847042,1013.4621
1690728847061,1013.46643
1690728847100,1013.47363
1690728847141,1013.47046
1690728847159,1013.4627
1690728847199,1013.4696
1690728847240,1013.4624
1690728847262,1013.46326
1690728847303,1013.4721
1690728847340,1013.46875
1690728847360,1013.4707
1690728847398,1013.4757
1690728847444,1013.47876
1690728847458,1013.4705
1690728847499,1013.4755
1690728847538,1013.4648
1690728847560,1013.4599
1690728847599,1013.46265
1690728847640,1013.4614
1690728847659,1013.4563
1690728847701,1013.46375
1690728847739,1013.4666
1690728847760,1013.47034
1690728847799,1013.4776
1690728847840,1013.486
1690728847859,1013.49524
1690728847904,1013.496
1690728847942,1013.50146
1690728847959,1013.50244
1690728847999,1013.4915
1690728848042,1013.48505
1690728848059,1013.4851
1690728848101,1013.48474
1690728848138,1013.48126
1690728848159,1013.4923
1690728848199,1013.5033
1690728848240,1013.49805
1690728848259,1013.4878
1690728848299,1013.49097
1690728848340,1013.48737
1690728848359,1013.48816
1690728848398,1013.4876
1690728848445,1013.49536
1690728848460,1013.5043
1690728848498,1013.49255
1690728848541,1013.49884
1690728848560,1013.5039
1690728848605,1013.515
1690728848639,1013.52765
1690728848659,1013.53455
1690728848698,1013.52783
1690728848741,1013.52155
1690728848760,1013.51587
1690728848802,1013.5004
1690728848839,1013.49146
1690728848858,1013.4893
1690728848899,1013.4884
1690728848940,1013.4933
1690728848958,1013.49634
1690728848998,1013.49756
1690728849038,1013.5064
1690728849057,1013.50366
1690728849099,1013.5002
1690728849139,1013.50525
1690728849162,1013.5006
1690728849198,1013.4995
1690728849239,1013.5006
1690728849257,1013.50995
1690728849298,1013.5149
1690728849341,1013.5252
1690728849359,1013.52325
1690728849399,1013.5327
1690728849438,1013.53864
1690728849457,1013.53613
1690728849497,1013.53754
1690728849547,1013.53326
1690728849560,1013.5143
1690728849597,1013.5112
1690728849642,1013.50336
1690728849657,1013.49414
1690728849696,1013.48145
1690728849739,1013.4767
1690728849760,1013.47675
1690728849799,1013.48535
1690728849837,1013.49365
1690728849858,1013.4945
1690728849899,1013.5001
1690728849939,1013.5078
1690728849962,1013.5115
1690728849997,1013.51135
1690728850036,1013.5126
1690728850060,1013.51666
1690728850099,1013.51514
1690728850138,1013.52185
1690728850160,1013.5256
1690728850197,1013.527
1690728850256,1013.51965
1690728850256,1013.5152
1690728850297,1013.5245
1690728850338,1013.53143
1690728850358,1013.5199
1690728850397,1013.52606
1690728850439,1013.5197
1690728850456,1013.51086
1690728850497,1013.51184
1690728850545,1013.50824
1690728850558,1013.5107
1690728850600,1013.5112
1690728850638,1013.4997
1690728850657,1013.50256
1690728850697,1013.5062
1690728850739,1013.50916
1690728850758,1013.51074
1690728850797,1013.50977
1690728850840,1013.51587
1690728850859,1013.5245
1690728850898,1013.52783
1690728850942,1013.53546
1690728850959,1013.5314
1690728850996,1013.5286
1690728851038,1013.526
1690728851060,1013.527
1690728851097,1013.53503
1690728851139,1013.52356
1690728851157,1013.5181
1690728851199,1013.5198
1690728851239,1013.511
1690728851258,1013.50305
1690728851296,1013.4878
1690728851336,1013.4782
1690728851356,1013.4629
1690728851397,1013.4699
1690728851436,1013.48175
1690728851458,1013.49023
1690728851495,1013.49805
1690728851536,1013.5021
1690728851557,1013.5054
1690728851597,1013.5103
1690728851637,1013.5132
1690728851662,1013.5079
1690728851696,1013.5065
1690728851737,1013.508
1690728851756,1013.52124
1690728851798,1013.5248
1690728851836,1013.5302
1690728851857,1013.5447
1690728851897,1013.5402
1690728851937,1013.5348
1690728851955,1013.5376
1690728851996,1013.5411
1690728852037,1013.5404
1690728852058,1013.54504
1690728852097,1013.5464
1690728852140,1013.5408
1690728852163,1013.53595
1690728852197,1013.5333
1690728852239,1013.544
1690728852259,1013.5346
1690728852295,1013.5509
1690728852337,1013.548
1690728852358,1013.54156
1690728852399,1013.53687
1690728852443,1013.5322
1690728852457,1013.5213
1690728852496,1013.52954
1690728852536,1013.5311
1690728852556,1013.53876
1690728852598,1013.5304
1690728852637,1013.53
1690728852656,1013.5235
1690728852698,1013.52185
1690728852735,1013.5211
1690728852754,1013.51685
1690728852796,1013.51337
1690728852837,1013.50415
1690728852858,1013.48785
1690728852897,1013.49146
1690728852938,1013.49084
1690728852957,1013.4912
1690728852995,1013.48724
1690728853036,1013.4852
1690728853057,1013.4763
1690728853095,1013.4818
1690728853143,1013.4886
1690728853155,1013.5032
1690728853197,1013.5093
1690728853237,1013.5017
1690728853275,1013.5061
1690728853297,1013.5069
1690728853336,1013.50543
1690728853358,1013.5146
1690728853397,1013.51404
1690728853437,1013.517
1690728853475,1013.51
1690728853495,1013.5166
1690728853537,1013.51807
1690728853579,1013.52344
1690728853596,1013.5294
1690728853636,1013.52673
1690728853677,1013.5275
1690728853696,1013.5135
1690728853738,1013.5113
1690728853777,1013.5062
1690728853796,1013.49536
1690728853836,1013.50146
1690728853876,1013.5084
1690728853896,1013.4972
1690728853938,1013.4996
1690728853975,1013.5
1690728853998,1013.50305
1690728854035,1013.501
1690728854074,1013.4823
1690728854095,1013.4803
1690728854137,1013.49316
1690728854176,1013.49524
1690728854195,1013.50055
1690728854236,1013.5045
1690728854276,1013.503
1690728854295,1013.5084
1690728854337,1013.5127
1690728854376,1013.51276
1690728854396,1013.5157
1690728854436,1013.50757
1690728854476,1013.50024
1690728854495,1013.5026
1690728854534,1013.4856
1690728854577,1013.47363
1690728854596,1013.4753
1690728854635,1013.47266
1690728854678,1013.4814
1690728854701,1013.4764
1690728854734,1013.47504
1690728854777,1013.47327
1690728854797,1013.4836
1690728854834,1013.4882
1690728854877,1013.498
1690728854896,1013.509
1690728854937,1013.51154
1690728854980,1013.5176
1690728854995,1013.51764
1690728855035,1013.51807
1690728855077,1013.52374
1690728855096,1013.53644
1690728855138,1013.5263
1690728855176,1013.5231
1690728855196,1013.51624
1690728855234,1013.5064
1690728855274,1013.5044
1690728855299,1013.5094
1690728855335,1013.5093
1690728855376,1013.48975
1690728855396,1013.4863
1690728855437,1013.49097
1690728855475,1013.4835
1690728855498,1013.452
1690728855535,1013.4309
1690728855574,1013.4359
1690728855595,1013.4558
1690728855635,1013.48126
1690728855674,1013.50073
1690728855697,1013.5237
1690728855735,1013.53125
1690728855777,1013.5453
1690728855795,1013.55237
1690728855837,1013.5545
1690728855875,1013.55225
1690728855897,1013.5516
1690728855936,1013.56396
1690728855977,1013.55707
1690728855994,1013.54724
1690728856033,1013.5388
1690728856075,1013.5154
1690728856096,1013.5018
1690728856136,1013.4819
1690728856179,1013.45514
1690728856194,1013.438
1690728856236,1013.4258
1690728856275,1013.42896
1690728856302,1013.4305
1690728856335,1013.44025
1690728856375,1013.44
1690728856396,1013.4477
1690728856434,1013.46826
1690728856475,1013.4893
1690728856497,1013.4955
1690728856534,1013.5133
1690728856577,1013.5383
1690728856596,1013.545
1690728856635,1013.55383
1690728856676,1013.56024
1690728856727,1013.5585
1690728856734,1013.5614
1690728856773,1013.5579
1690728856796,1013.55444
1690728856836,1013.5368
1690728856878,1013.5246
1690728856895,1013.516
1690728856935,1013.50476
1690728856974,1013.4906
1690728856993,1013.4673
1690728857033,1013.4514
1690728857077,1013.4419
1690728857095,1013.4232
1690728857138,1013.42596
1690728857176,1013.44495
1690728857193,1013.44824
1690728857235,1013.46387
1690728857276,1013.4757
1690728857295,1013.50385
1690728857333,1013.5198
1690728857374,1013.53143
1690728857393,1013.5369
1690728857438,1013.5405
1690728857491,1013.5467
1690728857495,1013.5583
1690728857532,1013.56354
1690728857577,1013.56525
1690728857595,1013.5604
1690728857633,1013.5498
1690728857675,1013.52637
1690728857695,1013.50183
1690728857734,1013.477
1690728857773,1013.4576
1690728857794,1013.4431
1690728857835,1013.4206
1690728857874,1013.4064
1690728857896,1013.40015
1690728857934,1013.3964
1690728857976,1013.4131
1690728857992,1013.42706
1690728858034,1013.4422
1690728858077,1013.4659
1690728858095,1013.4971
1690728858133,1013.5304
1690728858174,1013.5628
1690728858193,1013.5808
1690728858235,1013.58405
1690728858274,1013.58655
1690728858293,1013.59106
1690728858333,1013.59155
1690728858375,1013.5943
1690728858395,1013.5832
1690728858434,1013.5662
1690728858473,1013.5469
1690728858493,1013.52216
1690728858532,1013.50635
1690728858575,1013.488
1690728858594,1013.46985
1690728858634,1013.4563
1690728858674,1013.4312
1690728858696,1013.421
1690728858732,1013.425
1690728858773,1013.43536
1690728858794,1013.4525
1690728858834,1013.47
1690728858875,1013.48425
1690728858894,1013.5051
1690728858932,1013.52136
1690728858973,1013.5345
1690728858993,1013.54535
1690728859033,1013.5481
1690728859075,1013.5586
1690728859091,1013.5575
1690728859132,1013.5636
1690728859175,1013.5679
1690728859193,1013.5631
1690728859238,1013.55255
1690728859272,1013.5407
1690728859293,1013.53766
1690728859332,1013.5125
1690728859372,1013.4903
1690728859394,1013.47766
1690728859433,1013.4624
1690728859473,1013.4547
1690728859494,1013.4588
1690728859532,1013.4592
1690728859572,1013.4621
1690728859593,1013.4697
1690728859635,1013.4812
1690728859674,1013.489
1690728859692,1013.50366
1690728859733,1013.51587
1690728859771,1013.52893
1690728859793,1013.5447
1690728859833,1013.55273
1690728859872,1013.5631
1690728859893,1013.57086
1690728859934,1013.5753
1690728859974,1013.57385
1690728859991,1013.58673
1690728860032,1013.5785
1690728860093,1013.57446
1690728860094,1013.558
1690728860136,1013.546
1690728860175,1013.52295
1690728860195,1013.49286
1690728860232,1013.45557
1690728860273,1013.42847
1690728860292,1013.40936
1690728860335,1013.40857
1690728860374,1013.4242
1690728860393,1013.43555
1690728860430,1013.447
1690728860472,1013.47534
1690728860503,1013.4928
1690728860530,1013.50525
1690728860572,1013.52466
1690728860594,1013.5484
1690728860632,1013.5582
1690728860671,1013.56604
1690728860690,1013.57446
1690728860736,1013.58514
1690728860774,1013.6
1690728860792,1013.6139
1690728860833,1013.6172
1690728860871,1013.60266
1690728860893,1013.6004
1690728860934,1013.5902
1690728860972,1013.5868
1690728860994,1013.5642
1690728861040,1013.54663
1690728861070,1013.5198
1690728861093,1013.49396
1690728861134,1013.4707
1690728861174,1013.45074
1690728861193,1013.44543
1690728861233,1013.4524
1690728861273,1013.4655
1690728861293,1013.4891
1690728861332,1013.5283
1690728861373,1013.55005
1690728861392,1013.57324
1690728861430,1013.5855
1690728861473,1013.5907
1690728861493,1013.5946
1690728861530,1013.6035
1690728861570,1013.6155
1690728861592,1013.6221
1690728861630,1013.62115
1690728861673,1013.61646
1690728861693,1013.6063
1690728861732,1013.5912
1690728861770,1013.5749
1690728861791,1013.5679
1690728861832,1013.53424
1690728861872,1013.48926
1690728861894,1013.44763
1690728861930,1013.41974
1690728861973,1013.41077
1690728861989,1013.3982
1690728862030,1013.39355
1690728862072,1013.3988
1690728862090,1013.4044
1690728862136,1013.43335
1690728862170,1013.46436
1690728862192,1013.4972
1690728862232,1013.5182
1690728862272,1013.5339
1690728862294,1013.5417
1690728862332,1013.5489
1690728862371,1013.56
1690728862392,1013.5641
1690728862432,1013.5703
1690728862471,1013.57214
1690728862490,1013.56934
1690728862531,1013.5686
1690728862571,1013.5577
1690728862591,1013.5578
1690728862632,1013.5432
1690728862673,1013.5235
1690728862693,1013.50146
1690728862730,1013.46545
1690728862773,1013.4337
1690728862789,1013.4141
1690728862833,1013.4181
1690728862871,1013.4116
1690728862892,1013.43274
1690728862929,1013.45605
1690728862972,1013.4733
1690728862992,1013.4971
1690728863029,1013.5149
1690728863071,1013.5246
1690728863096,1013.5389
1690728863131,1013.55255
1690728863169,1013.5641
1690728863192,1013.56213
1690728863232,1013.57196
1690728863272,1013.5811
1690728863292,1013.5783
1690728863330,1013.58246
1690728863369,1013.573
1690728863391,1013.5479
1690728863429,1013.5333
1690728863471,1013.5227
1690728863498,1013.5103
1690728863528,1013.49866
1690728863570,1013.5034
1690728863594,1013.4993
1690728863631,1013.5047
1690728863671,1013.5192
1690728863691,1013.508
1690728863733,1013.5171
1690728863769,1013.524
1690728863791,1013.52826
1690728863831,1013.5419
1690728863870,1013.54877
1690728863890,1013.5508
1690728863932,1013.5635
1690728863973,1013.5708
1690728863995,1013.5771
1690728864029,1013.5783
1690728864070,1013.5819
1690728864094,1013.5872
1690728864129,1013.58594
1690728864169,1013.5823
1690728864191,1013.5808
1690728864231,1013.5703
1690728864273,1013.56775
1690728864289,1013.562
1690728864329,1013.5471
1690728864374,1013.5441
1690728864391,1013.5458
1690728864431,1013.5497
1690728864472,1013.5547
1690728864495,1013.55994
1690728864528,1013.5507
1690728864570,1013.54443
1690728864589,1013.542
1690728864632,1013.5437
1690728864670,1013.54224
1690728864689,1013.5417
1690728864729,1013.55054
1690728864773,1013.55
1690728864791,1013.5553
1690728864832,1013.56287
1690728864870,1013.56335
1690728864893,1013.57324
1690728864931,1013.5736
1690728864970,1013.57446
1690728864999,1013.572
1690728865028,1013.57227
1690728865069,1013.5735
1690728865090,1013.5682
1690728865130,1013.5603
1690728865171,1013.5558
1690728865194,1013.5559
1690728865229,1013.56213
1690728865270,1013.5615
1690728865289,1013.5639
1690728865332,1013.56506
1690728865373,1013.56274
1690728865390,1013.55286
1690728865430,1013.5599
1690728865469,1013.5559
1690728865502,1013.54956
1690728865528,1013.53906
1690728865570,1013.5316
1690728865592,1013.5237
1690728865629,1013.5261
1690728865670,1013.53815
1690728865691,1013.5444
1690728865730,1013.5409
1690728865770,1013.54364
1690728865792,1013.5544
1690728865829,1013.5523
1690728865868,1013.56213
1690728865888,1013.547
1690728865933,1013.5391
1690728865968,1013.536
1690728865988,1013.546
1690728866027,1013.54456
1690728866068,1013.5306
1690728866090,1013.52997
1690728866129,1013.5248
1690728866170,1013.51953
1690728866192,1013.51355
1690728866229,1013.51404
1690728866269,1013.5132
1690728866289,1013.5195
1690728866330,1013.51697
1690728866372,1013.52527
1690728866388,1013.54034
1690728866430,1013.54175
1690728866468,1013.53906
1690728866488,1013.5531
1690728866527,1013.5598
1690728866568,1013.5638
1690728866592,1013.5683
1690728866630,1013.5611
1690728866668,1013.5636
1690728866690,1013.5551
1690728866730,1013.5594
1690728866768,1013.5669
1690728866790,1013.5608
1690728866830,1013.56085
1690728866871,1013.56024
1690728866890,1013.5574
1690728866929,1013.56116
1690728866969,1013.56116
1690728866991,1013.5645
1690728867026,1013.55975
1690728867068,1013.5553
1690728867088,1013.5541
1690728867128,1013.555
1690728867169,1013.5588
1690728867188,1013.5625
1690728867228,1013.5642
1690728867275,1013.5744
1690728867292,1013.5786
1690728867328,1013.58453
1690728867369,1013.58704
1690728867387,1013.59686
1690728867427,1013.59094
1690728867467,1013.5829
1690728867492,1013.57324
1690728867527,1013.5546
1690728867567,1013.5344
1690728867587,1013.5254
1690728867628,1013.51965
1690728867667,1013.50305
1690728867688,1013.49493
1690728867728,1013.4783
1690728867766,1013.4738
1690728867789,1013.47797
1690728867830,1013.49536
1690728867869,1013.50824
1690728867888,1013.4979
1690728867928,1013.50684
1690728867968,1013.5267
1690728867989,1013.5415
1690728868026,1013.54944
1690728868068,1013.5639
1690728868089,1013.5717
1690728868134,1013.5789
1690728868169,1013.5893
1690728868190,1013.592
1690728868229,1013.5908
1690728868269,1013.5924
1690728868290,1013.5912
1690728868328,1013.5918
1690728868368,1013.58606
1690728868388,1013.57513
1690728868428,1013.5627
1690728868469,1013.5543
1690728868487,1013.55096
1690728868526,1013.5385
1690728868567,1013.5287
1690728868590,1013.5373
1690728868627,1013.5373
1690728868669,1013.5363
1690728868690,1013.5407
1690728868726,1013.53284
1690728868770,1013.535
1690728868787,1013.5311
1690728868829,1013.5334
1690728868868,1013.5397
1690728868887,1013.54254
1690728868928,1013.5554
1690728868970,1013.5598
1690728868986,1013.5664
1690728869026,1013.57007
1690728869067,1013.5649
1690728869089,1013.5698
1690728869129,1013.5596
1690728869166,1013.5532
1690728869188,1013.56213
1690728869231,1013.5538
1690728869272,1013.5463
1690728869290,1013.5324
1690728869327,1013.51746
1690728869367,1013.5009
1690728869389,1013.50574
1690728869427,1013.51184
1690728869468,1013.5199
1690728869491,1013.5215
1690728869525,1013.50964
1690728869566,1013.5093
1690728869586,1013.50604
1690728869628,1013.5127
1690728869668,1013.51843
1690728869687,1013.5312
1690728869728,1013.5322
1690728869768,1013.5338
1690728869788,1013.536
1690728869829,1013.53503
1690728869868,1013.5318
1690728869886,1013.53784
1690728869928,1013.53754
1690728869969,1013.5296
1690728869985,1013.52014
1690728870026,1013.5189
1690728870067,1013.5038
1690728870088,1013.4978
1690728870128,1013.4957
1690728870168,1013.4805
1690728870187,1013.4607
1690728870227,1013.4515
1690728870267,1013.4498
1690728870286,1013.4608
1690728870326,1013.4575
1690728870368,1013.4587
1690728870386,1013.47266
1690728870427,1013.47754
1690728870467,1013.4774
1690728870488,1013.481
1690728870525,1013.48254
1690728870566,1013.48706
1690728870585,1013.49646
1690728870626,1013.5087
1690728870666,1013.5113
1690728870686,1013.5221
1690728870729,1013.5272
1690728870767,1013.52673
1690728870787,1013.5137
1690728870825,1013.5094
1690728870869,1013.4987
1690728870886,1013.4975
1690728870927,1013.4838
1690728870966,1013.4875
1690728870987,1013.47107
1690728871029,1013.4738
1690728871065,1013.46906
1690728871085,1013.4671
1690728871127,1013.4807
1690728871166,1013.487
1690728871186,1013.49316
1690728871229,1013.5204
1690728871267,1013.5346
1690728871286,1013.54395
1690728871327,1013.55536
1690728871367,1013.56366
1690728871387,1013.5605
1690728871427,1013.5634
1690728871466,1013.565
1690728871485,1013.5646
1690728871526,1013.5674
1690728871565,1013.5657
1690728871586,1013.55164
1690728871625,1013.5515
1690728871666,1013.54456
1690728871685,1013.53595
1690728871726,1013.5332
1690728871767,1013.51416
1690728871785,1013.5013
1690728871827,1013.5076
1690728871868,1013.5126
1690728871887,1013.51685
1690728871926,1013.51074
1690728871967,1013.5001
1690728871985,1013.4934
1690728872024,1013.504
1690728872064,1013.51263
1690728872093,1013.5193
1690728872125,1013.5254
1690728872167,1013.5225
1690728872188,1013.5138
1690728872226,1013.5175
1690728872267,1013.5254
1690728872290,1013.5254
1690728872327,1013.5458
1690728872364,1013.5416
1690728872386,1013.5364
1690728872424,1013.5351
1690728872466,1013.5322
1690728872488,1013.5246
1690728872528,1013.52576
1690728872565,1013.5258
1690728872586,1013.53174
1690728872627,1013.53644
1690728872668,1013.5298
1690728872687,1013.52466
1690728872725,1013.5244
1690728872774,1013.52124
1690728872786,1013.5283
1690728872827,1013.5263
1690728872868,1013.5268
1690728872885,1013.5221
1690728872926,1013.5299
1690728872967,1013.53284
1690728872989,1013.536
1690728873025,1013.5353
1690728873064,1013.5325
1690728873084,1013.5304
1690728873126,1013.53394
1690728873164,1013.5368
1690728873185,1013.5394
1690728873231,1013.53125
1690728873267,1013.5271
1690728873287,1013.5221
1690728873326,1013.52484
1690728873366,1013.52734
1690728873387,1013.52734
1690728873425,1013.52435
1690728873466,1013.5249
1690728873487,1013.5139
1690728873527,1013.5162
1690728873564,1013.52527
1690728873584,1013.5298
1690728873625,1013.53235
1690728873666,1013.5363
1690728873685,1013.5308
1690728873725,1013.5353
1690728873769,1013.5442
1690728873789,1013.54224
1690728873826,1013.5513
1690728873866,1013.55164
1690728873885,1013.55
1690728873924,1013.5569
1690728873964,1013.56525
1690728873984,1013.5863
1690728874025,1013.5883
1690728874064,1013.5841
1690728874084,1013.5775
1690728874124,1013.5716
1690728874165,1013.5719
1690728874184,1013.5793
1690728874226,1013.5723
1690728874265,1013.56226
1690728874284,1013.5577
1690728874326,1013.5657
1690728874367,1013.57684
1690728874384,1013.5818
1690728874426,1013.57697
1690728874466,1013.5663
1690728874485,1013.5593
1690728874524,1013.55695
1690728874563,1013.55005
1690728874583,1013.5449
1690728874627,1013.54376
1690728874664,1013.54877
1690728874686,1013.5486
1690728874726,1013.55273
1690728874763,1013.557
1690728874786,1013.55786
1690728874825,1013.567
1690728874865,1013.5661
1690728874884,1013.57056
1690728874924,1013.5693
1690728874966,1013.5652
1690728874983,1013.56616
1690728875024,1013.5731
1690728875064,1013.56903
1690728875105,1013.5703
1690728875124,1013.56335
1690728875165,1013.57587
1690728875206,1013.5867
1690728875228,1013.5785
1690728875266,1013.5667
1690728875304,1013.56006
1690728875324,1013.55334
1690728875369,1013.5502
1690728875404,1013.54443
1690728875424,1013.54443
1690728875471,1013.5438
1690728875505,1013.5432
1690728875522,1013.54553
1690728875562,1013.5491
1690728875609,1013.56006
1690728875624,1013.565
1690728875664,1013.5792
1690728875707,1013.5798
1690728875723,1013.5721
1690728875766,1013.5636
1690728875805,1013.56635
1690728875828,1013.56134
1690728875864,1013.5553
1690728875905,1013.56006
1690728875924,1013.55676
1690728875963,1013.5552
1690728876004,1013.55597
1690728876023,1013.56604
1690728876063,1013.569
1690728876105,1013.57184
1690728876124,1013.569
1690728876165,1013.5574
1690728876185,1013.5486
1690728876225,1013.5478
1690728876266,1013.54407
1690728876303,1013.54333
1690728876323,1013.5495
1690728876366,1013.55347
1690728876403,1013.5537
1690728876426,1013.5601
1690728876466,1013.56396
1690728876502,1013.56793
1690728876522,1013.5695
1690728876562,1013.5686
1690728876605,1013.5677
1690728876623,1013.5735
1690728876663,1013.57056
1690728876708,1013.5669
1690728876722,1013.5687
1690728876766,1013.576
1690728876806,1013.58496
1690728876823,1013.5794
1690728876862,1013.58374
1690728876904,1013.5769
1690728876925,1013.5653
1690728876964,1013.5525
1690728877004,1013.55524
1690728877023,1013.5485
1690728877062,1013.5383
1690728877102,1013.5347
1690728877124,1013.5345
1690728877163,1013.533
1690728877202,1013.54205
1690728877223,1013.5425
1690728877264,1013.5451
1690728877307,1013.55426
1690728877327,1013.56506
1690728877363,1013.55914
1690728877406,1013.55396
1690728877423,1013.5581
1690728877462,1013.5591
1690728877509,1013.57
1690728877527,1013.56885
1690728877562,1013.5774
1690728877604,1013.58453
1690728877629,1013.5757
1690728877662,1013.5752
1690728877707,1013.5676
1690728877723,1013.57623
1690728877767,1013.57153
1690728877804,1013.56067
1690728877823,1013.55865
1690728877861,1013.54877
1690728877902,1013.5414
1690728877923,1013.53625
1690728877965,1013.53485
1690728878005,1013.5349
1690728878021,1013.53687
1690728878061,1013.5404
1690728878104,1013.5405
1690728878126,1013.5559
1690728878163,1013.5593
1690728878204,1013.55676
1690728878225,1013.56287
1690728878266,1013.5642
1690728878303,1013.558
1690728878325,1013.5647
1690728878368,1013.5637
1690728878401,1013.58057
1690728878422,1013.5876
1690728878464,1013.59485
1690728878515,1013.60016
1690728878521,1013.59534
1690728878562,1013.59106
1690728878608,1013.5845
1690728878621,1013.58234
1690728878663,1013.5786
1690728878706,1013.5751
1690728878724,1013.5653
1690728878764,1013.56287
1690728878802,1013.55804
1690728878822,1013.54626
1690728878864,1013.5453
1690728878903,1013.5519
1690728878924,1013.5636
1690728878964,1013.56757
1690728879001,1013.55927
1690728879023,1013.5638
1690728879061,1013.5711
1690728879105,1013.57074
1690728879122,1013.5686
1690728879162,1013.56494
1690728879202,1013.5626
1690728879220,1013.56494
1690728879264,1013.5713
1690728879303,1013.57764
1690728879322,1013.5718
1690728879362,1013.56775
1690728879403,1013.5659
1690728879421,1013.5621
1690728879463,1013.5547
1690728879504,1013.5438
1690728879521,1013.5483
1690728879560,1013.55316
1690728879602,1013.5482
1690728879620,1013.5481
1690728879663,1013.5469
1690728879704,1013.56024
1690728879724,1013.55945
1690728879762,1013.56213
1690728879806,1013.5721
1690728879823,1013.56714
1690728879868,1013.5644
1690728879902,1013.56946
1690728879921,1013.5736
1690728879960,1013.5639
1690728880001,1013.572
1690728880022,1013.5679
1690728880060,1013.56934
1690728880103,1013.5762
1690728880122,1013.5742
1690728880161,1013.5739
1690728880202,1013.58813
1690728880224,1013.584
1690728880266,1013.578
1690728880302,1013.5715
1690728880322,1013.57104
1690728880362,1013.5709
1690728880401,1013.5766
1690728880424,1013.56384
1690728880461,1013.5697
1690728880501,1013.5718
1690728880519,1013.567
1690728880567,1013.5624
1690728880603,1013.5674
1690728880622,1013.57935
1690728880661,1013.58606
1690728880700,1013.5883
1690728880721,1013.58496
1690728880762,1013.57263
1690728880802,1013.57544
1690728880821,1013.57654
1690728880860,1013.5718
1690728880903,1013.5805
1690728880921,1013.58044
1690728880989,1013.57263
1690728880999,1013.58307
1690728881019,1013.58716
1690728881060,1013.56665
1690728881102,1013.55695
1690728881125,1013.56586
1690728881161,1013.57104
1690728881202,1013.5606
1690728881221,1013.5596
1690728881261,1013.55
1690728881302,1013.55615
1690728881320,1013.5665
1690728881362,1013.57495
1690728881401,1013.5861
1690728881424,1013.59674
1690728881463,1013.5956
1690728881499,1013.5859
1690728881518,1013.5891
1690728881559,1013.6058
1690728881603,1013.61084
1690728881620,1013.5831
1690728881660,1013.5861
1690728881703,1013.5824
1690728881721,1013.564
1690728881762,1013.5485
1690728881802,1013.5421
1690728881820,1013.5327
1690728881861,1013.5309
1690728881900,1013.5297
1690728881922,1013.53503
1690728881960,1013.55396
1690728882000,1013.57153
1690728882018,1013.5775
1690728882058,1013.5868
1690728882099,1013.59454
1690728882121,1013.5962
1690728882159,1013.5928
1690728882200,1013.5966
1690728882219,1013.6023
1690728882260,1013.6055
1690728882299,1013.60486
1690728882320,1013.60754
1690728882360,1013.60486
1690728882400,1013.60614
1690728882422,1013.60205
1690728882460,1013.60034
1690728882499,1013.59924
1690728882519,1013.60034
1690728882560,1013.6006
1690728882610,1013.5902
1690728882619,1013.5868
1690728882661,1013.59186
1690728882702,1013.5923
1690728882721,1013.6029
1690728882763,1013.6178
1690728882799,1013.6261
1690728882822,1013.6302
1690728882859,1013.6263
1690728882901,1013.60864
1690728882920,1013.59863
1690728882964,1013.59204
1690728882999,1013.60474
1690728883019,1013.6012
1690728883058,1013.601
1690728883101,1013.60516
1690728883119,1013.608
1690728883161,1013.61316
1690728883201,1013.612
1690728883219,1013.62366
1690728883261,1013.6255
1690728883301,1013.62646
1690728883319,1013.60876
1690728883360,1013.6
1690728883402,1013.6032
1690728883420,1013.5958
1690728883459,1013.57764
1690728883506,1013.56134
1690728883523,1013.5764
1690728883559,1013.5945
1690728883599,1013.5983
1690728883619,1013.59644
1690728883659,1013.5978
1690728883701,1013.5952
1690728883720,1013.5949
1690728883760,1013.58295
1690728883799,1013.59076
1690728883818,1013.5964
1690728883861,1013.6022
1690728883904,1013.60364
1690728883920,1013.6091
1690728883958,1013.617
1690728883998,1013.6162
1690728884020,1013.6195
1690728884057,1013.6149
1690728884099,1013.60846
1690728884120,1013.6115
1690728884158,1013.6028
1690728884198,1013.59985
1690728884219,1013.5874
1690728884262,1013.5795
1690728884299,1013.569
1690728884322,1013.5781
1690728884358,1013.5814
1690728884398,1013.57495
1690728884419,1013.5679
1690728884460,1013.558
1690728884499,1013.5759
1690728884521,1013.5858
1690728884558,1013.5888
1690728884598,1013.58875
1690728884617,1013.60474
1690728884658,1013.5984
1690728884700,1013.6124
1690728884718,1013.61304
1690728884759,1013.6183
1690728884799,1013.6255
1690728884819,1013.6225
1690728884860,1013.62866
1690728884900,1013.6136
1690728884919,1013.5982
1690728884958,1013.5896
1690728885000,1013.5771
1690728885031,1013.556
1690728885057,1013.5326
1690728885098,1013.52234
1690728885119,1013.5211
1690728885158,1013.51514
1690728885198,1013.5114
1690728885221,1013.5095
1690728885258,1013.5221
1690728885299,1013.5383
1690728885319,1013.5623
1690728885358,1013.57605
1690728885399,1013.592
1690728885422,1013.5994
1690728885460,1013.6035
1690728885499,1013.612
1690728885520,1013.6177
1690728885557,1013.61975
1690728885597,1013.62317
1690728885619,1013.6144
1690728885659,1013.60596
1690728885701,1013.5982
1690728885725,1013.5941
1690728885759,1013.584
1690728885798,1013.57495
1690728885818,1013.56805
1690728885858,1013.56445
1690728885900,1013.56525
1690728885918,1013.548
1690728885969,1013.52844
1690728886000,1013.53467
1690728886020,1013.5481
1690728886057,1013.56537
1690728886097,1013.5783
1690728886119,1013.57404
1690728886157,1013.5725
1690728886201,1013.5757
1690728886218,1013.5775
1690728886258,1013.5796
1690728886299,1013.5772
1690728886319,1013.5638
1690728886358,1013.5736
1690728886398,1013.56006
1690728886419,1013.57153
1690728886461,1013.58105
1690728886498,1013.5842
1690728886518,1013.5807
1690728886556,1013.5664
1690728886598,1013.5653
1690728886620,1013.5673
1690728886659,1013.5679
1690728886697,1013.5742
1690728886718,1013.5652
1690728886761,1013.558
1690728886803,1013.5391
1690728886817,1013.5602
1690728886858,1013.56445
1690728886897,1013.55273
1690728886919,1013.5542
1690728886958,1013.5497
1690728886998,1013.5513
1690728887023,1013.5557
1690728887056,1013.5475
1690728887099,1013.5484
1690728887124,1013.5554
1690728887160,1013.55615
1690728887200,1013.54065
1690728887216,1013.55444
1690728887257,1013.5605
1690728887299,1013.56604
1690728887317,1013.5641
1690728887356,1013.56793
1690728887396,1013.56494
1690728887416,1013.56384
1690728887460,1013.5669
1690728887498,1013.5671
1690728887518,1013.55664
1690728887557,1013.55457
1690728887596,1013.5522
1690728887618,1013.5667
1690728887660,1013.5711
1690728887697,1013.5775
1690728887717,1013.57434
1690728887758,1013.57153
1690728887798,1013.56976
1690728887816,1013.5721
1690728887857,1013.5678
1690728887898,1013.5687
1690728887918,1013.5705
1690728887958,1013.56354
1690728887998,1013.5703
1690728888016,1013.57263
1690728888055,1013.5741
1690728888097,1013.5691
1690728888117,1013.56635
1690728888156,1013.5585
1690728888196,1013.5565
1690728888216,1013.5593
1690728888259,1013.55237
1690728888297,1013.5493
1690728888317,1013.5472
1690728888357,1013.5458
1690728888398,1013.53845
1690728888420,1013.5422
1690728888459,1013.5614
1690728888496,1013.563
1690728888518,1013.5711
1690728888559,1013.5742
1690728888596,1013.5746
1690728888617,1013.5764
1690728888659,1013.5832
1690728888696,1013.5947
1690728888716,1013.5954
1690728888759,1013.59375
1690728888796,1013.5958
1690728888816,1013.60144
1690728888855,1013.60803
1690728888895,1013.6072
1690728888916,1013.6067
1690728888956,1013.60266
1690728888997,1013.5929
1690728889017,1013.5992
1690728889055,1013.5868
1690728889095,1013.57446
1690728889117,1013.57104
1690728889156,1013.569
1690728889196,1013.56946
1690728889215,1013.56665
1690728889255,1013.5602
1690728889298,1013.55524
1690728889315,1013.55994
1690728889362,1013.5629
1690728889395,1013.56067
1690728889415,1013.55566
1690728889455,1013.5576
1690728889498,1013.57056
1690728889516,1013.5662
1690728889555,1013.56805
1690728889595,1013.56586
1690728889618,1013.56757
1690728889655,1013.5719
1690728889696,1013.56995
1690728889716,1013.5766
1690728889758,1013.5786
1690728889796,1013.583
1690728889815,1013.5779
1690728889855,1013.5712
1690728889896,1013.56946
1690728889918,1013.5617
1690728889958,1013.5579
1690728889995,1013.5566
1690728890017,1013.5617
1690728890056,1013.5427
1690728890096,1013.5416
1690728890117,1013.54376
1690728890155,1013.54846
1690728890199,1013.542
1690728890218,1013.5424
1690728890256,1013.54565
1690728890296,1013.54175
1690728890318,1013.5466
1690728890358,1013.55493
1690728890396,1013.5574
1690728890416,1013.5622
1690728890456,1013.57587
1690728890495,1013.5787
1690728890516,1013.5743
1690728890555,1013.58484
1690728890595,1013.58203
1690728890616,1013.5802
1690728890655,1013.56433
1690728890695,1013.5571
1690728890716,1013.5436
1690728890756,1013.5299
1690728890795,1013.52216
1690728890815,1013.5241
1690728890857,1013.5254
1690728890897,1013.52454
1690728890917,1013.5377
1690728890955,1013.54785
1690728890997,1013.55054
1690728891018,1013.5573
1690728891054,1013.5703
1690728891096,1013.5719
1690728891114,1013.5621
1690728891155,1013.5636
1690728891196,1013.55475
1690728891215,1013.55005
1690728891256,1013.5626
1690728891296,1013.56213
1690728891317,1013.5681
1690728891355,1013.5559
1690728891395,1013.55865
1690728891416,1013.5635
1690728891455,1013.5596
1690728891495,1013.5471
1690728891516,1013.5291
1690728891555,1013.5328
1690728891593,1013.53467
1690728891614,1013.5416
1690728891655,1013.5186
1690728891694,1013.49384
1690728891715,1013.48865
1690728891754,1013.4966
1690728891798,1013.5084
1690728891815,1013.5165
1690728891855,1013.5304
1690728891894,1013.5318
1690728891916,1013.5355
1690728891956,1013.5441
1690728891996,1013.54346
1690728892015,1013.5497
1690728892056,1013.55994
1690728892094,1013.5625
1690728892116,1013.55994
1690728892154,1013.5575
1690728892195,1013.5613
1690728892216,1013.5614
1690728892255,1013.55695
1690728892295,1013.55634
1690728892315,1013.5508
1690728892356,1013.54364
1690728892395,1013.536
1690728892420,1013.53296
1690728892456,1013.5233
1690728892497,1013.51404
1690728892517,1013.5042
1690728892557,1013.50134
1690728892594,1013.5009
1690728892614,1013.50696
1690728892655,1013.5107
1690728892696,1013.51416
1690728892714,1013.518
1690728892756,1013.5305
1690728892795,1013.53357
1690728892814,1013.5379
1690728892854,1013.54083
1690728892894,1013.5446
1690728892914,1013.5515
1690728892956,1013.5419
1690728892995,1013.53827
1690728893014,1013.5411
1690728893055,1013.54504
1690728893095,1013.54315
1690728893115,1013.5331
1690728893155,1013.53564
1690728893195,1013.54565
1690728893215,1013.5473
1690728893259,1013.5487
1690728893296,1013.53534
1690728893315,1013.526
1690728893356,1013.52814
1690728893396,1013.5334
1690728893416,1013.5369
1690728893456,1013.5295
1690728893494,1013.5298
1690728893516,1013.52747
1690728893555,1013.52936
1690728893594,1013.53516
1690728893614,1013.5378
1690728893656,1013.5365
1690728893695,1013.5405
1690728893717,1013.548
1690728893755,1013.5438
1690728893794,1013.5421
1690728893815,1013.54254
1690728893855,1013.54645
1690728893897,1013.55066
1690728893914,1013.5497
1690728893955,1013.54645
1690728893995,1013.5557
1690728894017,1013.5535
1690728894053,1013.55444
1690728894093,1013.54565
1690728894114,1013.5298
1690728894155,1013.51605
1690728894194,1013.51465
1690728894216,1013.529
1690728894259,1013.52826
1690728894295,1013.53394
1690728894316,1013.53156
1690728894356,1013.5311
1690728894395,1013.52454
1690728894418,1013.5253
1690728894458,1013.5344
1690728894495,1013.5353
1690728894516,1013.535
1690728894553,1013.53357
1690728894593,1013.54663
1690728894613,1013.5378
1690728894652,1013.5393
1690728894694,1013.54193
1690728894714,1013.5495
1690728894753,1013.5408
1690728894793,1013.54645
1690728894816,1013.5505
1690728894855,1013.557
1690728894894,1013.5592
1690728894914,1013.5531
1690728894957,1013.54333
1690728894993,1013.5331
1690728895014,1013.5184
1690728895052,1013.51935
1690728895092,1013.5335
1690728895113,1013.535
1690728895155,1013.5386
1690728895194,1013.53186
1690728895215,1013.5272
1690728895255,1013.52844
1690728895296,1013.5334
1690728895314,1013.5365
1690728895353,1013.54956
1690728895393,1013.54736
1690728895412,1013.5554
1690728895452,1013.5452
1690728895494,1013.54553
1690728895516,1013.55597
1690728895556,1013.5539
1690728895591,1013.5435
1690728895612,1013.5406
1690728895655,1013.5521
1690728895694,1013.5574
1690728895714,1013.56024
1690728895754,1013.5597
1690728895797,1013.56287
1690728895814,1013.5572
1690728895855,1013.54535
1690728895894,1013.5316
1690728895915,1013.5401
1690728895952,1013.5364
1690728895997,1013.54126
1690728896013,1013.5389
1690728896051,1013.53644
1690728896092,1013.53076
1690728896112,1013.5266
1690728896152,1013.527
1690728896192,1013.52637
1690728896214,1013.51886
1690728896254,1013.5322
1690728896295,1013.5439
1690728896313,1013.5437
1690728896356,1013.55347
1690728896393,1013.5574
1690728896414,1013.56177
1690728896459,1013.5571
1690728896494,1013.5572
1690728896511,1013.55493
1690728896550,1013.54517
1690728896591,1013.54504
1690728896613,1013.5513
1690728896652,1013.5583
1690728896692,1013.5648
1690728896711,1013.56714
1690728896752,1013.5615
1690728896792,1013.55664
1690728896818,1013.5532
1690728896851,1013.55225
1690728896893,1013.55676
1690728896932,1013.562
1690728896952,1013.5615
1690728896991,1013.5676
1690728897033,1013.5752
1690728897052,1013.57874
1690728897090,1013.58527
1690728897132,1013.5876
1690728897152,1013.57385
1690728897193,1013.57
1690728897235,1013.5659
1690728897253,1013.5699
1690728897294,1013.5602
1690728897331,1013.5669
1690728897353,1013.57184
1690728897392,1013.56305
1690728897431,1013.56494
1690728897453,1013.5676
1690728897492,1013.56384
1690728897532,1013.5635
1690728897557,1013.5697
1690728897592,1013.5686
1690728897612,1013.5676
1690728897657,1013.5593
1690728897691,1013.5613
1690728897731,1013.55786
1690728897753,1013.56335
1690728897795,1013.56696
1690728897811,1013.56104
1690728897853,1013.5713
1690728897892,1013.5748
1690728897931,1013.5777
1690728897954,1013.58356
1690728897991,1013.57825
1690728898034,1013.5786
1690728898062,1013.5709
1690728898089,1013.5637
1690728898130,1013.56165
1690728898151,1013.55945
1690728898193,1013.5593
1690728898232,1013.57294
1690728898254,1013.5724
1690728898292,1013.5685
1690728898334,1013.56866
1690728898354,1013.57605
1690728898392,1013.5662
1690728898432,1013.56055
1690728898451,1013.56537
1690728898491,1013.5579
1690728898532,1013.56537
1690728898551,1013.5604
1690728898591,1013.5503
1690728898630,1013.5611
1690728898654,1013.5758
1690728898690,1013.56793
1690728898732,1013.5668
1690728898753,1013.5687
1690728898793,1013.5687
1690728898831,1013.5688
1690728898853,1013.5622
1690728898892,1013.5595
1690728898933,1013.5648
1690728898951,1013.5615
1690728898993,1013.5586
1690728899032,1013.56976
1690728899052,1013.5775
1690728899089,1013.58466
1690728899130,1013.58514
1690728899153,1013.5735
1690728899192,1013.5652
1690728899231,1013.56604
1690728899250,1013.5738
1690728899290,1013.5742
1690728899332,1013.5699
1690728899352,1013.5849
1690728899390,1013.5915
1690728899433,1013.5877
1690728899450,1013.5877
1690728899490,1013.58673
1690728899533,1013.5822
1690728899551,1013.5776
1690728899590,1013.5684
1690728899629,1013.56384
1690728899653,1013.5608
1690728899690,1013.55286
1690728899731,1013.5509
1690728899751,1013.55096
1690728899790,1013.5564
1690728899832,1013.557
1690728899851,1013.55316
1690728899889,1013.56226
1690728899932,1013.5679
1690728899950,1013.56934
1690728899990,1013.5711
1690728900030,1013.5641
1690728900049,1013.5653
1690728900088,1013.5646
1690728900130,1013.56036
1690728900149,1013.5665
1690728900190,1013.5645
1690728900229,1013.5694
1690728900250,1013.56885
1690728900292,1013.57654
1690728900330,1013.58374
1690728900352,1013.58215
1690728900392,1013.57446
1690728900430,1013.5674
1690728900450,1013.56647
1690728900490,1013.56287
1690728900530,1013.5625
1690728900558,1013.5553
1690728900588,1013.54645
1690728900629,1013.54565
1690728900655,1013.55066
1690728900691,1013.55383
1690728900730,1013.5525
1690728900750,1013.54535
1690728900789,1013.54987
1690728900836,1013.5488
1690728900853,1013.54266
1690728900889,1013.5355
1690728900929,1013.5362
1690728900950,1013.5382
1690728900990,1013.5468
1690728901029,1013.54553
1690728901051,1013.552
1690728901090,1013.5519
1690728901129,1013.57324
1690728901154,1013.56885
1690728901190,1013.5621
1690728901230,1013.54956
1690728901251,1013.54364
1690728901291,1013.5436
1690728901330,1013.54047
1690728901350,1013.5382
1690728901393,1013.53345
1690728901429,1013.5354
1690728901449,1013.5288
1690728901490,1013.5442
1690728901529,1013.5459
1690728901549,1013.55396
1690728901588,1013.55347
1690728901629,1013.5475
1690728901650,1013.5385
1690728901690,1013.53503
1690728901728,1013.5323
1690728901749,1013.5349
1690728901792,1013.5299
1690728901830,1013.5254
1690728901850,1013.5224
1690728901889,1013.52295
1690728901935,1013.51746
1690728901950,1013.5204
1690728901990,1013.51447
1690728902032,1013.5083
1690728902050,1013.5032
1690728902088,1013.50037
1690728902128,1013.5085
1690728902153,1013.506
1690728902188,1013.5056
1690728902230,1013.4949
1690728902250,1013.4927
1690728902292,1013.4946
1690728902328,1013.4979
1690728902349,1013.50806
1690728902393,1013.50946
1690728902429,1013.5088
1690728902449,1013.5016
1690728902495,1013.4977
1690728902532,1013.5011
1690728902548,1013.4984
1690728902587,1013.494
1690728902628,1013.4948
1690728902655,1013.49274
1690728902690,1013.49506
1690728902728,1013.5027
1690728902751,1013.50354
1690728902788,1013.49756
1690728902829,1013.49695
1690728902848,1013.49615
1690728902888,1013.49084
1690728902930,1013.49115
1690728902949,1013.4823
1690728902988,1013.4881
1690728903030,1013.4839
1690728903052,1013.4858
1690728903088,1013.48694
1690728903128,1013.49536
1690728903150,1013.50073
1690728903188,1013.4979
1690728903229,1013.50183
1690728903249,1013.4999
1690728903288,1013.4978
1690728903330,1013.4905
1690728903348,1013.4906
1690728903390,1013.48987
1690728903434,1013.49243
1690728903448,1013.4934
1690728903488,1013.51276
1690728903528,1013.5146
1690728903548,1013.5232
1690728903586,1013.52094
1690728903627,1013.51605
1690728903652,1013.52014
1690728903687,1013.52325
1690728903727,1013.52014
1690728903750,1013.5225
1690728903789,1013.5159
1690728903829,1013.5133
1690728903847,1013.50214
1690728903889,1013.4957
1690728903929,1013.4852
1690728903950,1013.48914
1690728903990,1013.49164
1690728904029,1013.49817
1690728904049,1013.51086
1690728904086,1013.5216
1690728904127,1013.53546
1690728904149,1013.5259
1690728904188,1013.53076
1690728904229,1013.5396
1690728904248,1013.5414
1690728904288,1013.5484
1690728904332,1013.547
1690728904347,1013.5342
1690728904388,1013.5209
1690728904429,1013.5123
1690728904449,1013.5205
1690728904488,1013.5219
1690728904527,1013.51685
1690728904550,1013.5146
1690728904587,1013.52094
1690728904628,1013.51227
1690728904648,1013.51306
1690728904688,1013.5158
1690728904730,1013.5207
1690728904749,1013.5089
1690728904790,1013.508
1690728904828,1013.5054
1690728904852,1013.50714
1690728904886,1013.5111
1690728904928,1013.5089
1690728904949,1013.5068
1690728904989,1013.5084
1690728905028,1013.5131
1690728905047,1013.5183
1690728905086,1013.5247
1690728905130,1013.5293
1690728905150,1013.5472
1690728905188,1013.5437
1690728905230,1013.5313
1690728905250,1013.5018
1690728905286,1013.4907
1690728905329,1013.488
1690728905349,1013.495
1690728905387,1013.5058
1690728905427,1013.51416
1690728905449,1013.50305
1690728905487,1013.5148
1690728905528,1013.5143
1690728905547,1013.50696
1690728905586,1013.5144
1690728905626,1013.5125
1690728905647,1013.5068
1690728905689,1013.5105
1690728905725,1013.5138
1690728905745,1013.5155
