1690730278754,1011.67065
1690730278771,1011.6531
1690730278811,1011.65204
1690730278851,1011.64453
1690730278870,1011.64624
1690730278910,1011.6603
1690730278951,1011.6636
1690730278971,1011.6676
1690730279010,1011.66223
1690730279051,1011.6511
1690730279070,1011.6548
1690730279111,1011.6491
1690730279151,1011.65625
1690730279172,1011.6534
1690730279213,1011.6481
1690730279233,1011.646
1690730279277,1011.64435
1690730279312,1011.6495
1690730279354,1011.6433
1690730279376,1011.6502
1690730279412,1011.66656
1690730279453,1011.6642
1690730279474,1011.6494
1690730279512,1011.6531
1690730279552,1011.6522
1690730279573,1011.6428
1690730279619,1011.64197
1690730279652,1011.6515
1690730279672,1011.66125
1690730279716,1011.6727
1690730279756,1011.67346
1690730279776,1011.67883
1690730279812,1011.67346
1690730279855,1011.67194
1690730279871,1011.6708
1690730279914,1011.6657
1690730279954,1011.6636
1690730279973,1011.6632
1690730280013,1011.6636
1690730280052,1011.6666
1690730280070,1011.67737
1690730280110,1011.67957
1690730280151,1011.66724
1690730280174,1011.6673
1690730280211,1011.66956
1690730280252,1011.6711
1690730280272,1011.6656
1690730280310,1011.66626
1690730280353,1011.65753
1690730280372,1011.67114
1690730280414,1011.6769
1690730280453,1011.67725
1690730280472,1011.66394
1690730280513,1011.66455
1690730280555,1011.6697
1690730280571,1011.6699
1690730280613,1011.6638
1690730280652,1011.666
1690730280672,1011.6686
1690730280720,1011.6649
1690730280750,1011.67554
1690730280771,1011.67865
1690730280810,1011.6748
1690730280852,1011.6708
1690730280873,1011.6769
1690730280913,1011.6743
1690730280952,1011.6776
1690730280973,1011.6725
1690730281011,1011.6699
1690730281052,1011.67584
1690730281072,1011.67847
1690730281113,1011.6794
1690730281151,1011.6714
1690730281171,1011.66864
1690730281210,1011.66223
1690730281252,1011.6695
1690730281270,1011.6653
1690730281309,1011.6708
1690730281353,1011.677
1690730281374,1011.6709
1690730281410,1011.6745
1690730281452,1011.6719
1690730281471,1011.6765
1690730281512,1011.6749
1690730281552,1011.66815
1690730281570,1011.6636
1690730281611,1011.66504
1690730281652,1011.66675
1690730281673,1011.66327
1690730281710,1011.67004
1690730281754,1011.674
1690730281773,1011.66833
1690730281809,1011.6742
1690730281850,1011.67615
1690730281873,1011.6803
1690730281912,1011.685
1690730281952,1011.67993
1690730281974,1011.6794
1690730282010,1011.6904
1690730282052,1011.6931
1690730282072,1011.70087
1690730282112,1011.6874
1690730282152,1011.6909
1690730282171,1011.70496
1690730282209,1011.7052
1690730282251,1011.69617
1690730282270,1011.6837
1690730282309,1011.6806
1690730282352,1011.6838
1690730282372,1011.6854
1690730282413,1011.6926
1690730282453,1011.7026
1690730282471,1011.70264
1690730282510,1011.7136
1690730282551,1011.7174
1690730282574,1011.71924
1690730282610,1011.7152
1690730282653,1011.71246
1690730282670,1011.7168
1690730282711,1011.71564
1690730282750,1011.7158
1690730282769,1011.725
1690730282809,1011.7266
1690730282851,1011.7241
1690730282869,1011.72266
1690730282911,1011.72284
1690730282952,1011.7163
1690730282973,1011.7208
1690730283011,1011.7167
1690730283049,1011.7124
1690730283069,1011.7147
1690730283112,1011.7217
1690730283150,1011.72473
1690730283172,1011.73096
1690730283212,1011.7299
1690730283250,1011.7431
1690730283269,1011.7412
1690730283310,1011.7351
1690730283349,1011.7373
1690730283372,1011.7322
1690730283409,1011.7251
1690730283449,1011.7184
1690730283472,1011.724
1690730283510,1011.73145
1690730283550,1011.7308
1690730283571,1011.7328
1690730283612,1011.73224
1690730283651,1011.73096
1690730283676,1011.7342
1690730283711,1011.72797
1690730283748,1011.7274
1690730283768,1011.7384
1690730283810,1011.7346
1690730283849,1011.74005
1690730283871,1011.74554
1690730283909,1011.747
1690730283950,1011.7577
1690730283971,1011.7583
1690730284010,1011.7607
1690730284050,1011.7599
1690730284072,1011.74774
1690730284110,1011.7428
1690730284151,1011.74365
1690730284170,1011.7478
1690730284209,1011.75
1690730284249,1011.7531
1690730284280,1011.7531
1690730284308,1011.74994
1690730284349,1011.7412
1690730284370,1011.75055
1690730284409,1011.7566
1690730284448,1011.7708
1690730284470,1011.7713
1690730284512,1011.7715
1690730284548,1011.7748
1690730284568,1011.7712
1690730284609,1011.77856
1690730284651,1011.78345
1690730284674,1011.7916
1690730284715,1011.78625
1690730284749,1011.7707
1690730284770,1011.77356
1690730284808,1011.7846
1690730284849,1011.78864
1690730284869,1011.7899
1690730284908,1011.7874
1690730284949,1011.7843
1690730284968,1011.7941
1690730285008,1011.78534
1690730285048,1011.78064
1690730285068,1011.78503
1690730285111,1011.78955
1690730285148,1011.79254
1690730285169,1011.79175
1690730285209,1011.788
1690730285248,1011.79443
1690730285268,1011.80255
1690730285308,1011.80475
1690730285348,1011.81104
1690730285370,1011.80725
1690730285410,1011.7984
1690730285448,1011.8076
1690730285473,1011.79675
1690730285509,1011.79224
1690730285552,1011.797
1690730285574,1011.80304
1690730285610,1011.8023
1690730285653,1011.8036
1690730285670,1011.8021
1690730285709,1011.8034
1690730285749,1011.79895
1690730285779,1011.80316
1690730285807,1011.805
1690730285847,1011.81573
1690730285869,1011.81433
1690730285909,1011.8203
1690730285948,1011.82263
1690730285968,1011.8221
1690730286010,1011.8125
1690730286048,1011.81287
1690730286070,1011.8005
1690730286108,1011.8056
1690730286151,1011.8165
1690730286168,1011.8167
1690730286207,1011.80835
1690730286254,1011.8096
1690730286279,1011.81067
1690730286307,1011.82245
1690730286347,1011.8303
1690730286372,1011.83044
1690730286409,1011.8237
1690730286450,1011.8328
1690730286468,1011.8312
1690730286508,1011.83276
1690730286549,1011.83276
1690730286567,1011.8359
1690730286609,1011.8362
1690730286648,1011.8368
1690730286668,1011.8273
1690730286709,1011.8293
1690730286747,1011.8274
1690730286766,1011.82465
1690730286807,1011.8268
1690730286850,1011.8304
1690730286868,1011.8308
1690730286908,1011.8319
1690730286947,1011.84247
1690730286968,1011.8421
1690730287007,1011.8491
1690730287053,1011.84753
1690730287069,1011.85065
1690730287107,1011.84955
1690730287148,1011.84814
1690730287167,1011.8522
1690730287211,1011.8595
1690730287250,1011.8574
1690730287272,1011.8523
1690730287315,1011.8501
1690730287349,1011.8546
1690730287366,1011.8561
1690730287406,1011.8581
1690730287447,1011.8579
1690730287466,1011.85657
1690730287507,1011.85657
1690730287546,1011.8546
1690730287567,1011.85754
1690730287609,1011.8633
1690730287649,1011.86206
1690730287671,1011.85974
1690730287706,1011.8667
1690730287747,1011.87225
1690730287766,1011.8799
1690730287806,1011.8773
1690730287848,1011.873
1690730287866,1011.86566
1690730287907,1011.86975
1690730287949,1011.8665
1690730287974,1011.86005
1690730288008,1011.86365
1690730288047,1011.87244
1690730288067,1011.8646
1690730288106,1011.86804
1690730288147,1011.8856
1690730288167,1011.8832
1690730288214,1011.87897
1690730288247,1011.8775
1690730288266,1011.88293
1690730288306,1011.88696
1690730288350,1011.8868
1690730288370,1011.8922
1690730288406,1011.89844
1690730288448,1011.8969
1690730288468,1011.89514
1690730288509,1011.8944
1690730288548,1011.8916
1690730288566,1011.8982
1690730288608,1011.90466
1690730288650,1011.90027
1690730288666,1011.8854
1690730288710,1011.8789
1690730288747,1011.87866
1690730288770,1011.8799
1690730288808,1011.87573
1690730288847,1011.8855
1690730288869,1011.8939
1690730288906,1011.8913
1690730288949,1011.89307
1690730288967,1011.8965
1690730289007,1011.8887
1690730289052,1011.88196
1690730289069,1011.8805
1690730289106,1011.88214
1690730289148,1011.8795
1690730289167,1011.8818
1690730289208,1011.8806
1690730289248,1011.8838
1690730289267,1011.8846
1690730289305,1011.88745
1690730289346,1011.8926
1690730289366,1011.8956
1690730289408,1011.89294
1690730289452,1011.9033
1690730289466,1011.9031
1690730289506,1011.89954
1690730289546,1011.9042
1690730289565,1011.9109
1690730289607,1011.9139
1690730289650,1011.91705
1690730289665,1011.9002
1690730289707,1011.89954
1690730289747,1011.89307
1690730289774,1011.8959
1690730289807,1011.902
1690730289850,1011.894
1690730289870,1011.8944
1690730289905,1011.89685
1690730289949,1011.8966
1690730289966,1011.896
1690730290014,1011.9099
1690730290047,1011.91425
1690730290065,1011.91223
1690730290108,1011.90845
1690730290146,1011.9118
1690730290167,1011.9124
1690730290207,1011.911
1690730290250,1011.9148
1690730290265,1011.92474
1690730290305,1011.91956
1690730290345,1011.91095
1690730290368,1011.9059
1690730290407,1011.9105
1690730290447,1011.91614
1690730290465,1011.9181
1690730290506,1011.91315
1690730290547,1011.9075
1690730290567,1011.91113
1690730290605,1011.9106
1690730290646,1011.91345
1690730290670,1011.9185
1690730290705,1011.9167
1690730290748,1011.9101
1690730290767,1011.91595
1690730290805,1011.912
1690730290845,1011.9138
1690730290873,1011.9218
1690730290904,1011.9271
1690730290947,1011.93665
1690730290968,1011.9464
1690730291005,1011.9509
1690730291046,1011.9408
1690730291065,1011.93787
1690730291110,1011.93396
1690730291152,1011.93396
1690730291165,1011.93225
1690730291209,1011.93365
1690730291245,1011.9337
1690730291270,1011.93787
1690730291304,1011.9353
1690730291344,1011.94147
1690730291371,1011.94165
1690730291405,1011.94305
1690730291445,1011.9424
1690730291464,1011.94946
1690730291506,1011.9552
1690730291546,1011.96216
1690730291567,1011.9554
1690730291606,1011.95874
1690730291645,1011.9591
1690730291665,1011.9624
1690730291705,1011.9658
1690730291747,1011.96704
1690730291766,1011.9661
1690730291804,1011.95935
1690730291846,1011.95123
1690730291869,1011.95087
1690730291904,1011.94324
1690730291946,1011.9529
1690730291965,1011.9524
1690730292004,1011.9579
1690730292046,1011.9657
1690730292066,1011.96454
1690730292106,1011.964
1690730292147,1011.9634
1690730292167,1011.9587
1690730292204,1011.9603
1690730292245,1011.9667
1690730292264,1011.96423
1690730292304,1011.966
1690730292346,1011.978
1690730292367,1011.9686
1690730292405,1011.98126
1690730292446,1011.9798
1690730292467,1011.98083
1690730292504,1011.98785
1690730292549,1011.99567
1690730292567,1012.0006
1690730292605,1012.001
1690730292645,1011.9967
1690730292663,1011.98914
1690730292707,1011.98083
1690730292747,1011.97894
1690730292765,1011.9752
1690730292804,1011.9797
1690730292845,1011.9843
1690730292866,1011.9884
1690730292904,1011.9978
1690730292946,1011.9957
1690730292966,1011.9961
1690730293006,1011.99054
1690730293047,1011.9896
1690730293068,1011.9909
1690730293105,1011.999
1690730293146,1012.00793
1690730293166,1012.0129
1690730293207,1012.0142
1690730293265,1012.0088
1690730293265,1012.0012
1690730293303,1012.0056
1690730293344,1011.9989
1690730293364,1012.00867
1690730293406,1012.01044
1690730293444,1012.0132
1690730293465,1012.0084
1690730293505,1012.0065
1690730293553,1012.0028
1690730293565,1012.0061
1690730293603,1012.0167
1690730293647,1012.0178
1690730293664,1012.0208
1690730293705,1012.011
1690730293744,1012.01575
1690730293766,1012.01245
1690730293805,1012.0158
1690730293847,1012.03186
1690730293866,1012.03735
1690730293905,1012.02765
1690730293947,1012.02026
1690730293965,1012.0047
1690730294008,1012.0056
1690730294053,1012.01294
1690730294065,1012.01605
1690730294104,1012.01746
1690730294146,1012.0156
1690730294166,1012.0181
1690730294206,1012.0215
1690730294246,1012.02045
1690730294266,1012.02057
1690730294304,1012.01855
1690730294344,1012.0177
1690730294365,1012.0121
1690730294404,1012.00885
1690730294443,1012.0059
1690730294465,1012.0068
1690730294504,1012.01154
1690730294545,1012.01843
1690730294565,1012.02423
1690730294605,1012.0231
1690730294645,1012.0279
1690730294673,1012.0219
1690730294704,1012.0246
1690730294745,1012.0307
1690730294763,1012.0382
1690730294802,1012.0313
1690730294844,1012.0352
1690730294863,1012.03674
1690730294906,1012.0393
1690730294944,1012.0348
1690730294963,1012.032
1690730295007,1012.03687
1690730295042,1012.0307
1690730295063,1012.03516
1690730295103,1012.0305
1690730295145,1012.03455
1690730295162,1012.0498
1690730295203,1012.0397
1690730295244,1012.0397
1690730295264,1012.03827
1690730295303,1012.0405
1690730295342,1012.03986
1690730295362,1012.0463
1690730295402,1012.0572
1690730295443,1012.06213
1690730295468,1012.0652
1690730295504,1012.05884
1690730295545,1012.0482
1690730295563,1012.0466
1690730295603,1012.0443
1690730295645,1012.0417
1690730295664,1012.048
1690730295703,1012.0516
1690730295743,1012.0564
1690730295764,1012.0581
1690730295802,1012.0585
1690730295843,1012.0577
1690730295863,1012.05884
1690730295903,1012.0691
1690730295944,1012.0606
1690730295964,1012.0637
1690730296003,1012.06836
1690730296042,1012.0786
1690730296066,1012.08044
1690730296103,1012.086
1690730296144,1012.08484
1690730296162,1012.0751
1690730296203,1012.0671
1690730296244,1012.0554
1690730296264,1012.05084
1690730296305,1012.04987
1690730296344,1012.0619
1690730296361,1012.0725
1690730296412,1012.0654
1690730296442,1012.07294
1690730296462,1012.0748
1690730296503,1012.0818
1690730296543,1012.0773
1690730296563,1012.08563
1690730296605,1012.0792
1690730296641,1012.0818
1690730296663,1012.0773
1690730296705,1012.08386
1690730296743,1012.08527
1690730296763,1012.08765
1690730296802,1012.09595
1690730296841,1012.0975
1690730296863,1012.09546
1690730296902,1012.0948
1690730296944,1012.0956
1690730296961,1012.09985
1690730297003,1012.098
1690730297046,1012.08453
1690730297064,1012.09656
1690730297105,1012.09705
1690730297142,1012.0996
1690730297165,1012.10474
1690730297202,1012.0952
1690730297242,1012.09845
1690730297265,1012.0991
1690730297306,1012.0968
1690730297342,1012.0971
1690730297361,1012.10535
1690730297402,1012.11957
1690730297444,1012.11676
1690730297462,1012.11334
1690730297503,1012.1154
1690730297543,1012.1136
1690730297562,1012.11456
1690730297605,1012.1117
1690730297643,1012.10913
1690730297666,1012.1096
1690730297702,1012.114
1690730297748,1012.12085
1690730297765,1012.128
1690730297800,1012.1229
1690730297842,1012.1367
1690730297862,1012.1316
1690730297901,1012.1406
1690730297944,1012.14307
1690730297962,1012.14514
1690730298003,1012.1445
1690730298044,1012.1364
1690730298062,1012.134
1690730298102,1012.1477
1690730298144,1012.1481
1690730298167,1012.1453
1690730298203,1012.1499
1690730298243,1012.14136
1690730298262,1012.1408
1690730298301,1012.14343
1690730298340,1012.1441
1690730298360,1012.148
1690730298402,1012.14966
1690730298445,1012.15027
1690730298463,1012.13635
1690730298501,1012.1372
1690730298543,1012.1417
1690730298562,1012.1489
1690730298602,1012.1544
1690730298643,1012.16254
1690730298662,1012.1635
1690730298703,1012.15967
1690730298769,1012.1571
1690730298770,1012.155
1690730298800,1012.15625
1690730298841,1012.1544
1690730298864,1012.14667
1690730298904,1012.1406
1690730298941,1012.1401
1690730298962,1012.13635
1690730299004,1012.14136
1690730299042,1012.1428
1690730299062,1012.14404
1690730299103,1012.1474
1690730299142,1012.14746
1690730299163,1012.148
1690730299202,1012.15894
1690730299241,1012.1523
1690730299263,1012.1405
1690730299303,1012.14764
1690730299340,1012.1481
1690730299360,1012.14624
1690730299402,1012.157
1690730299441,1012.1567
1690730299463,1012.1509
1690730299502,1012.1494
1690730299546,1012.1519
1690730299560,1012.1449
1690730299602,1012.1511
1690730299645,1012.1486
1690730299667,1012.14435
1690730299700,1012.161
1690730299740,1012.1723
1690730299763,1012.1698
1690730299801,1012.17584
1690730299840,1012.1822
1690730299861,1012.1787
1690730299901,1012.1769
1690730299944,1012.18024
1690730299961,1012.18774
1690730300003,1012.18317
1690730300048,1012.1844
1690730300063,1012.18365
1690730300101,1012.1995
1690730300139,1012.2051
1690730300166,1012.21063
1690730300202,1012.2097
1690730300243,1012.21173
1690730300261,1012.20996
1690730300299,1012.2057
1690730300339,1012.19977
1690730300359,1012.19507
1690730300402,1012.1998
1690730300443,1012.2097
1690730300463,1012.21216
1690730300501,1012.2075
1690730300544,1012.2025
1690730300565,1012.20264
1690730300601,1012.20416
1690730300646,1012.19653
1690730300680,1012.19336
1690730300699,1012.1972
1690730300741,1012.19727
1690730300782,1012.20166
1690730300800,1012.1958
1690730300840,1012.1881
1690730300884,1012.1953
1690730300900,1012.2021
1690730300943,1012.19904
1690730300982,1012.1958
1690730301001,1012.1931
1690730301040,1012.192
1690730301080,1012.1909
1690730301100,1012.1962
1690730301142,1012.20667
1690730301179,1012.2026
1690730301200,1012.20435
1690730301240,1012.2092
1690730301280,1012.208
1690730301302,1012.2071
1690730301339,1012.2069
1690730301383,1012.2041
1690730301401,1012.2061
1690730301440,1012.2128
1690730301482,1012.20496
1690730301501,1012.1961
1690730301542,1012.2036
1690730301580,1012.2057
1690730301602,1012.21204
1690730301639,1012.213
1690730301680,1012.2102
1690730301700,1012.2128
1690730301742,1012.20764
1690730301785,1012.20337
1690730301802,1012.20135
1690730301838,1012.21216
1690730301879,1012.2181
1690730301899,1012.2201
1690730301941,1012.21906
1690730301980,1012.2261
1690730301999,1012.2543
1690730302040,1012.2369
1690730302080,1012.22205
1690730302102,1012.22015
1690730302142,1012.2162
1690730302182,1012.21924
1690730302199,1012.22864
1690730302240,1012.22095
1690730302279,1012.22107
1690730302305,1012.2286
1690730302338,1012.2346
1690730302380,1012.24115
1690730302402,1012.23553
1690730302441,1012.2358
1690730302481,1012.23224
1690730302501,1012.23285
1690730302540,1012.23816
1690730302582,1012.25464
1690730302600,1012.24866
1690730302640,1012.253
1690730302681,1012.2601
1690730302700,1012.2515
1690730302743,1012.26373
1690730302763,1012.2777
1690730302803,1012.2698
1690730302838,1012.2594
1690730302878,1012.2596
1690730302900,1012.2617
1690730302941,1012.26404
1690730302981,1012.26526
1690730302999,1012.2643
1690730303038,1012.26227
1690730303081,1012.25696
1690730303101,1012.2611
1690730303139,1012.2615
1690730303179,1012.266
1690730303200,1012.2661
1690730303240,1012.2668
1690730303277,1012.2647
1690730303298,1012.26416
1690730303339,1012.26965
1690730303379,1012.27747
1690730303399,1012.27545
1690730303438,1012.28
1690730303485,1012.2912
1690730303499,1012.28436
1690730303540,1012.27765
1690730303580,1012.2748
1690730303599,1012.2772
1690730303638,1012.2833
1690730303678,1012.2843
1690730303699,1012.2809
1690730303739,1012.2885
1690730303783,1012.28894
1690730303802,1012.28754
1690730303837,1012.28534
1690730303877,1012.28894
1690730303901,1012.2919
1690730303939,1012.29
1690730303978,1012.28467
1690730303999,1012.2905
1690730304038,1012.2881
1690730304080,1012.2918
1690730304098,1012.2971
1690730304138,1012.2942
1690730304180,1012.2932
1690730304198,1012.29175
1690730304238,1012.2916
1690730304279,1012.2958
1690730304309,1012.291
1690730304338,1012.2959
1690730304378,1012.3004
1690730304402,1012.29736
1690730304440,1012.30524
1690730304482,1012.3013
1690730304499,1012.3037
1690730304540,1012.2958
1690730304577,1012.29724
1690730304598,1012.30493
1690730304642,1012.2993
1690730304677,1012.30396
1690730304702,1012.3134
1690730304737,1012.31604
1690730304777,1012.31036
1690730304802,1012.2993
1690730304837,1012.30066
1690730304878,1012.29663
1690730304900,1012.2984
1690730304938,1012.30176
1690730304977,1012.3058
1690730304998,1012.30927
1690730305041,1012.30536
1690730305082,1012.304
1690730305098,1012.30383
1690730305140,1012.3013
1690730305178,1012.3022
1690730305198,1012.3041
1690730305237,1012.3147
1690730305279,1012.32056
1690730305301,1012.32306
1690730305337,1012.31586
1690730305377,1012.3104
1690730305401,1012.30817
1690730305439,1012.3109
1690730305478,1012.29895
1690730305499,1012.29974
1690730305540,1012.3012
1690730305580,1012.29626
1690730305596,1012.298
1690730305639,1012.3052
1690730305679,1012.3071
1690730305698,1012.3086
1690730305739,1012.3015
1690730305777,1012.30035
1690730305799,1012.30035
1690730305838,1012.3042
1690730305878,1012.30945
1690730305903,1012.3098
1690730305937,1012.3031
1690730305977,1012.307
1690730305997,1012.30493
1690730306038,1012.307
1690730306079,1012.3018
1690730306099,1012.30176
1690730306138,1012.30945
1690730306179,1012.30884
1690730306197,1012.3061
1690730306237,1012.30225
1690730306279,1012.3047
1690730306298,1012.2992
1690730306337,1012.29236
1690730306377,1012.29675
1690730306402,1012.3019
1690730306438,1012.30457
1690730306477,1012.3036
1690730306498,1012.302
1690730306538,1012.2991
1690730306577,1012.3026
1690730306600,1012.2971
1690730306639,1012.30255
1690730306677,1012.3112
1690730306699,1012.31775
1690730306737,1012.3264
1690730306777,1012.3264
1690730306798,1012.3308
1690730306836,1012.3271
1690730306877,1012.32214
1690730306905,1012.3302
1690730306937,1012.3352
1690730306979,1012.33093
1690730306999,1012.3338
1690730307041,1012.3335
1690730307079,1012.3283
1690730307097,1012.3287
1690730307137,1012.34033
1690730307178,1012.33636
1690730307196,1012.3303
1690730307238,1012.3291
1690730307278,1012.32654
1690730307298,1012.3276
1690730307336,1012.33154
1690730307376,1012.33704
1690730307398,1012.32776
1690730307436,1012.3341
1690730307477,1012.3373
1690730307497,1012.3418
1690730307537,1012.3462
1690730307579,1012.3521
1690730307596,1012.3453
1690730307638,1012.3458
1690730307676,1012.34326
1690730307699,1012.3346
1690730307737,1012.33563
1690730307776,1012.3431
1690730307801,1012.3448
1690730307835,1012.34094
1690730307877,1012.34
1690730307896,1012.34106
1690730307937,1012.34344
1690730307979,1012.3362
1690730307998,1012.3376
1690730308037,1012.34686
1690730308077,1012.34283
1690730308097,1012.34503
1690730308136,1012.35803
1690730308179,1012.3678
1690730308197,1012.3651
1690730308235,1012.3666
1690730308284,1012.37317
1690730308295,1012.38074
1690730308335,1012.37476
1690730308376,1012.3708
1690730308396,1012.359
1690730308436,1012.36
1690730308476,1012.3628
1690730308497,1012.36255
1690730308536,1012.3608
1690730308575,1012.3606
1690730308596,1012.36755
1690730308637,1012.3673
1690730308677,1012.36707
1690730308696,1012.3616
1690730308735,1012.35583
1690730308795,1012.37024
1690730308795,1012.3878
1690730308835,1012.3844
1690730308876,1012.3703
1690730308897,1012.3777
1690730308936,1012.38904
1690730308975,1012.38965
1690730308994,1012.3871
1690730309038,1012.3789
1690730309077,1012.38226
1690730309096,1012.39435
1690730309136,1012.3937
1690730309178,1012.38336
1690730309197,1012.3832
1690730309238,1012.3837
1690730309278,1012.39417
1690730309297,1012.3889
1690730309336,1012.3926
1690730309374,1012.39386
1690730309397,1012.3864
1690730309435,1012.39154
1690730309478,1012.39056
1690730309497,1012.3972
1690730309535,1012.397
1690730309577,1012.4076
1690730309596,1012.4148
1690730309636,1012.41187
1690730309679,1012.41223
1690730309697,1012.40796
1690730309735,1012.40045
1690730309776,1012.39966
1690730309798,1012.4055
1690730309835,1012.4044
1690730309876,1012.40015
1690730309895,1012.41455
1690730309935,1012.4158
1690730309976,1012.41895
1690730309996,1012.41833
1690730310036,1012.4214
1690730310076,1012.4248
1690730310097,1012.42993
1690730310135,1012.4308
1690730310178,1012.4293
1690730310198,1012.42993
1690730310235,1012.42847
1690730310276,1012.42487
1690730310303,1012.4262
1690730310333,1012.41943
1690730310374,1012.4128
1690730310393,1012.41016
1690730310434,1012.41406
1690730310476,1012.4192
1690730310496,1012.40906
1690730310536,1012.41296
1690730310575,1012.41736
1690730310596,1012.4119
1690730310636,1012.4175
1690730310676,1012.41724
1690730310694,1012.4181
1690730310738,1012.4169
1690730310779,1012.4143
1690730310796,1012.42065
1690730310834,1012.4169
1690730310875,1012.4197
1690730310895,1012.4218
1690730310934,1012.4252
1690730310976,1012.4229
1690730310995,1012.4333
1690730311037,1012.42847
1690730311077,1012.4205
1690730311097,1012.42737
1690730311133,1012.4157
1690730311175,1012.40283
1690730311200,1012.41345
1690730311234,1012.42065
1690730311274,1012.42566
1690730311294,1012.4208
1690730311336,1012.41785
1690730311374,1012.4171
1690730311397,1012.42175
1690730311434,1012.4127
1690730311476,1012.4209
1690730311496,1012.42395
1690730311538,1012.4254
1690730311578,1012.42163
1690730311597,1012.4168
1690730311635,1012.4188
1690730311675,1012.40894
1690730311696,1012.4075
1690730311734,1012.40784
1690730311777,1012.4122
1690730311798,1012.4093
1690730311834,1012.4144
1690730311875,1012.4241
1690730311893,1012.428
1690730311935,1012.43036
1690730311974,1012.43066
1690730311996,1012.42615
1690730312035,1012.4319
1690730312074,1012.4314
1690730312098,1012.4277
1690730312136,1012.4302
1690730312178,1012.43256
1690730312195,1012.4352
1690730312238,1012.4305
1690730312275,1012.43066
1690730312293,1012.4253
1690730312335,1012.4341
1690730312383,1012.4448
1690730312396,1012.4429
1690730312436,1012.44434
1690730312474,1012.4512
1690730312493,1012.446
1690730312536,1012.4365
1690730312577,1012.4342
1690730312595,1012.4487
1690730312636,1012.4558
1690730312676,1012.45355
1690730312695,1012.45374
1690730312736,1012.4592
1690730312775,1012.4563
1690730312795,1012.45636
1690730312833,1012.463
1690730312875,1012.468
1690730312894,1012.4679
1690730312935,1012.4612
1690730312977,1012.4622
1690730312995,1012.46246
1690730313036,1012.4669
1690730313075,1012.4686
1690730313095,1012.467
1690730313136,1012.4686
1690730313174,1012.46606
1690730313193,1012.45715
1690730313233,1012.44696
1690730313273,1012.4424
1690730313293,1012.4444
1690730313333,1012.4602
1690730313375,1012.47943
1690730313393,1012.4847
1690730313433,1012.4741
1690730313474,1012.477
1690730313494,1012.48267
1690730313535,1012.4794
1690730313577,1012.47534
1690730313594,1012.47687
1690730313634,1012.4839
1690730313677,1012.4823
1690730313694,1012.4762
1690730313732,1012.4767
1690730313777,1012.4769
1690730313806,1012.4794
1690730313832,1012.47656
1690730313875,1012.4746
1690730313894,1012.4704
1690730313933,1012.4759
1690730313974,1012.479
1690730313994,1012.4851
1690730314034,1012.48016
1690730314075,1012.4904
1690730314093,1012.4883
1690730314132,1012.4866
1690730314176,1012.4905
1690730314193,1012.4895
1690730314233,1012.487
1690730314275,1012.48755
1690730314291,1012.49243
1690730314334,1012.4906
1690730314373,1012.4892
1690730314393,1012.4974
1690730314434,1012.50214
1690730314473,1012.4961
1690730314495,1012.49384
1690730314534,1012.4985
1690730314573,1012.4883
1690730314593,1012.4929
1690730314633,1012.4994
1690730314674,1012.5061
1690730314693,1012.5132
1690730314734,1012.51746
1690730314773,1012.51416
1690730314793,1012.5109
1690730314834,1012.516
1690730314871,1012.52
1690730314892,1012.5168
1690730314937,1012.5227
1690730314975,1012.5206
1690730314992,1012.5213
1690730315032,1012.5177
1690730315074,1012.51276
1690730315093,1012.51013
1690730315135,1012.50366
1690730315176,1012.5156
1690730315193,1012.51807
1690730315231,1012.52136
1690730315275,1012.5259
1690730315294,1012.5278
1690730315332,1012.5315
1690730315371,1012.5273
1690730315391,1012.52637
1690730315434,1012.5306
1690730315473,1012.53076
1690730315492,1012.53534
1690730315534,1012.5416
1690730315573,1012.5433
1690730315593,1012.5404
1690730315633,1012.5303
1690730315673,1012.5177
1690730315696,1012.5201
1690730315733,1012.5215
1690730315776,1012.52515
1690730315793,1012.53186
1690730315833,1012.54565
1690730315871,1012.54016
1690730315891,1012.54193
1690730315934,1012.54456
1690730315975,1012.54724
1690730315993,1012.537
1690730316035,1012.54565
1690730316073,1012.5492
1690730316094,1012.5467
1690730316134,1012.5496
1690730316172,1012.5494
1690730316190,1012.5557
1690730316231,1012.5592
1690730316273,1012.5616
1690730316296,1012.5503
1690730316332,1012.54407
1690730316371,1012.53973
1690730316391,1012.5331
1690730316434,1012.5222
1690730316472,1012.51855
1690730316494,1012.53015
1690730316535,1012.53357
1690730316574,1012.52734
1690730316597,1012.5244
1690730316633,1012.5231
1690730316675,1012.522
1690730316693,1012.52136
1690730316731,1012.52075
1690730316776,1012.52386
1690730316790,1012.5166
1690730316842,1012.5176
1690730316870,1012.5069
1690730316891,1012.5072
1690730316934,1012.51056
1690730316972,1012.5061
1690730316993,1012.51654
1690730317030,1012.5113
1690730317073,1012.5077
1690730317095,1012.50085
1690730317132,1012.50604
1690730317173,1012.5061
1690730317196,1012.5055
1690730317233,1012.5027
1690730317272,1012.50006
1690730317291,1012.49396
1690730317335,1012.48926
1690730317370,1012.48676
1690730317390,1012.4827
1690730317433,1012.48816
1690730317473,1012.4898
1690730317491,1012.49854
1690730317533,1012.4995
1690730317569,1012.4994
1690730317590,1012.49896
1690730317635,1012.49884
1690730317673,1012.5037
1690730317692,1012.5125
1690730317730,1012.5055
1690730317772,1012.5118
1690730317790,1012.52136
1690730317849,1012.5158
1690730317870,1012.51825
1690730317897,1012.514
1690730317934,1012.51733
1690730317970,1012.51294
1690730317992,1012.5165
1690730318031,1012.5093
1690730318072,1012.5116
1690730318092,1012.51666
1690730318129,1012.51917
1690730318172,1012.51685
1690730318193,1012.5176
1690730318232,1012.5234
1690730318271,1012.52747
1690730318292,1012.5138
1690730318331,1012.51294
1690730318369,1012.5268
1690730318391,1012.52484
1690730318433,1012.5299
1690730318470,1012.5342
1690730318492,1012.5365
1690730318530,1012.5386
1690730318571,1012.54535
1690730318590,1012.5463
1690730318630,1012.54816
1690730318672,1012.5449
1690730318691,1012.53143
1690730318730,1012.5265
1690730318771,1012.5275
1690730318791,1012.5371
1690730318833,1012.5368
1690730318869,1012.53577
1690730318889,1012.5329
1690730318934,1012.54065
1690730318971,1012.54736
1690730318990,1012.53296
1690730319031,1012.5383
1690730319072,1012.54645
1690730319091,1012.5498
1690730319131,1012.5554
1690730319170,1012.55756
1690730319193,1012.5585
1690730319230,1012.5644
1690730319269,1012.5719
1690730319293,1012.5681
1690730319330,1012.5694
1690730319370,1012.56494
1690730319391,1012.5602
1690730319431,1012.558
1690730319471,1012.5639
1690730319491,1012.5643
1690730319528,1012.57214
1690730319569,1012.57764
1690730319589,1012.5825
1690730319632,1012.58405
1690730319670,1012.5868
1690730319693,1012.5785
1690730319730,1012.5767
1690730319772,1012.5814
1690730319794,1012.58777
1690730319830,1012.5994
1690730319869,1012.6022
1690730319888,1012.5986
1690730319931,1012.5978
1690730319973,1012.6022
1690730319990,1012.6021
1690730320030,1012.60913
1690730320069,1012.60223
1690730320090,1012.5913
1690730320130,1012.60114
1690730320170,1012.60767
1690730320191,1012.6109
1690730320231,1012.61255
1690730320269,1012.6145
1690730320290,1012.6158
1690730320329,1012.618
1690730320368,1012.61566
1690730320388,1012.62115
1690730320434,1012.6218
1690730320469,1012.62494
1690730320489,1012.6243
1690730320531,1012.6345
1690730320570,1012.62805
1690730320593,1012.627
1690730320630,1012.6279
1690730320670,1012.6299
1690730320690,1012.633
1690730320729,1012.6294
1690730320771,1012.6336
1690730320788,1012.62476
1690730320830,1012.6338
1690730320869,1012.637
1690730320888,1012.6408
1690730320938,1012.63574
1690730320968,1012.64014
1690730320989,1012.64166
1690730321030,1012.6387
1690730321073,1012.63776
1690730321089,1012.6454
1690730321128,1012.6505
1690730321169,1012.6596
1690730321189,1012.65704
1690730321230,1012.64825
1690730321270,1012.6491
1690730321289,1012.64703
1690730321332,1012.6481
1690730321368,1012.6443
1690730321387,1012.6515
1690730321428,1012.65015
1690730321471,1012.6432
1690730321488,1012.6547
1690730321530,1012.6632
1690730321570,1012.6678
1690730321590,1012.6704
1690730321631,1012.66583
1690730321670,1012.6663
1690730321688,1012.6662
1690730321729,1012.6731
1690730321767,1012.6804
1690730321789,1012.68524
1690730321828,1012.67834
1690730321868,1012.67554
1690730321887,1012.68427
1690730321928,1012.6791
1690730321971,1012.67944
1690730321990,1012.675
1690730322029,1012.67554
1690730322069,1012.66675
1690730322088,1012.6648
1690730322128,1012.65826
1690730322168,1012.6666
1690730322189,1012.66943
1690730322229,1012.6598
1690730322269,1012.6583
1690730322289,1012.65674
1690730322330,1012.6542
1690730322374,1012.6609
1690730322388,1012.66736
1690730322428,1012.6729
1690730322467,1012.65826
1690730322508,1012.6553
1690730322530,1012.65576
1690730322569,1012.66266
1690730322588,1012.66113
1690730322628,1012.66846
1690730322668,1012.6667
1690730322707,1012.6665
1690730322728,1012.6603
1690730322770,1012.66205
1690730322790,1012.66406
1690730322830,1012.6701
1690730322870,1012.67004
1690730322907,1012.6665
1690730322928,1012.66425
1690730322968,1012.65967
1690730322989,1012.65576
1690730323028,1012.66064
1690730323070,1012.66693
1690730323107,1012.6667
1690730323130,1012.66614
1690730323167,1012.66943
1690730323188,1012.6632
1690730323228,1012.66846
1690730323269,1012.66205
1690730323308,1012.65894
1690730323331,1012.66223
1690730323368,1012.6634
1690730323407,1012.6775
1690730323427,1012.6825
1690730323468,1012.67957
1690730323510,1012.6807
1690730323527,1012.6663
1690730323569,1012.6664
1690730323611,1012.6752
1690730323627,1012.66754
1690730323669,1012.6714
1690730323707,1012.6752
1690730323729,1012.683
1690730323768,1012.6801
1690730323808,1012.68164
1690730323829,1012.68054
1690730323866,1012.6792
1690730323906,1012.6778
1690730323927,1012.67883
1690730323974,1012.681
1690730324009,1012.69324
1690730324028,1012.70044
1690730324067,1012.7048
1690730324107,1012.6958
1690730324129,1012.69836
1690730324169,1012.6895
1690730324208,1012.69604
1690730324227,1012.7
1690730324269,1012.6918
1690730324308,1012.6895
1690730324328,1012.68677
1690730324367,1012.6894
1690730324409,1012.6867
1690730324428,1012.6859
1690730324467,1012.6966
1690730324508,1012.69696
1690730324529,1012.7119
1690730324568,1012.7093
1690730324609,1012.70807
1690730324626,1012.7082
1690730324666,1012.70667
1690730324709,1012.7145
1690730324728,1012.70605
1690730324767,1012.7028
1690730324807,1012.7095
1690730324827,1012.7125
1690730324867,1012.7065
1690730324906,1012.71655
1690730324927,1012.70996
1690730324968,1012.7103
1690730325008,1012.70996
1690730325027,1012.71326
1690730325072,1012.7074
1690730325107,1012.7077
1690730325126,1012.7228
1690730325168,1012.7162
1690730325209,1012.7211
1690730325232,1012.7117
1690730325266,1012.7225
1690730325310,1012.73114
1690730325328,1012.7371
1690730325370,1012.73486
1690730325405,1012.73663
1690730325426,1012.73303
1690730325466,1012.7268
1690730325508,1012.7191
1690730325529,1012.7216
1690730325565,1012.7261
1690730325607,1012.73254
1690730325629,1012.7399
1690730325666,1012.7414
1690730325707,1012.73865
1690730325728,1012.74615
1690730325765,1012.7497
1690730325805,1012.7529
1690730325825,1012.75507
1690730325865,1012.75714
1690730325905,1012.75415
1690730325926,1012.7494
1690730325966,1012.7499
1690730326006,1012.7573
1690730326026,1012.76746
1690730326067,1012.75476
1690730326107,1012.7506
1690730326127,1012.7495
1690730326166,1012.76245
1690730326206,1012.7726
1690730326228,1012.7679
1690730326266,1012.76184
1690730326306,1012.7604
1690730326326,1012.763
1690730326371,1012.76074
1690730326405,1012.75616
1690730326425,1012.75775
1690730326465,1012.7512
1690730326507,1012.7618
1690730326525,1012.76575
1690730326566,1012.765
1690730326610,1012.76697
1690730326626,1012.7686
1690730326667,1012.774
1690730326709,1012.77234
1690730326728,1012.77655
1690730326768,1012.7797
1690730326806,1012.7799
1690730326825,1012.7818
1690730326865,1012.7726
1690730326905,1012.77515
1690730326925,1012.77295
1690730326970,1012.7804
1690730327006,1012.7774
1690730327028,1012.7765
1690730327066,1012.7855
1690730327106,1012.7841
1690730327129,1012.7925
1690730327166,1012.78595
1690730327206,1012.7816
1690730327228,1012.78217
1690730327268,1012.77875
1690730327306,1012.7695
1690730327327,1012.7692
1690730327368,1012.7691
1690730327404,1012.76996
1690730327424,1012.7667
1690730327470,1012.7739
1690730327506,1012.7771
1690730327524,1012.78076
1690730327567,1012.79004
1690730327605,1012.79504
1690730327627,1012.7977
1690730327666,1012.789
1690730327706,1012.7834
1690730327725,1012.7795
1690730327765,1012.7873
1690730327808,1012.7918
1690730327825,1012.7887
1690730327868,1012.78406
1690730327905,1012.7864
1690730327925,1012.7879
1690730327966,1012.7908
1690730328005,1012.78644
1690730328027,1012.7884
1690730328066,1012.7939
1690730328109,1012.7974
1690730328125,1012.7941
1690730328165,1012.7881
1690730328204,1012.78845
1690730328224,1012.79047
1690730328265,1012.8054
1690730328308,1012.80554
1690730328327,1012.80646
1690730328374,1012.80493
1690730328403,1012.8015
1690730328424,1012.8035
1690730328464,1012.8059
1690730328506,1012.81415
1690730328527,1012.80286
1690730328568,1012.81036
1690730328607,1012.8044
1690730328625,1012.803
1690730328665,1012.8071
1690730328705,1012.8096
1690730328725,1012.81445
1690730328767,1012.8091
1690730328806,1012.8112
1690730328826,1012.80975
1690730328865,1012.80524
1690730328907,1012.8106
1690730328926,1012.81665
1690730328968,1012.81726
1690730329006,1012.8197
1690730329024,1012.81226
1690730329066,1012.82166
1690730329105,1012.8214
1690730329126,1012.8264
1690730329165,1012.8238
1690730329209,1012.82874
1690730329225,1012.82556
1690730329265,1012.8264
1690730329306,1012.82104
1690730329326,1012.8293
1690730329370,1012.82916
1690730329403,1012.8318
1690730329423,1012.8329
1690730329473,1012.8364
1690730329504,1012.83276
1690730329525,1012.8316
1690730329565,1012.8382
1690730329603,1012.8392
1690730329624,1012.84827
1690730329665,1012.8491
1690730329705,1012.85486
1690730329724,1012.8599
1690730329764,1012.85693
1690730329805,1012.86334
1690730329828,1012.8564
1690730329867,1012.8504
1690730329905,1012.85767
1690730329923,1012.84955
1690730329963,1012.84924
1690730330005,1012.85095
1690730330026,1012.85645
1690730330065,1012.8601
1690730330103,1012.8668
1690730330123,1012.86426
1690730330163,1012.8638
1690730330206,1012.8624
1690730330225,1012.86584
1690730330265,1012.86694
1690730330304,1012.8819
1690730330323,1012.8825
1690730330365,1012.87573
1690730330403,1012.8802
1690730330423,1012.8676
1690730330465,1012.8693
1690730330506,1012.86646
1690730330525,1012.8635
1690730330566,1012.8568
1690730330606,1012.8568
1690730330625,1012.8566
1690730330665,1012.86255
1690730330710,1012.8692
1690730330725,1012.87244
1690730330764,1012.8738
1690730330806,1012.8777
1690730330824,1012.86914
1690730330864,1012.87305
1690730330902,1012.8792
1690730330923,1012.8811
1690730330968,1012.88745
1690730331004,1012.88824
1690730331023,1012.8898
1690730331065,1012.88586
1690730331103,1012.8795
1690730331125,1012.8797
1690730331164,1012.87933
1690730331204,1012.88385
1690730331225,1012.89
1690730331266,1012.8989
1690730331303,1012.91296
1690730331325,1012.9036
1690730331366,1012.90186
1690730331403,1012.90576
1690730331424,1012.9014
1690730331476,1012.8977
1690730331503,1012.8954
1690730331525,1012.8971
1690730331564,1012.9105
1690730331605,1012.9066
1690730331627,1012.91266
1690730331664,1012.9121
1690730331703,1012.9049
1690730331724,1012.9055
1690730331764,1012.90936
1690730331806,1012.9194
1690730331824,1012.9043
1690730331869,1012.9021
1690730331902,1012.9038
1690730331922,1012.8996
1690730331962,1012.9018
1690730332005,1012.9029
1690730332024,1012.89154
1690730332065,1012.8833
1690730332102,1012.8834
1690730332124,1012.88745
1690730332169,1012.87976
1690730332203,1012.8834
1690730332224,1012.89624
1690730332268,1012.89386
1690730332303,1012.88513
1690730332323,1012.8989
1690730332364,1012.9112
1690730332403,1012.923
1690730332422,1012.92944
1690730332462,1012.92615
1690730332502,1012.9274
1690730332522,1012.9258
1690730332565,1012.9231
1690730332604,1012.9208
1690730332621,1012.9189
1690730332662,1012.9237
1690730332703,1012.92773
1690730332725,1012.9239
1690730332766,1012.92706
1690730332803,1012.93787
1690730332824,1012.9426
1690730332862,1012.93994
1690730332901,1012.9418
1690730332921,1012.9473
1690730332961,1012.9415
1690730333002,1012.94073
1690730333022,1012.94775
1690730333062,1012.9553
1690730333104,1012.9474
1690730333123,1012.9502
1690730333164,1012.9396
1690730333203,1012.9484
1690730333223,1012.9472
1690730333263,1012.94324
1690730333304,1012.93994
1690730333324,1012.93665
1690730333363,1012.9375
1690730333408,1012.9356
1690730333422,1012.9432
1690730333461,1012.94775
1690730333502,1012.94434
1690730333522,1012.94434
1690730333564,1012.9485
1690730333605,1012.9567
1690730333623,1012.9641
1690730333665,1012.95825
1690730333702,1012.9592
1690730333727,1012.9706
1690730333764,1012.97235
1690730333803,1012.96985
1690730333823,1012.9592
1690730333864,1012.9592
1690730333900,1012.956
1690730333920,1012.9652
1690730333963,1012.9651
1690730334005,1012.96857
1690730334022,1012.9755
1690730334062,1012.9745
1690730334108,1012.9708
1690730334122,1012.9719
1690730334163,1012.9707
1690730334203,1012.97656
1690730334222,1012.97766
1690730334261,1012.9834
1690730334304,1012.98364
1690730334323,1012.9935
1690730334363,1012.99896
1690730334402,1012.9993
1690730334421,1012.99097
1690730334460,1012.9997
1690730334502,1012.996
1690730334521,1012.99677
1690730334562,1012.994
1690730334602,1012.9868
1690730334620,1012.9905
1690730334662,1012.98816
1690730334703,1012.9839
1690730334722,1012.9891
1690730334762,1012.994
1690730334803,1012.99567
1690730334824,1012.9969
1690730334863,1012.99805
1690730334901,1012.99695
1690730334920,1013.0028
1690730334962,1013.00305
1690730335002,1013.00977
1690730335022,1013.0185
1690730335061,1013.01666
1690730335103,1013.01013
1690730335124,1013.0045
1690730335162,1012.99634
1690730335201,1012.9998
1690730335222,1012.99963
1690730335262,1013.00385
1690730335304,1013.0061
1690730335323,1013.02167
1690730335363,1013.016
1690730335406,1013.0231
1690730335419,1013.024
1690730335460,1013.0277
1690730335502,1013.02795
1690730335521,1013.02576
1690730335562,1013.0321
1690730335604,1013.0371
1690730335620,1013.02893
1690730335661,1013.02545
1690730335703,1013.0228
1690730335723,1013.0238
1690730335761,1013.02075
1690730335801,1013.01855
1690730335829,1013.0297
1690730335862,1013.0416
1690730335904,1013.04016
1690730335920,1013.03326
1690730335963,1013.039
1690730336000,1013.04553
1690730336021,1013.0465
1690730336060,1013.0413
1690730336103,1013.0454
1690730336122,1013.0537
1690730336164,1013.06573
1690730336201,1013.0684
1690730336220,1013.0637
1690730336260,1013.06274
1690730336301,1013.0514
1690730336322,1013.0626
1690730336361,1013.0612
1690730336406,1013.0586
1690730336419,1013.0631
1690730336460,1013.06445
1690730336503,1013.06604
1690730336522,1013.0615
1690730336561,1013.06616
1690730336603,1013.0759
1690730336620,1013.0831
1690730336663,1013.08984
1690730336703,1013.08026
1690730336722,1013.0762
1690730336760,1013.0786
1690730336800,1013.08453
1690730336820,1013.09393
1690730336862,1013.08826
1690730336903,1013.09564
1690730336919,1013.098
1690730336960,1013.1007
1690730337001,1013.1022
1690730337020,1013.1045
1690730337060,1013.101
1690730337101,1013.09503
1690730337121,1013.0957
1690730337161,1013.09326
1690730337200,1013.08545
1690730337221,1013.08905
1690730337261,1013.0921
1690730337303,1013.0892
1690730337322,1013.09424
1690730337360,1013.0886
1690730337400,1013.0989
1690730337419,1013.10504
1690730337460,1013.1052
1690730337501,1013.09924
1690730337521,1013.0914
1690730337559,1013.0941
1690730337601,1013.10284
1690730337618,1013.1022
1690730337659,1013.10657
1690730337703,1013.11597
1690730337722,1013.1206
1690730337760,1013.1263
1690730337801,1013.123
1690730337821,1013.1211
1690730337866,1013.1213
1690730337899,1013.12616
1690730337919,1013.12195
1690730337959,1013.1275
1690730337999,1013.1347
1690730338021,1013.13367
1690730338060,1013.12366
1690730338106,1013.1211
1690730338119,1013.1305
1690730338160,1013.1439
1690730338200,1013.13855
1690730338220,1013.1422
1690730338264,1013.1398
1690730338301,1013.1325
1690730338321,1013.1384
1690730338359,1013.15
1690730338398,1013.1542
1690730338420,1013.1535
1690730338460,1013.15393
1690730338501,1013.15466
1690730338519,1013.1526
1690730338560,1013.14746
1690730338604,1013.1511
1690730338619,1013.1463
1690730338659,1013.14124
1690730338703,1013.1404
1690730338720,1013.13153
1690730338759,1013.1415
1690730338803,1013.1401
1690730338819,1013.1425
1690730338861,1013.1477
1690730338898,1013.1481
1690730338919,1013.1465
1690730338959,1013.15607
1690730339000,1013.16516
1690730339019,1013.1721
1690730339060,1013.17365
1690730339100,1013.1751
1690730339118,1013.16785
1690730339160,1013.1662
1690730339203,1013.17163
1690730339226,1013.1688
1690730339260,1013.1684
1690730339300,1013.1635
1690730339319,1013.16455
1690730339363,1013.17487
1690730339399,1013.18304
1690730339417,1013.1846
1690730339460,1013.1906
1690730339499,1013.18933
1690730339519,1013.1895
1690730339558,1013.1903
1690730339602,1013.1856
1690730339617,1013.18646
1690730339660,1013.1929
1690730339702,1013.2014
1690730339719,1013.2173
1690730339759,1013.22327
1690730339802,1013.2116
1690730339819,1013.20746
1690730339859,1013.2058
1690730339898,1013.1991
1690730339917,1013.2039
1690730339958,1013.20874
1690730339999,1013.20764
1690730340020,1013.2041
1690730340057,1013.2064
1690730340097,1013.2122
1690730340117,1013.21875
1690730340163,1013.2146
1690730340197,1013.21716
1690730340219,1013.2301
1690730340258,1013.2353
1690730340301,1013.2442
1690730340317,1013.2539
1690730340361,1013.2573
1690730340403,1013.25494
1690730340417,1013.24744
1690730340458,1013.2489
1690730340499,1013.2448
1690730340518,1013.24304
1690730340557,1013.244
1690730340599,1013.2377
1690730340620,1013.23975
1690730340660,1013.2484
1690730340702,1013.25256
1690730340718,1013.25024
1690730340758,1013.2583
1690730340803,1013.2585
1690730340820,1013.2645
1690730340859,1013.2688
1690730340900,1013.2681
1690730340917,1013.2672
1690730340957,1013.26166
1690730341000,1013.2649
1690730341019,1013.2681
1690730341059,1013.27185
1690730341098,1013.27545
1690730341120,1013.27966
1690730341160,1013.2725
1690730341202,1013.27026
1690730341220,1013.2671
1690730341259,1013.272
1690730341299,1013.265
1690730341321,1013.2727
1690730341359,1013.26996
1690730341402,1013.2775
1690730341416,1013.27924
1690730341458,1013.2776
1690730341502,1013.2759
1690730341516,1013.26807
1690730341558,1013.2627
1690730341603,1013.26184
1690730341618,1013.26855
1690730341659,1013.27216
1690730341700,1013.27466
1690730341718,1013.27686
1690730341757,1013.2886
1690730341800,1013.2951
1690730341818,1013.28656
1690730341857,1013.28784
1690730341900,1013.29144
1690730341918,1013.29675
1690730341958,1013.29456
1690730342001,1013.3017
1690730342018,1013.2981
1690730342061,1013.2931
1690730342103,1013.2983
1690730342116,1013.2901
1690730342157,1013.2925
1690730342198,1013.297
1690730342219,1013.2967
1690730342258,1013.30145
1690730342297,1013.29584
1690730342317,1013.29944
1690730342357,1013.29724
1690730342411,1013.29584
1690730342418,1013.3108
1690730342456,1013.3064
1690730342497,1013.31744
1690730342516,1013.3245
1690730342559,1013.3268
1690730342598,1013.3246
1690730342619,1013.3171
1690730342659,1013.32214
1690730342697,1013.317
1690730342718,1013.30316
1690730342757,1013.3108
1690730342800,1013.31506
1690730342817,1013.3252
1690730342858,1013.31305
1690730342898,1013.3114
1690730342920,1013.3067
1690730342956,1013.31445
1690730342998,1013.3188
1690730343017,1013.3131
1690730343057,1013.3258
1690730343097,1013.33997
1690730343116,1013.34015
1690730343156,1013.3421
1690730343200,1013.3353
1690730343220,1013.32214
1690730343258,1013.3169
1690730343298,1013.32336
1690730343318,1013.33044
1690730343358,1013.33716
1690730343404,1013.3452
1690730343417,1013.344
1690730343456,1013.3362
1690730343498,1013.3273
1690730343518,1013.3269
1690730343556,1013.3323
1690730343598,1013.3423
1690730343616,1013.334
1690730343657,1013.3303
1690730343697,1013.33185
1690730343716,1013.32306
1690730343759,1013.3424
1690730343798,1013.35266
1690730343818,1013.353
1690730343856,1013.35266
1690730343897,1013.343
1690730343920,1013.3537
1690730343955,1013.36096
1690730343997,1013.3605
1690730344017,1013.3667
1690730344057,1013.3606
1690730344096,1013.3571
1690730344117,1013.34814
1690730344156,1013.35364
1690730344198,1013.36316
1690730344222,1013.36597
1690730344256,1013.36505
1690730344296,1013.358
1690730344339,1013.36694
1690730344360,1013.37256
1690730344396,1013.3831
1690730344416,1013.3804
1690730344456,1013.37695
1690730344497,1013.38245
1690730344538,1013.3821
1690730344556,1013.38275
1690730344600,1013.3867
1690730344636,1013.38477
1690730344657,1013.38324
1690730344695,1013.38153
1690730344737,1013.39667
1690730344760,1013.3897
1690730344798,1013.3922
1690730344836,1013.3961
1690730344855,1013.38855
1690730344897,1013.4036
1690730344935,1013.4161
1690730344956,1013.4026
1690730344998,1013.4246
1690730345035,1013.4337
1690730345055,1013.4028
1690730345097,1013.3888
1690730345137,1013.3889
1690730345156,1013.3906
1690730345197,1013.3902
1690730345235,1013.38513
1690730345255,1013.37915
1690730345298,1013.38025
1690730345337,1013.39014
1690730345356,1013.3876
1690730345400,1013.39264
1690730345435,1013.3939
1690730345455,1013.40283
1690730345497,1013.405
1690730345538,1013.3979
1690730345559,1013.40063
1690730345595,1013.4062
1690730345638,1013.41693
1690730345656,1013.41223
1690730345695,1013.40137
1690730345736,1013.3966
1690730345755,1013.4031
1690730345795,1013.40173
1690730345837,1013.39825
1690730345855,1013.40814
1690730345895,1013.4169
1690730345936,1013.41644
1690730345956,1013.4124
1690730345996,1013.401
1690730346037,1013.39185
1690730346055,1013.3981
1690730346095,1013.40106
1690730346138,1013.39594
1690730346156,1013.40137
1690730346195,1013.3999
1690730346234,1013.40076
1690730346257,1013.4072
1690730346296,1013.3955
1690730346336,1013.38556
1690730346356,1013.37836
1690730346395,1013.3797
1690730346434,1013.3885
1690730346458,1013.3927
1690730346494,1013.3922
1690730346535,1013.3923
1690730346556,1013.3909
1690730346595,1013.3911
1690730346615,1013.39667
1690730346655,1013.3899
1690730346696,1013.38916
1690730346735,1013.3884
1690730346754,1013.3834
1690730346795,1013.3889
1690730346836,1013.3937
1690730346854,1013.39374
1690730346894,1013.38763
1690730346934,1013.3855
1690730346955,1013.38354
1690730346997,1013.39307
1690730347033,1013.39
1690730347053,1013.39795
1690730347093,1013.4036
