1690728255422,1013.68896
1690728255443,1013.662
1690728255482,1013.6439
1690728255503,1013.6399
1690728255543,1013.631
1690728255583,1013.63135
1690728255623,1013.6433
1690728255642,1013.65063
1690728255682,1013.65826
1690728255703,1013.6741
1690728255742,1013.6749
1690728255784,1013.6725
1690728255823,1013.67163
1690728255842,1013.68005
1690728255889,1013.71075
1690728255908,1013.717
1690728255943,1013.7111
1690728255988,1013.68
1690728256023,1013.6663
1690728256043,1013.63696
1690728256085,1013.6354
1690728256123,1013.65186
1690728256144,1013.65875
1690728256184,1013.67896
1690728256223,1013.67896
1690728256244,1013.67865
1690728256284,1013.6838
1690728256322,1013.69165
1690728256342,1013.69037
1690728256382,1013.6844
1690728256425,1013.68677
1690728256444,1013.6861
1690728256483,1013.6874
1690728256523,1013.68976
1690728256543,1013.6898
1690728256586,1013.681
1690728256623,1013.6899
1690728256643,1013.70233
1690728256683,1013.70123
1690728256725,1013.7083
1690728256744,1013.71106
1690728256784,1013.7126
1690728256826,1013.71375
1690728256844,1013.7099
1690728256883,1013.70544
1690728256923,1013.6968
1690728256943,1013.6943
1690728256982,1013.69336
1690728257023,1013.6888
1690728257042,1013.69116
1690728257082,1013.69836
1690728257124,1013.7025
1690728257144,1013.6978
1690728257184,1013.69415
1690728257225,1013.69934
1690728257248,1013.7038
1690728257284,1013.70294
1690728257325,1013.71265
1690728257344,1013.72314
1690728257395,1013.7145
1690728257423,1013.72034
1690728257444,1013.72046
1690728257484,1013.72327
1690728257524,1013.7258
1690728257542,1013.7234
1690728257583,1013.72925
1690728257625,1013.73
1690728257643,1013.72784
1690728257683,1013.7348
1690728257724,1013.74207
1690728257743,1013.7379
1690728257785,1013.737
1690728257825,1013.7328
1690728257843,1013.7347
1690728257882,1013.72815
1690728257925,1013.72406
1690728257943,1013.72144
1690728257984,1013.71796
1690728258023,1013.71594
1690728258041,1013.7176
1690728258082,1013.71643
1690728258124,1013.70483
1690728258142,1013.7057
1690728258183,1013.69995
1690728258223,1013.70825
1690728258247,1013.7183
1690728258284,1013.7147
1690728258325,1013.7183
1690728258343,1013.7219
1690728258383,1013.71564
1690728258429,1013.71313
1690728258444,1013.70325
1690728258486,1013.70264
1690728258522,1013.70154
1690728258543,1013.7091
1690728258582,1013.70856
1690728258622,1013.7078
1690728258643,1013.70013
1690728258682,1013.7018
1690728258725,1013.6937
1690728258744,1013.6968
1690728258783,1013.69836
1690728258826,1013.69775
1690728258847,1013.70715
1690728258883,1013.70715
1690728258922,1013.6975
1690728258943,1013.7122
1690728258982,1013.70795
1690728259021,1013.7175
1690728259042,1013.7112
1690728259087,1013.7051
1690728259122,1013.7002
1690728259142,1013.6986
1690728259184,1013.6966
1690728259222,1013.70215
1690728259241,1013.69434
1690728259282,1013.69226
1690728259322,1013.69006
1690728259342,1013.6906
1690728259383,1013.6892
1690728259422,1013.68787
1690728259445,1013.6889
1690728259482,1013.6855
1690728259522,1013.68976
1690728259542,1013.6892
1690728259585,1013.69415
1690728259625,1013.6881
1690728259642,1013.6953
1690728259682,1013.7064
1690728259722,1013.70715
1690728259743,1013.6935
1690728259782,1013.6924
1690728259822,1013.6789
1690728259844,1013.6919
1690728259882,1013.69556
1690728259924,1013.69727
1690728259942,1013.69885
1690728259983,1013.6975
1690728260021,1013.6959
1690728260040,1013.6892
1690728260083,1013.6824
1690728260121,1013.6919
1690728260141,1013.69324
1690728260184,1013.70435
1690728260221,1013.7099
1690728260241,1013.70593
1690728260284,1013.692
1690728260322,1013.6904
1690728260343,1013.6854
1690728260382,1013.68787
1690728260422,1013.691
1690728260442,1013.6931
1690728260481,1013.6899
1690728260523,1013.6819
1690728260541,1013.67566
1690728260588,1013.6697
1690728260621,1013.67114
1690728260642,1013.6735
1690728260682,1013.67645
1690728260721,1013.6715
1690728260740,1013.6724
1690728260781,1013.6683
1690728260821,1013.66785
1690728260840,1013.6621
1690728260882,1013.66785
1690728260921,1013.6696
1690728260942,1013.67114
1690728260982,1013.6701
1690728261020,1013.66406
1690728261040,1013.6671
1690728261083,1013.67163
1690728261122,1013.68445
1690728261143,1013.6765
1690728261182,1013.6789
1690728261222,1013.6825
1690728261243,1013.6933
1690728261280,1013.6925
1690728261322,1013.7015
1690728261341,1013.709
1690728261384,1013.707
1690728261422,1013.7106
1690728261443,1013.70905
1690728261481,1013.70325
1690728261521,1013.70306
1690728261541,1013.70197
1690728261581,1013.7011
1690728261620,1013.7014
1690728261643,1013.7108
1690728261683,1013.7071
1690728261722,1013.7028
1690728261741,1013.69324
1690728261780,1013.68945
1690728261820,1013.6993
1690728261842,1013.70123
1690728261880,1013.7064
1690728261920,1013.71356
1690728261941,1013.71484
1690728261982,1013.7169
1690728262022,1013.7189
1690728262039,1013.72034
1690728262080,1013.72076
1690728262119,1013.72894
1690728262140,1013.7315
1690728262180,1013.72424
1690728262220,1013.7159
1690728262242,1013.7058
1690728262280,1013.71075
1690728262320,1013.7034
1690728262341,1013.70984
1690728262381,1013.7069
1690728262420,1013.70264
1690728262440,1013.705
1690728262482,1013.6958
1690728262520,1013.6902
1690728262539,1013.6906
1690728262579,1013.6918
1690728262619,1013.69055
1690728262641,1013.68567
1690728262682,1013.6779
1690728262722,1013.67377
1690728262741,1013.6752
1690728262779,1013.6827
1690728262820,1013.68286
1690728262840,1013.68427
1690728262880,1013.68115
1690728262920,1013.68567
1690728262942,1013.6886
1690728262981,1013.6937
1690728263019,1013.7039
1690728263039,1013.7092
1690728263080,1013.7093
1690728263120,1013.7064
1690728263141,1013.69867
1690728263179,1013.69196
1690728263220,1013.68933
1690728263241,1013.6897
1690728263279,1013.68195
1690728263320,1013.68176
1690728263340,1013.67615
1690728263380,1013.6754
1690728263420,1013.6731
1690728263439,1013.67285
1690728263480,1013.63806
1690728263524,1013.60657
1690728263538,1013.6002
1690728263580,1013.5963
1690728263623,1013.5931
1690728263639,1013.59485
1690728263680,1013.592
1690728263720,1013.58356
1690728263739,1013.58905
1690728263781,1013.5952
1690728263822,1013.60046
1690728263840,1013.5993
1690728263881,1013.5966
1690728263919,1013.58203
1690728263939,1013.57935
1690728263981,1013.5865
1690728264020,1013.59485
1690728264039,1013.6153
1690728264079,1013.6291
1690728264121,1013.6229
1690728264139,1013.63806
1690728264181,1013.6577
1690728264222,1013.6719
1690728264241,1013.6843
1690728264280,1013.6869
1690728264319,1013.6887
1690728264340,1013.6802
1690728264378,1013.6722
1690728264420,1013.65125
1690728264440,1013.60895
1690728264478,1013.58057
1690728264519,1013.57623
1690728264538,1013.58655
1690728264579,1013.58936
1690728264619,1013.59686
1690728264638,1013.5991
1690728264679,1013.59216
1690728264719,1013.57837
1690728264739,1013.5681
1690728264780,1013.5681
1690728264819,1013.57446
1690728264839,1013.5755
1690728264880,1013.5718
1690728264918,1013.56726
1690728264941,1013.57916
1690728264982,1013.5796
1690728265018,1013.5895
1690728265038,1013.5978
1690728265079,1013.6002
1690728265119,1013.6118
1690728265143,1013.63074
1690728265179,1013.64514
1690728265220,1013.65186
1690728265240,1013.6647
1690728265279,1013.6838
1690728265319,1013.69434
1690728265341,1013.69104
1690728265379,1013.7024
1690728265419,1013.7056
1690728265438,1013.69995
1690728265479,1013.69574
1690728265525,1013.6895
1690728265537,1013.67163
1690728265579,1013.66833
1690728265620,1013.6703
1690728265638,1013.66284
1690728265679,1013.65753
1690728265718,1013.6653
1690728265738,1013.6637
1690728265778,1013.6671
1690728265817,1013.6505
1690728265838,1013.63666
1690728265878,1013.6205
1690728265919,1013.6033
1690728265939,1013.5908
1690728265980,1013.5944
1690728266019,1013.6048
1690728266039,1013.61456
1690728266077,1013.6274
1690728266125,1013.6605
1690728266138,1013.67804
1690728266181,1013.68854
1690728266219,1013.7024
1690728266239,1013.71136
1690728266277,1013.71204
1690728266320,1013.7066
1690728266342,1013.7062
1690728266378,1013.7101
1690728266418,1013.70526
1690728266439,1013.7089
1690728266477,1013.69507
1690728266527,1013.6896
1690728266539,1013.68634
1690728266578,1013.67883
1690728266619,1013.6773
1690728266637,1013.6685
1690728266677,1013.675
1690728266718,1013.6748
1690728266738,1013.6722
1690728266778,1013.67017
1690728266822,1013.66364
1690728266838,1013.667
1690728266878,1013.6725
1690728266925,1013.67255
1690728266938,1013.6639
1690728266977,1013.6612
1690728267024,1013.65125
1690728267038,1013.6428
1690728267077,1013.64825
1690728267121,1013.6577
1690728267138,1013.6549
1690728267178,1013.6547
1690728267218,1013.6577
1690728267238,1013.64124
1690728267287,1013.65106
1690728267318,1013.6607
1690728267338,1013.6548
1690728267378,1013.65686
1690728267420,1013.65137
1690728267440,1013.6663
1690728267478,1013.67084
1690728267517,1013.66925
1690728267537,1013.6648
1690728267578,1013.65955
1690728267618,1013.66736
1690728267637,1013.6744
1690728267677,1013.67554
1690728267718,1013.67395
1690728267739,1013.6758
1690728267779,1013.67773
1690728267817,1013.67755
1690728267838,1013.6633
1690728267879,1013.6754
1690728267917,1013.681
1690728267937,1013.6813
1690728267977,1013.6846
1690728268022,1013.6861
1690728268036,1013.6904
1690728268076,1013.69366
1690728268123,1013.69586
1690728268136,1013.6927
1690728268176,1013.6921
1690728268216,1013.6917
1690728268236,1013.69977
1690728268277,1013.6977
1690728268317,1013.69116
1690728268337,1013.6838
1690728268376,1013.68335
1690728268418,1013.6871
1690728268438,1013.68256
1690728268477,1013.68585
1690728268517,1013.6903
1690728268537,1013.70215
1690728268576,1013.7167
1690728268618,1013.72876
1690728268637,1013.7422
1690728268676,1013.75775
1690728268716,1013.7635
1690728268737,1013.7673
1690728268776,1013.7811
1690728268816,1013.7825
1690728268836,1013.77625
1690728268886,1013.7582
1690728268917,1013.75635
1690728268937,1013.7597
1690728268976,1013.76544
1690728269017,1013.76917
1690728269037,1013.77203
1690728269076,1013.77313
1690728269118,1013.77313
1690728269139,1013.7683
1690728269177,1013.7763
1690728269217,1013.77124
1690728269237,1013.76886
1690728269277,1013.76575
1690728269316,1013.75555
1690728269337,1013.74805
1690728269376,1013.7357
1690728269418,1013.7315
1690728269439,1013.72546
1690728269477,1013.7255
1690728269517,1013.7241
1690728269535,1013.72266
1690728269576,1013.72766
1690728269616,1013.72864
1690728269637,1013.7333
1690728269677,1013.7345
1690728269717,1013.7374
1690728269736,1013.73816
1690728269776,1013.7352
1690728269817,1013.72925
1690728269838,1013.71265
1690728269876,1013.7091
1690728269916,1013.70886
1690728269936,1013.708
1690728269977,1013.7
1690728270016,1013.69867
1690728270035,1013.68726
1690728270076,1013.69165
1690728270116,1013.6924
1690728270138,1013.6932
1690728270175,1013.69336
1690728270217,1013.6917
1690728270236,1013.6935
1690728270277,1013.701
1690728270316,1013.70886
1690728270336,1013.7173
1690728270378,1013.7178
1690728270415,1013.7075
1690728270436,1013.70624
1690728270476,1013.7081
1690728270515,1013.7149
1690728270534,1013.71173
1690728270575,1013.7097
1690728270615,1013.7052
1690728270640,1013.7008
1690728270676,1013.70496
1690728270716,1013.695
1690728270736,1013.7008
1690728270775,1013.7051
1690728270815,1013.71185
1690728270835,1013.7169
1690728270875,1013.70935
1690728270915,1013.70703
1690728270937,1013.71484
1690728270977,1013.7081
1690728271017,1013.694
1690728271035,1013.6911
1690728271076,1013.6937
1690728271115,1013.6847
1690728271137,1013.69055
1690728271177,1013.68933
1690728271217,1013.684
1690728271236,1013.6866
1690728271276,1013.6953
1690728271316,1013.6927
1690728271337,1013.70325
1690728271376,1013.70325
1690728271417,1013.7046
1690728271435,1013.71814
1690728271475,1013.72534
1690728271517,1013.71954
1690728271535,1013.71826
1690728271576,1013.70544
1690728271615,1013.7046
1690728271635,1013.70416
1690728271675,1013.69727
1690728271717,1013.7031
1690728271742,1013.71277
1690728271780,1013.71985
1690728271816,1013.7307
1690728271835,1013.7446
1690728271875,1013.7543
1690728271914,1013.7579
1690728271935,1013.7661
1690728271975,1013.76697
1690728272015,1013.7748
1690728272035,1013.77576
1690728272075,1013.7741
1690728272117,1013.77026
1690728272135,1013.7682
1690728272175,1013.7672
1690728272215,1013.765
1690728272235,1013.7658
1690728272275,1013.7631
1690728272315,1013.7545
1690728272336,1013.7448
1690728272375,1013.7428
1690728272417,1013.7394
1690728272435,1013.7388
1690728272474,1013.73364
1690728272514,1013.7413
1690728272535,1013.73755
1690728272574,1013.7426
1690728272616,1013.74084
1690728272634,1013.73376
1690728272674,1013.7296
1690728272713,1013.72766
1690728272734,1013.7265
1690728272775,1013.73096
1690728272815,1013.7196
1690728272835,1013.70905
1690728272875,1013.70374
1690728272915,1013.69684
1690728272935,1013.7036
1690728272976,1013.70825
1690728273016,1013.69775
1690728273036,1013.7036
1690728273073,1013.7117
1690728273114,1013.72186
1690728273134,1013.72644
1690728273175,1013.7305
1690728273214,1013.73114
1690728273239,1013.72375
1690728273275,1013.7273
1690728273316,1013.72626
1690728273335,1013.7206
1690728273375,1013.72144
1690728273415,1013.71387
1690728273434,1013.71906
1690728273475,1013.72906
1690728273515,1013.73206
1690728273536,1013.7392
1690728273575,1013.74066
1690728273617,1013.75256
1690728273635,1013.761
1690728273676,1013.7616
1690728273717,1013.76184
1690728273735,1013.7614
1690728273775,1013.74805
1690728273817,1013.7422
1690728273834,1013.7452
1690728273876,1013.7493
1690728273914,1013.7501
1690728273934,1013.7387
1690728273974,1013.73175
1690728274014,1013.7253
1690728274035,1013.72626
1690728274073,1013.73596
1690728274114,1013.7336
1690728274136,1013.7357
1690728274173,1013.7416
1690728274215,1013.74866
1690728274235,1013.7485
1690728274274,1013.75275
1690728274315,1013.7457
1690728274333,1013.7378
1690728274375,1013.7441
1690728274412,1013.7396
1690728274435,1013.7495
1690728274474,1013.7416
1690728274514,1013.7357
1690728274535,1013.73645
1690728274575,1013.7398
1690728274614,1013.7366
1690728274636,1013.73596
1690728274675,1013.734
1690728274714,1013.7354
1690728274734,1013.73096
1690728274775,1013.7315
1690728274814,1013.73773
1690728274834,1013.74384
1690728274874,1013.74084
1690728274914,1013.7408
1690728274935,1013.73645
1690728274975,1013.7346
1690728275013,1013.7307
1690728275034,1013.7333
1690728275074,1013.7299
1690728275113,1013.73047
1690728275141,1013.7243
1690728275172,1013.7197
1690728275214,1013.7282
1690728275233,1013.7322
1690728275274,1013.7418
1690728275313,1013.7482
1690728275333,1013.75024
1690728275375,1013.755
1690728275416,1013.757
1690728275433,1013.7611
1690728275474,1013.75684
1690728275514,1013.7549
1690728275534,1013.7576
1690728275573,1013.75903
1690728275614,1013.75
1690728275637,1013.7435
1690728275674,1013.7469
1690728275714,1013.7534
1690728275733,1013.7529
1690728275776,1013.7482
1690728275813,1013.7544
1690728275835,1013.75543
1690728275876,1013.75903
1690728275914,1013.7543
1690728275936,1013.7585
1690728275973,1013.7462
1690728276014,1013.7442
1690728276035,1013.7442
1690728276072,1013.73645
1690728276113,1013.72864
1690728276134,1013.7319
1690728276172,1013.73
1690728276214,1013.72656
1690728276237,1013.7266
1690728276273,1013.7221
1690728276315,1013.73206
1690728276333,1013.7303
1690728276376,1013.7327
1690728276413,1013.7373
1690728276435,1013.7448
1690728276473,1013.7495
1690728276513,1013.7493
1690728276534,1013.7466
1690728276573,1013.736
1690728276613,1013.7291
1690728276635,1013.7398
1690728276674,1013.7376
1690728276712,1013.74207
1690728276732,1013.7378
1690728276774,1013.7321
1690728276813,1013.73
1690728276834,1013.72156
1690728276872,1013.72345
1690728276913,1013.72736
1690728276932,1013.7392
1690728276972,1013.7473
1690728277013,1013.7406
1690728277032,1013.7342
1690728277072,1013.72955
1690728277111,1013.7319
1690728277132,1013.7363
1690728277173,1013.72797
1690728277212,1013.7208
1690728277232,1013.7168
1690728277273,1013.71075
1690728277313,1013.7107
1690728277355,1013.7092
1690728277374,1013.7147
1690728277413,1013.7138
1690728277432,1013.72046
1690728277473,1013.7261
1690728277516,1013.7277
1690728277552,1013.7229
1690728277571,1013.7253
1690728277613,1013.7302
1690728277652,1013.7239
1690728277674,1013.72125
1690728277714,1013.7279
1690728277752,1013.7307
1690728277772,1013.73096
1690728277812,1013.7245
1690728277855,1013.7173
1690728277873,1013.7186
1690728277911,1013.72437
1690728277954,1013.73114
1690728277974,1013.7285
1690728278013,1013.7315
1690728278034,1013.7361
1690728278072,1013.7326
1690728278110,1013.73175
1690728278153,1013.7326
1690728278172,1013.7267
1690728278212,1013.7251
1690728278253,1013.7181
1690728278272,1013.7029
1690728278311,1013.6929
1690728278353,1013.69055
1690728278373,1013.6958
1690728278411,1013.7002
1690728278453,1013.71344
1690728278472,1013.7189
1690728278513,1013.72375
1690728278552,1013.7283
1690728278573,1013.72894
1690728278611,1013.72534
1690728278650,1013.7266
1690728278672,1013.7355
1690728278711,1013.7412
1690728278753,1013.74255
1690728278773,1013.74414
1690728278813,1013.7437
1690728278852,1013.7449
1690728278873,1013.74084
1690728278918,1013.7444
1690728278951,1013.7431
1690728278971,1013.7406
1690728279012,1013.7433
1690728279050,1013.75256
1690728279070,1013.75
1690728279110,1013.74915
1690728279152,1013.7504
1690728279172,1013.7553
1690728279211,1013.76013
1690728279255,1013.7691
1690728279271,1013.76935
1690728279314,1013.75867
1690728279352,1013.7496
1690728279372,1013.7461
1690728279410,1013.7488
1690728279451,1013.7512
1690728279473,1013.752
1690728279510,1013.74554
1690728279550,1013.74005
1690728279570,1013.7356
1690728279611,1013.7433
1690728279650,1013.7451
1690728279671,1013.74646
1690728279711,1013.7527
1690728279751,1013.7615
1690728279770,1013.75226
1690728279810,1013.7433
1690728279850,1013.7459
1690728279870,1013.7389
1690728279911,1013.7324
1690728279950,1013.7272
1690728279970,1013.7236
1690728280010,1013.7224
1690728280049,1013.7343
1690728280069,1013.7362
1690728280110,1013.73724
1690728280152,1013.7351
1690728280176,1013.7395
1690728280209,1013.73224
1690728280252,1013.7394
1690728280274,1013.7396
1690728280310,1013.73706
1690728280351,1013.74426
1690728280370,1013.73926
1690728280411,1013.73816
1690728280451,1013.7295
1690728280475,1013.73303
1690728280512,1013.7362
1690728280550,1013.7442
1690728280569,1013.74646
1690728280611,1013.7466
1690728280653,1013.7394
1690728280673,1013.7311
1690728280712,1013.7405
1690728280749,1013.74695
1690728280773,1013.7451
1690728280810,1013.7441
1690728280850,1013.738
1690728280872,1013.74036
1690728280912,1013.73895
1690728280952,1013.7327
1690728280970,1013.734
1690728281012,1013.73615
1690728281051,1013.72266
1690728281070,1013.7257
1690728281109,1013.7247
1690728281152,1013.7168
1690728281171,1013.71594
1690728281210,1013.7176
1690728281254,1013.71185
1690728281271,1013.702
1690728281311,1013.69336
1690728281350,1013.7032
1690728281371,1013.70654
1690728281411,1013.6997
1690728281453,1013.70215
1690728281469,1013.71045
1690728281513,1013.71484
1690728281553,1013.72266
1690728281575,1013.7229
1690728281608,1013.71686
1690728281653,1013.7121
1690728281670,1013.71277
1690728281712,1013.71783
1690728281753,1013.7114
1690728281772,1013.7094
1690728281811,1013.70123
1690728281850,1013.6985
1690728281872,1013.6926
1690728281909,1013.69916
1690728281950,1013.70825
1690728281970,1013.7097
1690728282010,1013.70984
1690728282055,1013.71484
1690728282069,1013.7113
1690728282110,1013.71295
1690728282156,1013.70544
1690728282169,1013.69824
1690728282209,1013.70166
1690728282251,1013.6992
1690728282269,1013.6975
1690728282309,1013.6978
1690728282349,1013.6958
1690728282369,1013.6986
1690728282410,1013.6997
1690728282448,1013.7119
1690728282468,1013.71265
1690728282510,1013.71094
1690728282550,1013.7158
1690728282568,1013.7131
1690728282609,1013.7268
1690728282652,1013.72687
1690728282668,1013.7263
1690728282713,1013.71533
1690728282749,1013.7121
1690728282770,1013.71814
1690728282808,1013.7127
1690728282849,1013.7046
1690728282869,1013.7017
1690728282910,1013.70294
1690728282950,1013.70465
1690728282968,1013.7109
1690728283011,1013.7135
1690728283053,1013.71497
1690728283068,1013.70337
1690728283108,1013.70215
1690728283152,1013.6988
1690728283168,1013.70526
1690728283209,1013.7029
1690728283249,1013.6959
1690728283268,1013.69025
1690728283308,1013.6874
1690728283353,1013.68335
1690728283368,1013.6857
1690728283410,1013.68115
1690728283452,1013.67773
1690728283468,1013.68085
1690728283509,1013.67377
1690728283548,1013.6827
1690728283567,1013.6819
1690728283608,1013.68396
1690728283650,1013.6792
1690728283668,1013.6743
1690728283709,1013.67816
1690728283748,1013.6703
1690728283769,1013.66565
1690728283810,1013.6608
1690728283848,1013.65564
1690728283868,1013.65533
1690728283909,1013.65564
1690728283947,1013.66315
1690728283967,1013.66595
1690728284009,1013.6726
1690728284053,1013.671
1690728284069,1013.6744
1690728284108,1013.6804
1690728284149,1013.67773
1690728284169,1013.6806
1690728284209,1013.68335
1690728284250,1013.6731
1690728284269,1013.67175
1690728284308,1013.6665
1690728284349,1013.6622
1690728284372,1013.6523
1690728284409,1013.6489
1690728284448,1013.6495
1690728284467,1013.66296
1690728284510,1013.66284
1690728284553,1013.6653
1690728284570,1013.6698
1690728284608,1013.6734
1690728284649,1013.6723
1690728284668,1013.6633
1690728284712,1013.66547
1690728284748,1013.6661
1690728284770,1013.67346
1690728284811,1013.672
1690728284848,1013.67114
1690728284871,1013.66034
1690728284908,1013.65234
1690728284949,1013.6549
1690728284968,1013.6602
1690728285008,1013.66016
1690728285055,1013.65576
1690728285068,1013.6508
1690728285109,1013.6633
1690728285149,1013.6658
1690728285167,1013.6724
1690728285207,1013.67145
1690728285247,1013.67456
1690728285269,1013.6753
1690728285307,1013.67303
1690728285348,1013.67175
1690728285368,1013.6905
1690728285408,1013.6836
1690728285447,1013.6798
1690728285467,1013.6831
1690728285513,1013.68585
1690728285548,1013.6821
1690728285567,1013.6832
1690728285608,1013.6829
1690728285654,1013.68726
1690728285667,1013.6809
1690728285709,1013.6808
1690728285749,1013.6818
1690728285768,1013.6793
1690728285808,1013.68085
1690728285848,1013.68396
1690728285868,1013.68616
1690728285910,1013.6848
1690728285948,1013.6946
1690728285967,1013.70557
1690728286008,1013.7073
1690728286048,1013.6914
1690728286066,1013.684
1690728286106,1013.689
1690728286149,1013.68884
1690728286168,1013.6953
1690728286207,1013.6976
1690728286248,1013.7101
1690728286269,1013.71423
1690728286309,1013.7209
1690728286347,1013.72375
1690728286368,1013.7392
1690728286407,1013.7418
1690728286446,1013.74054
1690728286468,1013.74274
1690728286507,1013.74817
1690728286549,1013.7504
1690728286566,1013.75024
1690728286606,1013.7365
1690728286649,1013.7278
1690728286667,1013.72754
1690728286707,1013.72864
1690728286748,1013.7218
1690728286766,1013.7202
1690728286806,1013.718
1690728286847,1013.7135
1690728286867,1013.71484
1690728286910,1013.70996
1690728286947,1013.72327
1690728286968,1013.73816
1690728287007,1013.742
1690728287051,1013.74066
1690728287068,1013.73517
1690728287107,1013.71814
1690728287149,1013.7176
1690728287166,1013.70447
1690728287206,1013.7023
1690728287248,1013.7039
1690728287266,1013.70105
1690728287308,1013.6969
1690728287348,1013.7019
1690728287366,1013.70355
1690728287406,1013.71063
1690728287446,1013.71484
1690728287467,1013.7265
1690728287506,1013.724
1690728287547,1013.7283
1690728287566,1013.72754
1690728287607,1013.729
1690728287645,1013.73267
1690728287668,1013.72565
1690728287708,1013.7268
1690728287746,1013.7314
1690728287766,1013.7301
1690728287806,1013.72974
1690728287846,1013.7346
1690728287867,1013.74335
1690728287910,1013.7546
1690728287946,1013.76495
1690728287966,1013.7666
1690728288006,1013.7653
1690728288046,1013.777
1690728288066,1013.7781
1690728288106,1013.7731
1690728288146,1013.77795
1690728288166,1013.7684
1690728288207,1013.7655
1690728288247,1013.76575
1690728288266,1013.74854
1690728288307,1013.7373
1690728288345,1013.7424
1690728288366,1013.73645
1690728288407,1013.734
1690728288445,1013.7279
1690728288467,1013.7273
1690728288506,1013.7344
1690728288546,1013.7374
1690728288564,1013.7405
1690728288605,1013.74646
1690728288648,1013.74426
1690728288666,1013.7489
1690728288706,1013.746
1690728288748,1013.7536
1690728288767,1013.7576
1690728288807,1013.7566
1690728288846,1013.7604
1690728288867,1013.7609
1690728288905,1013.7605
1690728288944,1013.75806
1690728288966,1013.7621
1690728289006,1013.7516
1690728289046,1013.7593
1690728289067,1013.76904
1690728289105,1013.76184
1690728289145,1013.7603
1690728289166,1013.76807
1690728289207,1013.76587
1690728289244,1013.7682
1690728289265,1013.767
1690728289305,1013.7582
1690728289345,1013.75525
1690728289366,1013.7562
1690728289405,1013.75195
1690728289446,1013.7479
1690728289467,1013.74805
1690728289505,1013.74884
1690728289548,1013.73804
1690728289566,1013.7463
1690728289604,1013.7567
1690728289646,1013.77026
1690728289674,1013.7646
1690728289705,1013.7599
1690728289745,1013.75635
1690728289766,1013.7554
1690728289806,1013.7614
1690728289845,1013.7615
1690728289865,1013.7685
1690728289906,1013.7644
1690728289950,1013.75574
1690728289965,1013.754
1690728290005,1013.7476
1690728290045,1013.7412
1690728290064,1013.7473
1690728290104,1013.7488
1690728290145,1013.754
1690728290166,1013.7546
1690728290205,1013.7604
1690728290245,1013.7622
1690728290266,1013.76587
1690728290305,1013.76337
1690728290345,1013.75366
1690728290366,1013.7598
1690728290405,1013.7605
1690728290445,1013.76245
1690728290466,1013.7515
1690728290504,1013.7542
1690728290547,1013.7489
1690728290566,1013.745
1690728290604,1013.75366
1690728290645,1013.755
1690728290664,1013.7501
1690728290703,1013.7458
1690728290745,1013.7529
1690728290765,1013.75195
1690728290805,1013.7462
1690728290844,1013.75146
1690728290863,1013.75006
1690728290907,1013.74866
1690728290944,1013.7464
1690728290965,1013.7385
1690728291005,1013.7326
1690728291047,1013.7312
1690728291067,1013.73517
1690728291104,1013.7301
1690728291144,1013.7243
1690728291170,1013.7279
1690728291205,1013.7268
1690728291246,1013.7288
1690728291266,1013.7256
1690728291304,1013.73773
1690728291344,1013.74286
1690728291365,1013.73694
1690728291405,1013.73126
1690728291444,1013.7412
1690728291464,1013.74054
1690728291504,1013.74097
1690728291544,1013.723
1690728291564,1013.7289
1690728291604,1013.7351
1690728291646,1013.7323
1690728291664,1013.727
1690728291704,1013.7039
1690728291745,1013.70593
1690728291764,1013.7156
1690728291804,1013.7274
1690728291845,1013.73047
1690728291864,1013.72894
1690728291904,1013.7172
1690728291946,1013.7091
1690728291964,1013.7088
1690728292004,1013.7037
1690728292044,1013.7032
1690728292065,1013.7028
1690728292103,1013.70654
1690728292144,1013.7123
1690728292166,1013.7024
1690728292204,1013.6885
1690728292244,1013.6929
1690728292265,1013.6963
1690728292304,1013.6951
1690728292344,1013.6937
1690728292365,1013.7001
1690728292402,1013.70966
1690728292444,1013.7113
1690728292464,1013.71484
1690728292504,1013.71014
1690728292545,1013.71704
1690728292565,1013.7132
1690728292603,1013.71124
1690728292642,1013.7179
1690728292663,1013.7141
1690728292704,1013.714
1690728292744,1013.70776
1690728292765,1013.6995
1690728292804,1013.69135
1690728292843,1013.6859
1690728292864,1013.6845
1690728292903,1013.67847
1690728292943,1013.67896
1690728292965,1013.6877
1690728293003,1013.6901
1690728293043,1013.6926
1690728293064,1013.69775
1690728293107,1013.6981
1690728293143,1013.70764
1690728293163,1013.69336
1690728293205,1013.69086
1690728293243,1013.68506
1690728293263,1013.68427
1690728293304,1013.67084
1690728293344,1013.6746
1690728293364,1013.6738
1690728293404,1013.67285
1690728293442,1013.6808
1690728293463,1013.6842
1690728293505,1013.67865
1690728293543,1013.6666
1690728293565,1013.65674
1690728293603,1013.6619
1690728293644,1013.6612
1690728293662,1013.6624
1690728293704,1013.6621
1690728293745,1013.64514
1690728293764,1013.6406
1690728293804,1013.64636
1690728293844,1013.6492
1690728293863,1013.64874
1690728293903,1013.6511
1690728293946,1013.6556
1690728293963,1013.65454
1690728294003,1013.6633
1690728294042,1013.6631
1690728294063,1013.66425
1690728294103,1013.6535
1690728294142,1013.6507
1690728294163,1013.653
1690728294204,1013.6527
1690728294245,1013.64966
1690728294263,1013.6504
1690728294305,1013.6483
1690728294344,1013.6425
1690728294363,1013.653
1690728294403,1013.6669
1690728294445,1013.6647
1690728294463,1013.65894
1690728294503,1013.66095
1690728294543,1013.6626
1690728294562,1013.6673
1690728294603,1013.6665
1690728294642,1013.66675
1690728294663,1013.6627
1690728294703,1013.65607
1690728294743,1013.6634
1690728294765,1013.6674
1690728294804,1013.65546
1690728294845,1013.65607
1690728294862,1013.65063
1690728294903,1013.6477
1690728294943,1013.65137
1690728294963,1013.6528
1690728295002,1013.63916
1690728295042,1013.6383
1690728295062,1013.64355
1690728295102,1013.6417
1690728295142,1013.6443
1690728295161,1013.6433
1690728295201,1013.6555
1690728295242,1013.6487
1690728295263,1013.6392
1690728295302,1013.64246
1690728295343,1013.6423
1690728295364,1013.63824
1690728295403,1013.63245
1690728295443,1013.63477
1690728295465,1013.6394
1690728295502,1013.63434
1690728295543,1013.6393
1690728295562,1013.6426
1690728295601,1013.64154
1690728295643,1013.63983
1690728295666,1013.63794
1690728295702,1013.6388
1690728295741,1013.63586
1690728295764,1013.6345
1690728295804,1013.63403
1690728295842,1013.637
1690728295862,1013.63477
1690728295901,1013.63165
1690728295943,1013.6276
1690728295963,1013.6223
1690728296002,1013.6142
1690728296042,1013.614
1690728296062,1013.62396
1690728296104,1013.62897
1690728296141,1013.629
1690728296161,1013.6265
1690728296209,1013.62
1690728296241,1013.61914
1690728296265,1013.62244
1690728296302,1013.61816
1690728296341,1013.6238
1690728296361,1013.6168
1690728296403,1013.6223
1690728296443,1013.61414
1690728296462,1013.6124
1690728296505,1013.6148
1690728296541,1013.61993
1690728296562,1013.62964
1690728296602,1013.6249
1690728296642,1013.62805
1690728296661,1013.6292
1690728296702,1013.63214
1690728296741,1013.63464
1690728296762,1013.64056
1690728296805,1013.6454
1690728296842,1013.64716
1690728296861,1013.6422
1690728296903,1013.64594
1690728296941,1013.6437
1690728296961,1013.6383
1690728297003,1013.6355
1690728297042,1013.63434
1690728297063,1013.6318
1690728297100,1013.6285
1690728297141,1013.6294
1690728297160,1013.6299
1690728297204,1013.6383
1690728297241,1013.62976
1690728297261,1013.638
1690728297302,1013.64307
1690728297341,1013.64813
1690728297360,1013.65234
1690728297402,1013.6532
1690728297441,1013.6553
1690728297463,1013.64087
1690728297500,1013.6381
1690728297542,1013.6411
1690728297562,1013.6431
1690728297601,1013.6465
1690728297642,1013.6429
1690728297660,1013.652
1690728297700,1013.65936
1690728297741,1013.65857
1690728297760,1013.65173
1690728297803,1013.6596
1690728297840,1013.6577
1690728297860,1013.6614
1690728297903,1013.6631
1690728297943,1013.6633
1690728297962,1013.6604
1690728298000,1013.6688
1690728298041,1013.6714
1690728298065,1013.6687
1690728298099,1013.67224
1690728298141,1013.6701
1690728298161,1013.66766
1690728298202,1013.6726
1690728298243,1013.6649
1690728298262,1013.6631
1690728298300,1013.66907
1690728298342,1013.67267
1690728298361,1013.6791
1690728298402,1013.6709
1690728298441,1013.6645
1690728298462,1013.6759
1690728298500,1013.6808
1690728298541,1013.6838
1690728298560,1013.6748
1690728298600,1013.6743
1690728298640,1013.67926
1690728298660,1013.6824
1690728298704,1013.6855
1690728298740,1013.6821
1690728298761,1013.68115
1690728298800,1013.68713
1690728298841,1013.69855
1690728298859,1013.6992
1690728298900,1013.6986
1690728298940,1013.69556
1690728298959,1013.6863
1690728299004,1013.6891
1690728299040,1013.6908
1690728299059,1013.68286
1690728299099,1013.6831
1690728299140,1013.6782
1690728299179,1013.6809
1690728299200,1013.6841
1690728299240,1013.6863
1690728299280,1013.6846
1690728299300,1013.68896
1690728299339,1013.69415
1690728299379,1013.69995
1690728299400,1013.69714
1690728299439,1013.6953
1690728299479,1013.69214
1690728299501,1013.6853
1690728299540,1013.68866
1690728299580,1013.6931
1690728299604,1013.6924
1690728299638,1013.6893
1690728299679,1013.6872
1690728299700,1013.68097
1690728299739,1013.69
1690728299779,1013.70044
1690728299800,1013.7026
1690728299841,1013.7097
1690728299883,1013.7029
1690728299901,1013.7068
1690728299942,1013.7088
1690728299979,1013.69995
1690728299999,1013.7009
1690728300039,1013.7021
1690728300080,1013.7107
1690728300102,1013.7114
1690728300139,1013.7017
1690728300181,1013.6951
1690728300200,1013.69696
1690728300240,1013.69415
1690728300279,1013.6946
1690728300299,1013.69653
1690728300341,1013.7026
1690728300379,1013.7007
1690728300399,1013.7051
1690728300440,1013.6977
1690728300479,1013.69885
1690728300499,1013.70056
1690728300539,1013.70544
1690728300579,1013.71136
1690728300601,1013.7117
1690728300638,1013.70447
1690728300659,1013.69995
1690728300700,1013.70386
1690728300739,1013.7113
1690728300779,1013.7013
1690728300799,1013.70074
1690728300840,1013.7015
1690728300880,1013.7009
1690728300900,1013.70483
1690728300938,1013.7025
1690728300978,1013.7062
1690728301000,1013.71423
1690728301039,1013.7197
1690728301079,1013.72266
1690728301101,1013.7189
1690728301138,1013.7174
1690728301179,1013.7139
1690728301200,1013.7152
1690728301242,1013.7047
1690728301279,1013.70465
1690728301304,1013.7051
1690728301340,1013.6997
1690728301380,1013.7001
1690728301399,1013.70575
1690728301442,1013.70746
1690728301479,1013.7111
1690728301498,1013.7092
1690728301539,1013.7193
1690728301579,1013.71466
1690728301606,1013.7134
1690728301639,1013.7108
1690728301678,1013.7139
1690728301700,1013.71045
1690728301740,1013.70654
1690728301779,1013.7046
1690728301799,1013.70654
1690728301840,1013.7091
1690728301880,1013.7158
1690728301899,1013.7176
1690728301940,1013.7145
1690728301979,1013.71387
1690728302000,1013.715
1690728302038,1013.72327
1690728302078,1013.72205
1690728302100,1013.7269
1690728302137,1013.73193
1690728302178,1013.7347
1690728302201,1013.7246
1690728302238,1013.72546
1690728302279,1013.7226
1690728302299,1013.72656
1690728302338,1013.7296
1690728302379,1013.72455
1690728302400,1013.7183
1690728302440,1013.7187
1690728302480,1013.7223
1690728302498,1013.72473
1690728302537,1013.7163
1690728302579,1013.70776
1690728302608,1013.70825
1690728302637,1013.71423
1690728302678,1013.7199
1690728302698,1013.72656
1690728302739,1013.713
1690728302778,1013.70166
1690728302801,1013.70325
1690728302837,1013.71216
1690728302878,1013.72327
1690728302900,1013.7235
1690728302937,1013.7225
1690728302979,1013.72595
1690728302999,1013.7364
1690728303038,1013.74115
1690728303080,1013.7363
1690728303100,1013.73315
1690728303138,1013.7327
1690728303178,1013.73914
1690728303201,1013.73016
1690728303239,1013.7204
1690728303278,1013.7189
1690728303299,1013.71594
1690728303339,1013.7263
1690728303379,1013.7252
1690728303398,1013.72534
1690728303438,1013.72546
1690728303476,1013.7258
1690728303498,1013.72595
1690728303538,1013.7232
1690728303578,1013.7273
1690728303597,1013.73004
1690728303637,1013.7229
1690728303677,1013.7173
1690728303698,1013.72845
1690728303737,1013.7287
1690728303779,1013.72
1690728303797,1013.7081
1690728303837,1013.7062
1690728303880,1013.7141
1690728303899,1013.71533
1690728303938,1013.7179
1690728303978,1013.712
1690728303998,1013.7058
1690728304037,1013.7079
1690728304077,1013.70386
1690728304098,1013.7149
1690728304137,1013.7189
1690728304177,1013.71436
1690728304199,1013.71173
1690728304237,1013.72754
1690728304277,1013.7319
1690728304297,1013.71484
1690728304338,1013.7103
1690728304378,1013.7107
1690728304397,1013.7168
1690728304437,1013.721
1690728304479,1013.72015
1690728304499,1013.7203
1690728304537,1013.7253
1690728304577,1013.7229
1690728304598,1013.7187
1690728304636,1013.7216
1690728304676,1013.7179
1690728304696,1013.7235
1690728304738,1013.7229
1690728304778,1013.7065
1690728304797,1013.69653
1690728304837,1013.6997
1690728304878,1013.69836
1690728304898,1013.6986
1690728304937,1013.6965
1690728304978,1013.6987
1690728304997,1013.70483
1690728305037,1013.70447
1690728305078,1013.7123
1690728305097,1013.7096
1690728305136,1013.7118
1690728305180,1013.702
1690728305197,1013.70667
1690728305236,1013.7077
1690728305276,1013.7094
1690728305298,1013.7041
1690728305337,1013.6935
1690728305377,1013.7006
1690728305397,1013.697
1690728305436,1013.69965
1690728305477,1013.7002
1690728305497,1013.6948
1690728305536,1013.69275
1690728305576,1013.694
1690728305597,1013.69977
1690728305636,1013.7014
1690728305676,1013.7037
1690728305698,1013.6984
1690728305737,1013.69305
1690728305776,1013.68884
1690728305797,1013.6811
1690728305838,1013.67456
1690728305876,1013.67834
1690728305897,1013.6677
1690728305938,1013.6723
1690728305976,1013.6714
1690728305996,1013.6691
1690728306037,1013.6712
1690728306079,1013.68524
1690728306097,1013.694
1690728306137,1013.7024
1690728306176,1013.7041
1690728306195,1013.70953
1690728306236,1013.7078
1690728306278,1013.7038
1690728306296,1013.70056
1690728306337,1013.70905
1690728306375,1013.713
1690728306396,1013.70886
1690728306438,1013.7058
1690728306485,1013.709
1690728306496,1013.7151
1690728306535,1013.7174
1690728306576,1013.7219
1690728306596,1013.7143
1690728306635,1013.7198
1690728306677,1013.72095
1690728306695,1013.71893
1690728306737,1013.71826
1690728306776,1013.7081
1690728306795,1013.705
1690728306837,1013.69495
1690728306876,1013.6819
1690728306896,1013.6783
1690728306936,1013.6703
1690728306977,1013.6613
1690728306996,1013.6609
1690728307037,1013.67267
1690728307076,1013.672
1690728307097,1013.6676
1690728307135,1013.6719
1690728307175,1013.6709
1690728307197,1013.6814
1690728307235,1013.68884
1690728307276,1013.70123
1690728307295,1013.69995
1690728307336,1013.7001
1690728307376,1013.7006
1690728307397,1013.6941
1690728307436,1013.68933
1690728307475,1013.6905
1690728307495,1013.69403
1690728307535,1013.6908
1690728307578,1013.69025
1690728307597,1013.6941
1690728307637,1013.70386
1690728307675,1013.70764
1690728307695,1013.7059
1690728307736,1013.7125
1690728307777,1013.71014
1690728307796,1013.70215
1690728307836,1013.68665
1690728307875,1013.6752
1690728307895,1013.66833
1690728307935,1013.6656
1690728307975,1013.6527
1690728307995,1013.6461
1690728308037,1013.65063
1690728308077,1013.6601
1690728308096,1013.6719
1690728308134,1013.67786
1690728308175,1013.68115
1690728308194,1013.6855
1690728308235,1013.6737
1690728308276,1013.66565
1690728308298,1013.6737
1690728308336,1013.6759
1690728308375,1013.67334
1690728308396,1013.6677
1690728308437,1013.6709
1690728308477,1013.6711
1690728308495,1013.67474
1690728308533,1013.67847
1690728308575,1013.6809
1690728308596,1013.6795
1690728308634,1013.68787
1690728308675,1013.696
1690728308697,1013.7029
1690728308734,1013.72
1690728308775,1013.7219
1690728308797,1013.72577
1690728308835,1013.7208
1690728308875,1013.7085
1690728308895,1013.70593
1690728308936,1013.70685
1690728308974,1013.71387
1690728308994,1013.70276
1690728309035,1013.6988
1690728309075,1013.70544
1690728309096,1013.7018
1690728309135,1013.69135
1690728309178,1013.6876
1690728309194,1013.6829
1690728309235,1013.68555
1690728309275,1013.69
1690728309296,1013.694
1690728309336,1013.70636
1690728309375,1013.7084
1690728309395,1013.71094
1690728309436,1013.7114
1690728309474,1013.7063
1690728309495,1013.70636
1690728309535,1013.7063
1690728309575,1013.69995
1690728309595,1013.69696
1690728309634,1013.69214
1690728309676,1013.6941
1690728309697,1013.6821
1690728309734,1013.68414
1690728309775,1013.682
1690728309796,1013.6932
1690728309835,1013.68555
1690728309874,1013.6798
1690728309895,1013.6719
1690728309935,1013.66113
1690728309975,1013.6602
1690728309995,1013.66595
1690728310034,1013.6655
1690728310074,1013.67
1690728310094,1013.66064
1690728310135,1013.66064
1690728310182,1013.6614
1690728310194,1013.6561
1690728310234,1013.6627
1690728310275,1013.6659
1690728310294,1013.663
1690728310336,1013.66235
1690728310373,1013.6643
1690728310394,1013.66675
1690728310434,1013.67737
1690728310475,1013.67847
1690728310495,1013.67926
1690728310535,1013.6737
1690728310574,1013.68604
1690728310595,1013.6845
1690728310641,1013.6765
1690728310673,1013.6661
1690728310695,1013.6679
1690728310735,1013.67163
1690728310775,1013.6836
1690728310793,1013.68463
1690728310835,1013.6896
1690728310876,1013.6908
1690728310895,1013.6903
1690728310933,1013.68414
1690728310975,1013.6833
1690728310994,1013.68243
1690728311034,1013.6793
1690728311075,1013.67755
1690728311094,1013.68036
1690728311136,1013.68286
1690728311173,1013.6809
1690728311196,1013.6769
1690728311233,1013.6733
1690728311275,1013.6741
1690728311295,1013.673
1690728311333,1013.67346
1690728311374,1013.6764
1690728311393,1013.67615
1690728311436,1013.6801
1690728311474,1013.67883
1690728311494,1013.6794
1690728311534,1013.6814
1690728311574,1013.6773
1690728311593,1013.668
1690728311636,1013.6666
1690728311673,1013.6625
1690728311693,1013.6603
1690728311733,1013.664
1690728311777,1013.6638
1690728311795,1013.65765
1690728311835,1013.6494
1690728311874,1013.6416
1690728311895,1013.64264
1690728311933,1013.6527
1690728311973,1013.66235
1690728311994,1013.66345
1690728312033,1013.6669
1690728312075,1013.66174
1690728312094,1013.6513
1690728312133,1013.64746
1690728312172,1013.6444
1690728312192,1013.6338
1690728312233,1013.6184
1690728312278,1013.62213
1690728312294,1013.6196
1690728312335,1013.6179
1690728312373,1013.6198
1690728312392,1013.61816
1690728312433,1013.63226
1690728312475,1013.6397
1690728312494,1013.6534
1690728312534,1013.6596
1690728312573,1013.66125
1690728312596,1013.65625
1690728312634,1013.65094
1690728312673,1013.65674
1690728312694,1013.6477
1690728312733,1013.6438
1690728312772,1013.64594
1690728312793,1013.63367
1690728312835,1013.6367
1690728312874,1013.6448
1690728312894,1013.6526
1690728312936,1013.6626
1690728312972,1013.6688
1690728312993,1013.6608
1690728313034,1013.65796
1690728313074,1013.6584
1690728313094,1013.6558
1690728313133,1013.65137
1690728313173,1013.64307
1690728313192,1013.6435
1690728313233,1013.6475
1690728313274,1013.6385
1690728313293,1013.6298
1690728313332,1013.62335
1690728313372,1013.63025
1690728313393,1013.6389
1690728313434,1013.638
1690728313473,1013.6305
1690728313493,1013.6304
1690728313534,1013.6251
1690728313572,1013.6237
1690728313594,1013.6292
1690728313631,1013.64764
1690728313672,1013.6575
1690728313693,1013.6548
1690728313735,1013.6562
1690728313772,1013.6491
1690728313793,1013.652
1690728313832,1013.65155
1690728313873,1013.64923
1690728313893,1013.6429
1690728313931,1013.64276
1690728313972,1013.6516
1690728313992,1013.65155
1690728314033,1013.6572
1690728314072,1013.65515
1690728314092,1013.6583
1690728314131,1013.66174
1690728314172,1013.65625
1690728314192,1013.6531
1690728314232,1013.64124
1690728314273,1013.64465
1690728314292,1013.6361
1690728314332,1013.62854
1690728314372,1013.615
1690728314392,1013.626
1690728314432,1013.62427
1690728314472,1013.6227
1690728314492,1013.62305
1690728314532,1013.6187
1690728314571,1013.61774
1690728314592,1013.6189
1690728314633,1013.62714
1690728314672,1013.6212
1690728314691,1013.6256
1690728314735,1013.6284
1690728314772,1013.628
1690728314795,1013.63257
1690728314835,1013.6273
1690728314871,1013.6176
1690728314891,1013.6054
1690728314932,1013.6021
1690728314971,1013.59503
1690728314994,1013.60095
1690728315033,1013.6083
1690728315071,1013.60095
1690728315092,1013.58923
1690728315132,1013.58765
1690728315179,1013.57245
1690728315191,1013.57166
1690728315234,1013.5785
1690728315271,1013.585
1690728315292,1013.5779
1690728315331,1013.56665
1690728315370,1013.5543
1690728315394,1013.5487
1690728315431,1013.5583
1690728315470,1013.56805
1690728315493,1013.58093
1690728315533,1013.5979
1690728315573,1013.61523
1690728315595,1013.619
1690728315631,1013.614
1690728315670,1013.60547
1690728315690,1013.6062
1690728315733,1013.6066
1690728315771,1013.60144
1690728315791,1013.6094
1690728315830,1013.6273
1690728315872,1013.6221
1690728315893,1013.6151
1690728315931,1013.6105
1690728315971,1013.60956
1690728315991,1013.6111
1690728316036,1013.61896
1690728316073,1013.6297
1690728316090,1013.63245
1690728316134,1013.6332
1690728316171,1013.6359
1690728316191,1013.64166
1690728316236,1013.62573
1690728316271,1013.6274
1690728316293,1013.6243
1690728316331,1013.6167
1690728316372,1013.6143
1690728316392,1013.62085
1690728316430,1013.6155
1690728316470,1013.60364
1690728316492,1013.59863
1690728316533,1013.611
1690728316570,1013.6111
1690728316592,1013.6314
1690728316633,1013.64716
1690728316669,1013.6483
1690728316689,1013.64453
1690728316733,1013.63525
1690728316771,1013.63257
1690728316790,1013.626
1690728316830,1013.61536
1690728316877,1013.623
1690728316893,1013.6288
1690728316932,1013.6306
1690728316970,1013.6293
1690728316993,1013.6266
1690728317030,1013.6265
1690728317072,1013.63055
1690728317092,1013.63324
1690728317134,1013.627
1690728317170,1013.6349
1690728317190,1013.6328
1690728317232,1013.64886
1690728317270,1013.6564
1690728317290,1013.64514
1690728317330,1013.6304
1690728317371,1013.62573
1690728317390,1013.62964
1690728317429,1013.6299
1690728317472,1013.6371
1690728317489,1013.6317
1690728317530,1013.6293
1690728317571,1013.625
1690728317594,1013.6255
1690728317633,1013.62085
1690728317669,1013.6193
1690728317689,1013.62573
1690728317736,1013.6253
1690728317770,1013.6249
1690728317790,1013.6195
1690728317830,1013.6182
1690728317870,1013.6223
1690728317892,1013.6248
1690728317932,1013.62335
1690728317974,1013.61664
1690728317989,1013.6251
1690728318030,1013.6242
1690728318070,1013.6185
1690728318089,1013.62366
1690728318130,1013.62854
1690728318168,1013.6283
1690728318189,1013.63153
1690728318233,1013.6282
1690728318270,1013.6271
1690728318291,1013.62805
1690728318330,1013.61145
1690728318370,1013.6129
1690728318392,1013.61346
1690728318430,1013.6186
1690728318470,1013.61694
1690728318492,1013.6048
1690728318530,1013.6007
1690728318570,1013.6029
1690728318590,1013.61066
1690728318634,1013.6144
1690728318668,1013.6161
1690728318689,1013.61444
1690728318731,1013.6188
1690728318768,1013.6256
1690728318789,1013.6356
1690728318832,1013.63885
1690728318869,1013.6313
1690728318891,1013.63
1690728318931,1013.63196
1690728318969,1013.6317
1690728318989,1013.63306
1690728319030,1013.62354
1690728319069,1013.62317
1690728319090,1013.6232
1690728319135,1013.6132
1690728319168,1013.6131
1690728319189,1013.6132
1690728319233,1013.61255
1690728319271,1013.61053
1690728319289,1013.62024
1690728319329,1013.6175
1690728319369,1013.6214
1690728319388,1013.616
1690728319430,1013.6113
1690728319470,1013.6084
1690728319489,1013.5985
1690728319530,1013.60236
1690728319570,1013.6007
1690728319588,1013.6073
1690728319631,1013.60376
1690728319668,1013.605
1690728319688,1013.615
1690728319734,1013.6168
1690728319768,1013.61365
1690728319793,1013.6116
1690728319832,1013.6084
1690728319868,1013.60803
1690728319890,1013.6219
1690728319929,1013.6222
1690728319972,1013.62396
1690728319988,1013.633
1690728320028,1013.62146
1690728320070,1013.6138
1690728320088,1013.6071
1690728320129,1013.60126
1690728320176,1013.5972
1690728320195,1013.59595
1690728320231,1013.6024
1690728320269,1013.6079
1690728320292,1013.60864
1690728320328,1013.6135
1690728320368,1013.6115
1690728320389,1013.6138
1690728320428,1013.60895
1690728320469,1013.6134
1690728320489,1013.6123
1690728320528,1013.6188
1690728320570,1013.6171
1690728320592,1013.6135
1690728320628,1013.6192
1690728320667,1013.6105
1690728320687,1013.6018
1690728320728,1013.6002
1690728320768,1013.6051
1690728320790,1013.6128
1690728320832,1013.61444
1690728320868,1013.6143
1690728320889,1013.61914
1690728320930,1013.6194
1690728320970,1013.6231
1690728321008,1013.614
1690728321027,1013.61597
1690728321068,1013.61426
1690728321111,1013.61694
1690728321128,1013.6112
1690728321167,1013.6097
1690728321209,1013.6106
1690728321232,1013.61017
1690728321267,1013.6083
1690728321311,1013.6101
1690728321333,1013.61707
1690728321369,1013.6131
1690728321410,1013.6118
1690728321429,1013.6123
1690728321468,1013.6163
1690728321508,1013.609
1690728321527,1013.62134
1690728321568,1013.62085
1690728321608,1013.6252
1690728321628,1013.6192
1690728321666,1013.6054
1690728321707,1013.6092
1690728321731,1013.61304
1690728321768,1013.6085
1690728321788,1013.6001
1690728321828,1013.5913
1690728321867,1013.589
1690728321908,1013.607
1690728321928,1013.61523
1690728321967,1013.6111
1690728322008,1013.6116
1690728322027,1013.6111
1690728322069,1013.6274
1690728322108,1013.62604
1690728322130,1013.6296
1690728322166,1013.62805
1690728322208,1013.6174
1690728322229,1013.6046
1690728322267,1013.6008
1690728322307,1013.5989
1690728322327,1013.5963
1690728322369,1013.5983
1690728322410,1013.59106
1690728322431,1013.5921
1690728322467,1013.5984
1690728322508,1013.5886
1690728322529,1013.5951
1690728322569,1013.59094
1690728322608,1013.5935
1690728322627,1013.6078
1690728322666,1013.60944
1690728322706,1013.61664
1690728322727,1013.6163
1690728322767,1013.61804
1690728322806,1013.6038
1690728322826,1013.6063
1690728322867,1013.61005
1690728322912,1013.60876
1690728322927,1013.60376
1690728322967,1013.6044
1690728323009,1013.5976
1690728323028,1013.59296
1690728323067,1013.60675
1690728323107,1013.6173
1690728323127,1013.62103
1690728323168,1013.61426
1690728323207,1013.6077
1690728323230,1013.59686
1690728323266,1013.59607
1690728323306,1013.5957
1690728323328,1013.5921
1690728323366,1013.58875
1690728323411,1013.57275
1690728323426,1013.569
1690728323467,1013.56226
1690728323507,1013.57025
1690728323527,1013.5609
1690728323565,1013.56476
1690728323606,1013.56335
1690728323626,1013.5664
1690728323665,1013.56793
1690728323705,1013.56647
1690728323730,1013.57324
1690728323767,1013.5805
1690728323807,1013.5827
1690728323827,1013.57556
1690728323868,1013.57446
1690728323906,1013.57086
1690728323928,1013.5763
1690728323966,1013.5847
1690728324007,1013.5878
1690728324026,1013.5825
1690728324067,1013.5803
1690728324108,1013.57715
1690728324128,1013.5795
1690728324165,1013.57715
1690728324207,1013.5683
1690728324228,1013.56555
1690728324267,1013.5605
1690728324307,1013.5663
1690728324326,1013.56964
1690728324365,1013.577
1690728324406,1013.56335
1690728324428,1013.56464
1690728324467,1013.5727
1690728324507,1013.57263
1690728324525,1013.56995
1690728324565,1013.5747
1690728324606,1013.57
1690728324625,1013.56604
1690728324665,1013.56805
1690728324705,1013.5611
1690728324726,1013.5703
1690728324765,1013.56665
1690728324806,1013.5762
1690728324831,1013.5852
1690728324866,1013.5827
1690728324905,1013.59045
1690728324927,1013.5895
1690728324967,1013.58624
1690728325005,1013.5842
1690728325026,1013.5779
1690728325066,1013.5762
1690728325105,1013.5817
1690728325125,1013.5876
1690728325164,1013.5831
1690728325205,1013.5763
1690728325226,1013.5848
1690728325265,1013.5858
1690728325306,1013.58545
1690728325327,1013.58344
1690728325367,1013.5847
1690728325406,1013.587
1690728325426,1013.59296
1690728325466,1013.59875
1690728325508,1013.5959
1690728325526,1013.5884
1690728325565,1013.58105
1690728325607,1013.5781
1690728325625,1013.5735
1690728325666,1013.5692
1690728325705,1013.57117
1690728325726,1013.5698
1690728325765,1013.5776
1690728325806,1013.5739
1690728325828,1013.58466
1690728325866,1013.5873
1690728325907,1013.5913
1690728325926,1013.59656
1690728325964,1013.5964
1690728326006,1013.5904
1690728326026,1013.5868
1690728326067,1013.58575
1690728326105,1013.5817
1690728326126,1013.5772
1690728326168,1013.578
1690728326205,1013.57886
1690728326225,1013.57184
1690728326265,1013.5787
1690728326306,1013.58826
1690728326326,1013.5934
1690728326365,1013.58826
1690728326407,1013.58527
1690728326427,1013.57837
1690728326465,1013.57874
1690728326505,1013.5884
1690728326526,1013.5855
1690728326566,1013.5792
1690728326606,1013.5807
1690728326627,1013.57666
1690728326666,1013.5742
1690728326705,1013.5728
1690728326725,1013.5769
1690728326767,1013.58295
1690728326805,1013.57794
1690728326825,1013.57275
1690728326866,1013.5764
1690728326905,1013.57
1690728326926,1013.57635
1690728326965,1013.5714
1690728327005,1013.56885
1690728327025,1013.5745
1690728327067,1013.5755
1690728327106,1013.5768
1690728327124,1013.5786
1690728327165,1013.5791
1690728327204,1013.573
1690728327226,1013.56915
1690728327265,1013.5626
1690728327305,1013.5629
1690728327327,1013.5612
1690728327367,1013.5543
1690728327405,1013.5596
1690728327425,1013.5651
1690728327463,1013.5674
1690728327504,1013.56964
1690728327524,1013.5707
1690728327566,1013.58813
1690728327604,1013.5883
1690728327627,1013.58344
1690728327664,1013.5758
1690728327707,1013.56824
1690728327723,1013.56445
1690728327764,1013.5641
1690728327804,1013.5574
1690728327825,1013.5581
1690728327864,1013.55865
1690728327904,1013.5552
1690728327927,1013.54767
1690728327963,1013.55554
1690728328008,1013.5659
1690728328025,1013.56885
1690728328065,1013.5673
1690728328104,1013.57227
1690728328126,1013.5714
1690728328164,1013.57166
1690728328203,1013.57275
1690728328225,1013.56793
1690728328269,1013.5638
1690728328304,1013.55493
1690728328324,1013.5543
1690728328364,1013.5603
1690728328406,1013.5667
1690728328424,1013.5763
1690728328464,1013.57275
1690728328504,1013.5807
1690728328524,1013.57355
1690728328565,1013.5692
1690728328605,1013.56616
1690728328626,1013.5691
1690728328675,1013.57886
1690728328703,1013.58777
1690728328723,1013.5781
1690728328763,1013.5707
1690728328804,1013.55786
1690728328823,1013.5518
1690728328865,1013.5576
1690728328904,1013.5561
1690728328926,1013.56177
1690728328963,1013.5624
1690728329004,1013.5623
1690728329023,1013.5598
1690728329066,1013.5627
1690728329106,1013.55994
1690728329126,1013.5664
1690728329163,1013.57166
1690728329203,1013.57056
1690728329224,1013.5709
1690728329267,1013.5696
1690728329304,1013.5631
1690728329323,1013.56494
1690728329365,1013.5708
1690728329403,1013.5653
1690728329423,1013.55664
1690728329466,1013.5587
1690728329502,1013.55414
1690728329523,1013.56177
1690728329563,1013.56824
1690728329603,1013.5699
1690728329623,1013.56793
1690728329666,1013.5693
1690728329703,1013.5703
1690728329723,1013.5688
1690728329764,1013.5679
1690728329803,1013.56757
1690728329823,1013.5618
1690728329864,1013.55914
1690728329904,1013.5582
1690728329923,1013.55505
1690728329964,1013.5519
1690728330004,1013.5484
1690728330024,1013.5491
1690728330063,1013.5505
1690728330105,1013.556
1690728330128,1013.55786
1690728330163,1013.55884
1690728330202,1013.5505
1690728330222,1013.5598
1690728330262,1013.5651
1690728330306,1013.561
1690728330323,1013.5609
1690728330363,1013.57056
1690728330404,1013.5604
1690728330423,1013.5526
1690728330463,1013.5464
1690728330504,1013.54193
1690728330525,1013.5349
1690728330562,1013.53827
1690728330604,1013.54004
1690728330626,1013.54193
1690728330661,1013.5476
1690728330703,1013.558
1690728330725,1013.5609
1690728330763,1013.5587
1690728330802,1013.562
1690728330825,1013.5669
1690728330862,1013.5676
1690728330903,1013.56775
1690728330922,1013.5527
1690728330964,1013.55164
1690728331003,1013.55096
1690728331023,1013.5613
1690728331063,1013.5563
1690728331103,1013.5528
1690728331123,1013.54755
1690728331161,1013.55054
1690728331202,1013.5474
1690728331222,1013.55347
1690728331262,1013.5532
1690728331302,1013.55273
1690728331324,1013.54974
1690728331365,1013.5597
1690728331404,1013.56134
1690728331425,1013.55835
1690728331463,1013.558
1690728331502,1013.56006
1690728331522,1013.56006
1690728331562,1013.5603
1690728331603,1013.56134
1690728331622,1013.5579
1690728331662,1013.5531
1690728331701,1013.5556
1690728331722,1013.55475
1690728331762,1013.55347
1690728331802,1013.5513
1690728331823,1013.55963
1690728331862,1013.55597
1690728331902,1013.5615
1690728331921,1013.5705
1690728331962,1013.57227
1690728332004,1013.5698
1690728332024,1013.55597
1690728332062,1013.5526
1690728332102,1013.55566
1690728332122,1013.5585
1690728332163,1013.5537
1690728332201,1013.5526
1690728332222,1013.5538
1690728332262,1013.5537
1690728332301,1013.5569
1690728332322,1013.5646
1690728332362,1013.56165
1690728332403,1013.56104
1690728332423,1013.5657
1690728332462,1013.567
1690728332502,1013.564
1690728332521,1013.55536
1690728332561,1013.5534
1690728332602,1013.5539
1690728332624,1013.5485
1690728332663,1013.5464
1690728332703,1013.5362
1690728332721,1013.53674
1690728332764,1013.5351
1690728332803,1013.5448
1690728332822,1013.54926
1690728332864,1013.5543
1690728332904,1013.563
1690728332922,1013.5535
1690728332961,1013.55975
1690728333003,1013.55444
1690728333023,1013.5554
1690728333064,1013.545
1690728333104,1013.53656
1690728333123,1013.5326
1690728333160,1013.53394
1690728333200,1013.54236
1690728333222,1013.5492
1690728333264,1013.5465
1690728333302,1013.5464
1690728333322,1013.544
1690728333362,1013.5494
1690728333402,1013.551
1690728333421,1013.5618
1690728333462,1013.56104
1690728333503,1013.5585
1690728333520,1013.5563
1690728333564,1013.56036
1690728333602,1013.56165
1690728333622,1013.56213
1690728333660,1013.55725
1690728333700,1013.55176
1690728333720,1013.5507
1690728333762,1013.553
1690728333801,1013.5559
1690728333822,1013.5578
1690728333861,1013.5584
1690728333900,1013.56
1690728333920,1013.55554
1690728333961,1013.55646
1690728334003,1013.56
1690728334023,1013.5594
1690728334061,1013.5515
1690728334101,1013.55505
1690728334123,1013.55566
1690728334163,1013.5539
1690728334200,1013.551
1690728334222,1013.5412
1690728334263,1013.53564
1690728334301,1013.5421
1690728334321,1013.54254
1690728334362,1013.5398
1690728334403,1013.5307
1690728334421,1013.53235
1690728334460,1013.5338
1690728334501,1013.5354
1690728334523,1013.5444
1690728334560,1013.54443
1690728334602,1013.5399
1690728334621,1013.5536
1690728334663,1013.564
1690728334699,1013.56616
1690728334720,1013.5608
1690728334761,1013.55914
1690728334801,1013.5513
1690728334823,1013.5474
1690728334860,1013.54236
1690728334902,1013.5411
1690728334920,1013.5453
1690728334964,1013.5398
1690728335000,1013.54034
1690728335021,1013.54443
1690728335063,1013.53894
1690728335100,1013.5452
1690728335121,1013.5508
1690728335167,1013.5481
1690728335199,1013.54504
1690728335219,1013.5436
1690728335260,1013.54834
1690728335300,1013.55286
1690728335321,1013.5465
1690728335361,1013.55096
1690728335403,1013.55225
1690728335421,1013.5522
1690728335460,1013.55225
1690728335501,1013.546
1690728335522,1013.54346
1690728335561,1013.54407
1690728335600,1013.54626
1690728335621,1013.5439
1690728335672,1013.5441
1690728335699,1013.5425
1690728335719,1013.54047
1690728335763,1013.54254
1690728335799,1013.53973
1690728335820,1013.53186
1690728335860,1013.5332
1690728335900,1013.533
1690728335920,1013.53644
1690728335961,1013.52905
1690728336002,1013.5229
1690728336021,1013.5235
1690728336061,1013.5347
1690728336101,1013.5421
1690728336122,1013.54346
1690728336162,1013.54553
1690728336199,1013.54645
1690728336218,1013.551
1690728336259,1013.5557
1690728336300,1013.55383
1690728336322,1013.552
1690728336362,1013.5594
1690728336400,1013.5572
1690728336423,1013.55225
1690728336461,1013.55475
1690728336500,1013.5555
1690728336521,1013.54614
1690728336561,1013.5504
1690728336599,1013.554
1690728336619,1013.5543
1690728336662,1013.55023
1690728336699,1013.55585
1690728336720,1013.5549
1690728336764,1013.5507
1690728336800,1013.5459
1690728336820,1013.54645
1690728336860,1013.5347
1690728336900,1013.5262
1690728336921,1013.53375
1690728336959,1013.53174
1690728337000,1013.5303
1690728337019,1013.5262
1690728337059,1013.53314
1690728337101,1013.53503
1690728337119,1013.5412
1690728337159,1013.53674
1690728337198,1013.5459
1690728337219,1013.5513
1690728337264,1013.5571
1690728337300,1013.5567
1690728337320,1013.5475
1690728337359,1013.5465
1690728337401,1013.55646
1690728337419,1013.5566
1690728337459,1013.55664
1690728337501,1013.5486
1690728337520,1013.54224
1690728337559,1013.539
1690728337599,1013.5317
1690728337618,1013.52954
1690728337663,1013.5238
1690728337699,1013.5296
1690728337719,1013.53705
1690728337760,1013.53687
1690728337799,1013.53296
1690728337819,1013.54315
1690728337863,1013.55145
1690728337898,1013.5513
1690728337920,1013.55286
1690728337959,1013.5518
1690728337998,1013.5451
1690728338018,1013.5495
1690728338060,1013.542
1690728338104,1013.5444
1690728338118,1013.5397
1690728338158,1013.53064
1690728338197,1013.524
1690728338218,1013.5226
1690728338259,1013.5267
1690728338299,1013.5291
1690728338319,1013.5364
1690728338358,1013.53925
1690728338399,1013.5465
1690728338419,1013.5489
1690728338458,1013.5482
1690728338499,1013.54755
1690728338520,1013.5453
1690728338558,1013.5606
1690728338599,1013.5512
1690728338619,1013.5456
1690728338660,1013.53613
1690728338698,1013.52966
1690728338717,1013.52936
1690728338759,1013.5356
1690728338799,1013.53546
1690728338820,1013.536
1690728338859,1013.52606
1690728338898,1013.5324
1690728338918,1013.53687
1690728338958,1013.5348
1690728338998,1013.53516
1690728339019,1013.53357
1690728339063,1013.5294
1690728339098,1013.5332
1690728339118,1013.52783
1690728339159,1013.5313
1690728339197,1013.52686
1690728339217,1013.52264
1690728339258,1013.5288
1690728339299,1013.52905
1690728339319,1013.52637
1690728339359,1013.5201
1690728339399,1013.5187
1690728339419,1013.52625
1690728339459,1013.5245
1690728339500,1013.5314
1690728339520,1013.5419
1690728339558,1013.5397
1690728339598,1013.52783
1690728339619,1013.5228
1690728339657,1013.5308
1690728339697,1013.5227
1690728339717,1013.53156
1690728339758,1013.54126
1690728339800,1013.5477
1690728339818,1013.5331
1690728339858,1013.523
1690728339897,1013.5123
1690728339919,1013.514
1690728339957,1013.5107
1690728339999,1013.52673
1690728340019,1013.53406
1690728340057,1013.5252
1690728340096,1013.5246
1690728340118,1013.53735
1690728340157,1013.53827
1690728340198,1013.5341
1690728340219,1013.53296
1690728340258,1013.5276
1690728340297,1013.5263
1690728340317,1013.52924
1690728340358,1013.53314
1690728340399,1013.53143
1690728340419,1013.5262
1690728340458,1013.51807
1690728340497,1013.52466
1690728340518,1013.5294
1690728340557,1013.5389
1690728340598,1013.5375
1690728340618,1013.5368
1690728340657,1013.53284
1690728340697,1013.52856
1690728340716,1013.5374
1690728340760,1013.537
1690728340797,1013.53394
1690728340818,1013.5368
1690728340857,1013.53314
1690728340898,1013.5311
1690728340920,1013.5199
1690728340960,1013.52155
1690728340997,1013.52075
1690728341016,1013.5208
1690728341057,1013.52563
1690728341097,1013.52655
1690728341117,1013.53436
1690728341157,1013.5256
1690728341196,1013.5266
1690728341216,1013.5263
1690728341258,1013.52795
1690728341300,1013.5268
1690728341316,1013.52686
1690728341357,1013.5236
1690728341397,1013.51984
1690728341417,1013.52545
1690728341460,1013.5231
1690728341499,1013.5211
1690728341518,1013.5138
1690728341556,1013.5131
1690728341597,1013.5141
1690728341616,1013.5118
1690728341660,1013.5152
1690728341696,1013.5196
1690728341716,1013.5205
1690728341757,1013.52106
1690728341796,1013.5376
1690728341816,1013.5304
1690728341857,1013.5293
1690728341896,1013.52295
1690728341917,1013.5278
1690728341957,1013.52527
1690728341996,1013.5142
1690728342016,1013.5195
1690728342057,1013.5105
1690728342096,1013.5162
1690728342116,1013.511
1690728342156,1013.5109
1690728342196,1013.50244
1690728342215,1013.5044
1690728342256,1013.5104
1690728342297,1013.51086
1690728342317,1013.5202
1690728342357,1013.51355
1690728342395,1013.511
1690728342416,1013.5105
1690728342458,1013.51544
1690728342497,1013.52234
1690728342516,1013.52
1690728342558,1013.51746
1690728342597,1013.5117
1690728342616,1013.5071
1690728342656,1013.51056
1690728342695,1013.5227
1690728342715,1013.52637
1690728342757,1013.53033
1690728342796,1013.5315
1690728342839,1013.53467
1690728342856,1013.53723
1690728342897,1013.5401
1690728342917,1013.5234
1690728342956,1013.5188
1690728342996,1013.5201
1690728343037,1013.52856
1690728343058,1013.52246
1690728343097,1013.5218
1690728343116,1013.5198
1690728343155,1013.5105
1690728343196,1013.5204
1690728343239,1013.5319
1690728343255,1013.5243
1690728343297,1013.525
1690728343317,1013.5261
1690728343356,1013.52264
1690728343395,1013.52216
1690728343437,1013.5197
1690728343455,1013.5176
1690728343503,1013.5104
1690728343537,1013.50903
1690728343556,1013.5106
1690728343596,1013.50275
1690728343636,1013.50415
1690728343654,1013.5107
1690728343696,1013.51355
1690728343736,1013.5198
1690728343756,1013.52527
1690728343796,1013.52856
1690728343836,1013.5347
1690728343855,1013.5405
1690728343897,1013.53644
1690728343935,1013.5265
1690728343956,1013.53674
1690728343997,1013.5399
1690728344036,1013.52893
1690728344058,1013.5238
1690728344099,1013.52545
1690728344134,1013.51825
1690728344157,1013.51587
1690728344195,1013.51605
1690728344234,1013.51526
1690728344254,1013.5237
1690728344296,1013.5112
1690728344337,1013.5251
1690728344355,1013.5327
1690728344396,1013.53064
1690728344438,1013.52747
1690728344455,1013.5272
1690728344496,1013.5185
1690728344537,1013.50964
1690728344555,1013.4994
1690728344598,1013.49194
1690728344636,1013.49725
1690728344655,1013.5123
1690728344695,1013.507
1690728344735,1013.49695
1690728344755,1013.5006
1690728344797,1013.5019
1690728344836,1013.50433
1690728344855,1013.51385
1690728344895,1013.5172
1690728344935,1013.52094
1690728344956,1013.5228
1690728344995,1013.52374
1690728345035,1013.5205
1690728345056,1013.5183
1690728345095,1013.5203
1690728345135,1013.51843
1690728345155,1013.51526
1690728345197,1013.5137
1690728345234,1013.5088
1690728345255,1013.5092
1690728345295,1013.5065
1690728345334,1013.5063
1690728345356,1013.5086
1690728345396,1013.50745
1690728345436,1013.50696
1690728345455,1013.5203
1690728345494,1013.51807
1690728345536,1013.5148
1690728345556,1013.5255
1690728345599,1013.52637
1690728345635,1013.5145
1690728345654,1013.50195
1690728345695,1013.4986
1690728345735,1013.50256
1690728345755,1013.5056
1690728345795,1013.49426
1690728345836,1013.50464
1690728345856,1013.50287
1690728345895,1013.5011
1690728345935,1013.49774
1690728345957,1013.50244
1690728345995,1013.5039
1690728346035,1013.50726
1690728346056,1013.5075
1690728346095,1013.50507
1690728346135,1013.5115
1690728346156,1013.5157
1690728346193,1013.51447
1690728346234,1013.49774
1690728346254,1013.5088
1690728346294,1013.5039
1690728346335,1013.5045
1690728346356,1013.49817
1690728346395,1013.50836
1690728346435,1013.51874
1690728346454,1013.5061
1690728346494,1013.51154
1690728346535,1013.52344
1690728346555,1013.5174
1690728346595,1013.5183
1690728346635,1013.52167
1690728346655,1013.5235
1690728346693,1013.5265
1690728346733,1013.5275
1690728346753,1013.5214
1690728346793,1013.5165
1690728346835,1013.51196
1690728346854,1013.5022
1690728346894,1013.4961
1690728346934,1013.4903
1690728346957,1013.499
1690728346994,1013.5059
1690728347034,1013.5108
1690728347053,1013.521
1690728347095,1013.52264
1690728347135,1013.5094
1690728347154,1013.51025
1690728347193,1013.5064
1690728347234,1013.51276
1690728347254,1013.5123
1690728347293,1013.5151
1690728347335,1013.5218
1690728347355,1013.51245
1690728347395,1013.50726
1690728347434,1013.4951
1690728347454,1013.4987
1690728347495,1013.50525
1690728347534,1013.5007
1690728347553,1013.50244
1690728347593,1013.5088
1690728347633,1013.5078
1690728347654,1013.5176
1690728347695,1013.5178
1690728347733,1013.5094
1690728347753,1013.50616
1690728347794,1013.5065
1690728347833,1013.5122
1690728347854,1013.51135
1690728347894,1013.5089
1690728347935,1013.5033
1690728347954,1013.50256
1690728347995,1013.4971
1690728348034,1013.50555
1690728348054,1013.49945
1690728348093,1013.50385
1690728348134,1013.5055
1690728348155,1013.5163
1690728348192,1013.5188
1690728348232,1013.51355
1690728348252,1013.5182
1690728348293,1013.51
1690728348334,1013.5045
1690728348354,1013.50165
1690728348394,1013.4962
1690728348435,1013.49475
1690728348453,1013.49713
1690728348493,1013.5005
1690728348535,1013.4977
1690728348554,1013.49316
1690728348594,1013.50146
1690728348634,1013.50934
1690728348655,1013.5163
1690728348695,1013.52454
1690728348733,1013.52423
1690728348754,1013.52264
1690728348795,1013.5239
1690728348834,1013.52
1690728348854,1013.5176
1690728348894,1013.51917
1690728348934,1013.5249
1690728348956,1013.5251
1690728348994,1013.5173
1690728349032,1013.5155
1690728349053,1013.5084
1690728349092,1013.50525
1690728349134,1013.5154
1690728349153,1013.5213
1690728349194,1013.5282
1690728349232,1013.5218
1690728349253,1013.5237
1690728349294,1013.52814
1690728349333,1013.5172
1690728349353,1013.5154
1690728349393,1013.5135
1690728349432,1013.5091
1690728349452,1013.50946
1690728349492,1013.49756
1690728349532,1013.49744
1690728349553,1013.50366
1690728349592,1013.5103
1690728349635,1013.50543
1690728349654,1013.50757
1690728349692,1013.5078
1690728349732,1013.5122
1690728349753,1013.5244
1690728349792,1013.52325
1690728349833,1013.5232
1690728349852,1013.5195
1690728349893,1013.5194
1690728349932,1013.5165
1690728349953,1013.5209
1690728349992,1013.5139
1690728350036,1013.51624
1690728350054,1013.51306
1690728350093,1013.5081
1690728350134,1013.512
1690728350152,1013.5142
1690728350193,1013.51886
1690728350231,1013.52246
1690728350250,1013.52734
1690728350295,1013.5403
1690728350332,1013.5439
1690728350353,1013.53436
1690728350393,1013.528
1690728350436,1013.52747
1690728350453,1013.53394
1690728350492,1013.53546
1690728350534,1013.52856
1690728350553,1013.52515
1690728350591,1013.5258
1690728350633,1013.52716
1690728350654,1013.51605
1690728350694,1013.521
1690728350731,1013.5245
1690728350751,1013.5257
1690728350795,1013.5315
1690728350832,1013.53357
1690728350853,1013.528
1690728350892,1013.528
1690728350933,1013.5297
1690728350951,1013.5355
1690728350992,1013.5264
1690728351033,1013.51465
1690728351053,1013.50836
1690728351092,1013.514
1690728351132,1013.5192
1690728351152,1013.5071
1690728351193,1013.50745
1690728351231,1013.505
1690728351252,1013.50165
1690728351292,1013.5031
1690728351331,1013.50635
1690728351351,1013.50757
1690728351392,1013.5199
1690728351434,1013.5169
1690728351453,1013.5338
1690728351491,1013.53186
1690728351531,1013.53253
1690728351551,1013.5246
1690728351592,1013.52
1690728351632,1013.518
1690728351657,1013.5061
1690728351691,1013.50665
1690728351730,1013.5044
1690728351750,1013.5085
1690728351791,1013.5122
1690728351832,1013.51556
1690728351852,1013.5256
1690728351893,1013.5299
1690728351932,1013.5382
1690728351951,1013.53284
1690728351992,1013.5325
1690728352032,1013.5292
1690728352051,1013.52325
1690728352091,1013.5178
1690728352130,1013.52216
1690728352150,1013.5282
1690728352194,1013.536
1690728352231,1013.5329
1690728352250,1013.5266
1690728352291,1013.5208
1690728352330,1013.5127
1690728352350,1013.51013
1690728352390,1013.5111
1690728352432,1013.51984
1690728352455,1013.52277
1690728352490,1013.52313
1690728352535,1013.5277
1690728352550,1013.5254
1690728352592,1013.52795
1690728352633,1013.53906
1690728352652,1013.53357
1690728352692,1013.5393
1690728352730,1013.54114
1690728352749,1013.5383
1690728352790,1013.5299
1690728352830,1013.5284
1690728352850,1013.52704
1690728352892,1013.52356
1690728352931,1013.528
1690728352950,1013.5332
1690728352990,1013.5327
1690728353033,1013.5262
1690728353052,1013.53357
1690728353090,1013.54156
1690728353133,1013.5418
1690728353153,1013.5438
1690728353190,1013.5309
1690728353229,1013.52795
1690728353250,1013.52563
1690728353293,1013.5349
1690728353333,1013.5304
1690728353350,1013.53766
1690728353390,1013.52905
1690728353430,1013.5245
1690728353452,1013.51935
1690728353490,1013.5254
1690728353529,1013.52997
1690728353555,1013.53015
1690728353591,1013.52893
1690728353631,1013.5227
1690728353650,1013.53
1690728353690,1013.5332
1690728353730,1013.54987
1690728353749,1013.5397
1690728353789,1013.53235
1690728353830,1013.52216
1690728353853,1013.525
1690728353889,1013.5271
1690728353932,1013.5317
1690728353950,1013.5354
1690728353995,1013.5348
1690728354031,1013.5364
1690728354049,1013.53296
1690728354089,1013.54285
1690728354132,1013.54254
1690728354151,1013.54297
1690728354190,1013.5365
1690728354230,1013.5347
1690728354248,1013.5415
1690728354289,1013.5435
1690728354330,1013.54407
1690728354351,1013.53845
1690728354393,1013.53455
1690728354429,1013.5295
1690728354450,1013.5228
1690728354490,1013.5266
1690728354535,1013.52924
1690728354549,1013.52795
1690728354589,1013.5299
1690728354630,1013.5193
1690728354650,1013.52155
1690728354690,1013.5333
1690728354730,1013.5415
1690728354750,1013.5387
1690728354789,1013.53937
1690728354833,1013.53894
1690728354849,1013.54114
1690728354891,1013.5453
1690728354930,1013.5387
1690728354952,1013.5305
1690728354989,1013.53424
1690728355035,1013.52905
1690728355049,1013.5231
1690728355088,1013.52765
1690728355130,1013.5347
1690728355150,1013.5299
1690728355192,1013.5319
1690728355231,1013.542
1690728355248,1013.5466
1690728355288,1013.5405
1690728355329,1013.532
1690728355350,1013.5248
1690728355391,1013.5284
1690728355429,1013.5398
1690728355450,1013.55334
1690728355490,1013.541
1690728355530,1013.5297
1690728355553,1013.5336
1690728355589,1013.53455
1690728355630,1013.5415
1690728355651,1013.54785
1690728355690,1013.54126
1690728355729,1013.5369
1690728355749,1013.5338
1690728355790,1013.5352
1690728355828,1013.5369
1690728355849,1013.53143
1690728355888,1013.5376
1690728355929,1013.54675
1690728355949,1013.5457
1690728355989,1013.5446
1690728356028,1013.5516
1690728356050,1013.54376
1690728356089,1013.5428
1690728356130,1013.54846
1690728356148,1013.55316
1690728356189,1013.5458
1690728356229,1013.5443
1690728356248,1013.5503
1690728356289,1013.55286
1690728356332,1013.55206
1690728356348,1013.5518
1690728356389,1013.5508
1690728356429,1013.54517
1690728356454,1013.5596
1690728356490,1013.55804
1690728356529,1013.53735
1690728356551,1013.53467
1690728356588,1013.54065
1690728356631,1013.537
1690728356650,1013.5403
1690728356690,1013.53906
1690728356728,1013.53656
1690728356747,1013.54395
1690728356788,1013.5428
1690728356828,1013.5486
1690728356848,1013.5515
1690728356888,1013.543
1690728356928,1013.5502
1690728356952,1013.5559
1690728356987,1013.54706
1690728357030,1013.5383
1690728357050,1013.536
1690728357088,1013.52893
1690728357130,1013.53564
1690728357149,1013.5396
1690728357188,1013.54614
1690728357228,1013.55084
1690728357247,1013.5426
1690728357288,1013.5447
1690728357327,1013.54443
1690728357348,1013.5563
1690728357388,1013.55725
1690728357430,1013.56714
1690728357448,1013.56177
1690728357487,1013.54517
1690728357528,1013.5446
1690728357547,1013.5464
1690728357588,1013.5467
1690728357630,1013.5462
1690728357649,1013.5487
1690728357688,1013.5404
1690728357727,1013.53955
1690728357747,1013.53766
1690728357787,1013.54584
1690728357829,1013.544
1690728357848,1013.55804
1690728357888,1013.5651
1690728357927,1013.5673
1690728357947,1013.5646
1690728357989,1013.55994
1690728358030,1013.55853
1690728358047,1013.5459
1690728358089,1013.5332
1690728358129,1013.532
1690728358147,1013.5274
1690728358188,1013.53174
1690728358227,1013.5355
1690728358248,1013.5373
1690728358288,1013.5311
1690728358328,1013.53375
1690728358348,1013.5311
1690728358387,1013.5376
1690728358428,1013.5368
1690728358447,1013.53845
1690728358488,1013.5381
1690728358527,1013.5395
1690728358547,1013.53595
1690728358587,1013.5314
1690728358628,1013.5362
1690728358649,1013.5387
1690728358688,1013.5391
1690728358726,1013.5336
1690728358746,1013.53577
1690728358787,1013.5277
1690728358827,1013.5245
1690728358847,1013.5294
1690728358889,1013.5369
1690728358926,1013.5416
1690728358947,1013.54315
1690728358988,1013.5302
1690728359028,1013.5372
1690728359049,1013.542
1690728359087,1013.5487
1690728359126,1013.5452
1690728359147,1013.5371
1690728359189,1013.5342
1690728359226,1013.5268
1690728359247,1013.51404
1690728359287,1013.51086
1690728359327,1013.5149
1690728359347,1013.52466
1690728359388,1013.5165
1690728359430,1013.51764
1690728359451,1013.5233
1690728359487,1013.53125
1690728359526,1013.5292
1690728359547,1013.53845
1690728359588,1013.5464
1690728359627,1013.54926
1690728359647,1013.5363
1690728359688,1013.534
1690728359726,1013.528
1690728359745,1013.5196
1690728359787,1013.5196
1690728359828,1013.5234
1690728359847,1013.517
1690728359887,1013.5145
1690728359927,1013.5129
1690728359950,1013.52094
1690728359986,1013.51935
1690728360028,1013.5194
1690728360046,1013.5269
1690728360088,1013.5225
1690728360125,1013.52783
1690728360148,1013.53674
1690728360186,1013.53705
1690728360225,1013.5289
1690728360245,1013.5177
1690728360286,1013.5147
1690728360327,1013.51624
1690728360346,1013.5114
1690728360386,1013.5258
1690728360426,1013.5237
1690728360447,1013.5217
1690728360486,1013.5238
1690728360526,1013.5311
1690728360548,1013.5354
1690728360586,1013.54443
1690728360627,1013.54834
1690728360646,1013.5469
1690728360685,1013.5281
1690728360726,1013.5242
1690728360745,1013.5303
1690728360794,1013.5275
1690728360832,1013.5288
1690728360846,1013.52484
1690728360889,1013.52814
1690728360926,1013.5319
1690728360946,1013.5331
1690728360986,1013.5391
1690728361031,1013.5362
1690728361049,1013.53284
1690728361087,1013.5292
1690728361127,1013.53345
1690728361148,1013.53186
1690728361186,1013.52875
1690728361226,1013.53406
1690728361249,1013.53357
1690728361285,1013.52594
1690728361328,1013.5306
1690728361346,1013.52734
1690728361385,1013.51953
1690728361428,1013.5158
1690728361447,1013.5194
1690728361487,1013.5163
1690728361526,1013.5189
1690728361545,1013.5246
1690728361586,1013.52466
1690728361630,1013.5355
1690728361646,1013.5377
1690728361685,1013.5354
1690728361734,1013.52997
1690728361745,1013.5203
1690728361786,1013.5251
1690728361828,1013.5225
1690728361846,1013.5268
1690728361886,1013.5337
1690728361927,1013.53864
1690728361947,1013.5255
1690728361985,1013.5246
1690728362025,1013.51794
1690728362045,1013.508
1690728362085,1013.52
1690728362126,1013.5308
1690728362145,1013.5304
1690728362185,1013.528
1690728362226,1013.5269
1690728362246,1013.5165
1690728362284,1013.51666
1690728362337,1013.52136
1690728362348,1013.5157
1690728362384,1013.5175
1690728362424,1013.52234
1690728362444,1013.5216
1690728362489,1013.5133
1690728362525,1013.51337
1690728362546,1013.5069
1690728362586,1013.50867
1690728362627,1013.5208
1690728362644,1013.52527
1690728362685,1013.52747
1690728362732,1013.5281
1690728362745,1013.532
1690728362785,1013.52783
1690728362835,1013.5205
1690728362847,1013.5243
1690728362887,1013.52374
1690728362924,1013.52246
1690728362945,1013.5245
1690728362987,1013.5205
1690728363028,1013.52014
1690728363046,1013.5166
1690728363087,1013.51843
1690728363129,1013.51184
1690728363145,1013.5158
1690728363185,1013.51825
1690728363224,1013.52686
1690728363245,1013.52844
1690728363285,1013.54016
1690728363327,1013.5459
1690728363344,1013.54175
1690728363385,1013.52655
1690728363427,1013.5238
1690728363446,1013.5278
1690728363487,1013.52765
1690728363524,1013.52405
1690728363545,1013.5282
1690728363585,1013.5215
1690728363625,1013.5089
1690728363648,1013.5068
1690728363685,1013.51465
1690728363726,1013.52
1690728363745,1013.5236
1690728363784,1013.5347
1690728363833,1013.54114
1690728363845,1013.5318
1690728363885,1013.5393
1690728363924,1013.5411
1690728363946,1013.53204
1690728363985,1013.5297
1690728364027,1013.5251
1690728364046,1013.52246
1690728364084,1013.5197
1690728364124,1013.52515
1690728364145,1013.5242
1690728364186,1013.522
1690728364226,1013.5278
1690728364244,1013.52795
1690728364284,1013.53534
1690728364335,1013.5354
1690728364345,1013.5325
1690728364384,1013.53986
1690728364425,1013.5471
1690728364445,1013.5404
1690728364484,1013.5408
1690728364525,1013.5392
1690728364545,1013.5315
1690728364586,1013.52905
1690728364624,1013.53107
1690728364644,1013.53705
1690728364685,1013.5353
1690728364728,1013.53204
1690728364763,1013.53467
1690728364783,1013.5366
1690728364829,1013.5353
1690728364843,1013.53516
1690728364886,1013.5371
1690728364924,1013.5396
1690728364964,1013.5332
1690728364985,1013.53217
1690728365025,1013.5284
1690728365065,1013.52344
1690728365083,1013.52075
1690728365124,1013.52893
1690728365164,1013.5361
1690728365185,1013.5337
1690728365224,1013.53467
1690728365264,1013.5463
1690728365283,1013.5481
1690728365324,1013.54755
1690728365364,1013.5502
1690728365383,1013.5458
1690728365425,1013.54535
1690728365465,1013.54816
1690728365483,1013.54987
1690728365526,1013.54474
1690728365564,1013.5469
1690728365585,1013.5479
1690728365627,1013.53955
1690728365664,1013.5402
1690728365683,1013.53723
1690728365724,1013.5446
1690728365767,1013.5508
1690728365784,1013.5543
1690728365823,1013.55383
1690728365863,1013.56177
1690728365887,1013.5642
1690728365925,1013.5592
1690728365964,1013.5583
1690728365984,1013.55786
1690728366025,1013.56396
1690728366063,1013.5639
1690728366089,1013.55505
1690728366124,1013.54706
1690728366164,1013.55365
1690728366185,1013.548
1690728366223,1013.55066
1690728366244,1013.5513
1690728366283,1013.54443
1690728366324,1013.54266
1690728366365,1013.54553
1690728366386,1013.5435
1690728366424,1013.5419
1690728366464,1013.5377
1690728366483,1013.5464
1690728366528,1013.5475
1690728366563,1013.5493
1690728366583,1013.5567
1690728366623,1013.56506
1690728366665,1013.56415
1690728366683,1013.55365
1690728366724,1013.556
1690728366763,1013.5473
1690728366782,1013.5563
1690728366824,1013.5492
1690728366862,1013.5445
1690728366883,1013.5547
1690728366924,1013.55725
1690728366966,1013.5669
1690728366985,1013.5708
1690728367022,1013.57324
1690728367063,1013.5781
1690728367083,1013.574
1690728367125,1013.5808
1690728367166,1013.58453
1690728367183,1013.5774
1690728367224,1013.57605
1690728367262,1013.57666
1690728367281,1013.56445
1690728367323,1013.5621
1690728367364,1013.5535
1690728367382,1013.55853
1690728367424,1013.55835
1690728367463,1013.5632
1690728367484,1013.56256
1690728367523,1013.559
1690728367565,1013.57227
1690728367583,1013.57
1690728367624,1013.5766
1690728367664,1013.5735
1690728367683,1013.5658
1690728367723,1013.5695
1690728367764,1013.56964
1690728367783,1013.5684
1690728367822,1013.5648
1690728367863,1013.56116
1690728367882,1013.5648
1690728367925,1013.56616
1690728367962,1013.5561
1690728367983,1013.55383
1690728368023,1013.557
1690728368061,1013.55695
1690728368082,1013.5707
1690728368126,1013.5762
1690728368163,1013.5784
1690728368181,1013.5839
1690728368225,1013.58386
1690728368264,1013.5857
1690728368281,1013.5809
1690728368322,1013.5771
1690728368363,1013.5659
1690728368382,1013.571
1690728368424,1013.57983
1690728368462,1013.575
1690728368483,1013.5769
1690728368523,1013.5808
1690728368561,1013.58374
1690728368581,1013.57837
1690728368622,1013.5877
1690728368662,1013.5861
1690728368684,1013.5751
1690728368723,1013.5792
1690728368764,1013.5804
1690728368783,1013.5949
1690728368821,1013.5932
1690728368862,1013.57947
1690728368883,1013.57776
1690728368922,1013.5717
1690728368962,1013.5626
1690728368983,1013.56726
1690728369023,1013.57214
1690728369062,1013.57416
1690728369081,1013.56726
1690728369122,1013.56433
1690728369163,1013.56726
1690728369181,1013.5808
1690728369223,1013.58716
1690728369263,1013.59045
1690728369282,1013.5781
1690728369323,1013.56775
1690728369361,1013.5635
1690728369381,1013.5675
1690728369421,1013.5694
1690728369463,1013.574
1690728369483,1013.5765
1690728369525,1013.5678
1690728369562,1013.57074
1690728369581,1013.57574
1690728369621,1013.5692
1690728369662,1013.5687
1690728369682,1013.57916
1690728369722,1013.5752
1690728369764,1013.56964
1690728369780,1013.5767
1690728369820,1013.58496
1690728369861,1013.58075
1690728369883,1013.5801
1690728369923,1013.5739
1690728369962,1013.57495
1690728369981,1013.57385
1690728370023,1013.56573
1690728370062,1013.5664
1690728370081,1013.5718
1690728370121,1013.56555
1690728370160,1013.5636
1690728370181,1013.57
1690728370227,1013.57184
1690728370263,1013.57715
1690728370281,1013.571
1690728370322,1013.56793
1690728370360,1013.5699
1690728370381,1013.57104
1690728370422,1013.57135
1690728370462,1013.56964
1690728370481,1013.57117
1690728370521,1013.576
1690728370562,1013.5756
1690728370585,1013.5722
1690728370620,1013.5739
1690728370662,1013.57556
1690728370682,1013.5745
1690728370724,1013.57166
1690728370764,1013.5727
1690728370780,1013.5669
1690728370820,1013.5612
1690728370865,1013.57477
1690728370880,1013.5685
1690728370921,1013.56714
1690728370961,1013.5658
1690728370982,1013.5596
1690728371021,1013.5514
1690728371062,1013.5536
1690728371081,1013.558
1690728371120,1013.55493
1690728371160,1013.5485
1690728371182,1013.55585
1690728371220,1013.563
1690728371261,1013.557
1690728371281,1013.5582
1690728371320,1013.5624
1690728371362,1013.56415
1690728371381,1013.569
1690728371421,1013.5754
1690728371462,1013.5757
1690728371479,1013.5719
1690728371520,1013.5651
1690728371560,1013.5542
1690728371582,1013.5445
1690728371622,1013.5442
1690728371659,1013.54694
1690728371679,1013.5499
1690728371720,1013.5462
1690728371759,1013.55383
1690728371779,1013.5614
1690728371820,1013.5752
1690728371860,1013.57996
1690728371879,1013.5815
1690728371920,1013.583
1690728371961,1013.5835
1690728371980,1013.56744
1690728372020,1013.56445
1690728372060,1013.5676
1690728372080,1013.5651
1690728372120,1013.56226
1690728372160,1013.56244
1690728372180,1013.57446
1690728372221,1013.572
1690728372259,1013.57434
1690728372279,1013.57306
1690728372319,1013.5698
1690728372361,1013.5732
1690728372380,1013.5875
1690728372420,1013.5895
1690728372460,1013.58264
1690728372482,1013.57245
1690728372520,1013.57776
1690728372562,1013.57306
1690728372580,1013.5724
1690728372620,1013.5646
1690728372661,1013.563
1690728372679,1013.5504
1690728372721,1013.55176
1690728372758,1013.5588
1690728372779,1013.5676
1690728372820,1013.5668
1690728372864,1013.5735
1690728372881,1013.5898
1690728372919,1013.58923
1690728372963,1013.5914
1690728372980,1013.579
1690728373020,1013.56573
1690728373059,1013.5516
1690728373078,1013.5513
1690728373120,1013.5694
1690728373161,1013.57263
1690728373179,1013.56085
1690728373219,1013.5551
1690728373260,1013.5576
1690728373282,1013.5489
1690728373318,1013.543
1690728373361,1013.5361
1690728373379,1013.5436
1690728373421,1013.54956
1690728373459,1013.5493
1690728373479,1013.5537
1690728373521,1013.5519
1690728373560,1013.5541
1690728373580,1013.55176
1690728373620,1013.55664
1690728373658,1013.55524
1690728373680,1013.5583
1690728373720,1013.55634
1690728373760,1013.5541
1690728373778,1013.5491
1690728373818,1013.5536
1690728373860,1013.55585
1690728373879,1013.5523
1690728373918,1013.5585
1690728373960,1013.56464
1690728373979,1013.573
1690728374019,1013.5647
1690728374060,1013.562
1690728374080,1013.5592
1690728374122,1013.5642
1690728374158,1013.5669
1690728374178,1013.56396
1690728374218,1013.564
1690728374259,1013.5559
1690728374278,1013.5614
1690728374322,1013.56226
1690728374359,1013.55084
1690728374378,1013.5458
1690728374419,1013.54504
1690728374459,1013.5491
1690728374478,1013.55164
1690728374520,1013.55554
1690728374558,1013.565
1690728374579,1013.57214
1690728374621,1013.5634
1690728374659,1013.5609
1690728374679,1013.55707
1690728374719,1013.56116
1690728374763,1013.57214
1690728374778,1013.5676
1690728374818,1013.56934
1690728374859,1013.57166
1690728374879,1013.55804
1690728374918,1013.5564
1690728374959,1013.5641
1690728374978,1013.5699
1690728375018,1013.5646
1690728375059,1013.5687
1690728375078,1013.56604
1690728375119,1013.5686
1690728375159,1013.5723
1690728375179,1013.5733
1690728375223,1013.5735
1690728375259,1013.5732
1690728375277,1013.57806
1690728375318,1013.56885
1690728375361,1013.5663
1690728375379,1013.5579
1690728375418,1013.56177
1690728375457,1013.559
1690728375479,1013.5572
1690728375519,1013.5638
1690728375559,1013.5665
1690728375578,1013.5698
1690728375618,1013.5735
1690728375658,1013.5789
1690728375679,1013.5758
1690728375718,1013.58044
1690728375760,1013.57153
1690728375779,1013.568
1690728375817,1013.5691
1690728375865,1013.5687
1690728375879,1013.56665
1690728375921,1013.56445
1690728375958,1013.56024
1690728375978,1013.5571
1690728376018,1013.5555
1690728376059,1013.55963
1690728376077,1013.5669
1690728376119,1013.5795
1690728376157,1013.5798
1690728376178,1013.57324
1690728376218,1013.5752
1690728376260,1013.58813
1690728376278,1013.5794
1690728376318,1013.57465
1690728376358,1013.574
1690728376378,1013.56195
1690728376419,1013.55005
1690728376458,1013.5499
1690728376478,1013.55
1690728376518,1013.5581
1690728376558,1013.5514
1690728376579,1013.5605
1690728376617,1013.56805
1690728376659,1013.5633
1690728376677,1013.56134
1690728376718,1013.57263
1690728376759,1013.57007
1690728376777,1013.5707
1690728376816,1013.5609
1690728376864,1013.5501
1690728376877,1013.5552
1690728376919,1013.555
1690728376961,1013.5491
1690728376977,1013.5459
1690728377017,1013.5475
1690728377057,1013.55945
1690728377078,1013.5467
1690728377117,1013.5467
1690728377158,1013.55347
1690728377178,1013.55615
1690728377217,1013.55994
1690728377256,1013.561
1690728377277,1013.5653
1690728377317,1013.5594
1690728377360,1013.5553
1690728377377,1013.55963
1690728377418,1013.55774
1690728377457,1013.5541
1690728377477,1013.55664
1690728377517,1013.5517
1690728377559,1013.5423
1690728377580,1013.55023
1690728377619,1013.55176
1690728377657,1013.5526
1690728377676,1013.5549
1690728377716,1013.5608
1690728377757,1013.5613
1690728377776,1013.5724
1690728377816,1013.5754
1690728377857,1013.5761
1690728377880,1013.57275
1690728377918,1013.5706
1690728377957,1013.5667
1690728377978,1013.5643
1690728378017,1013.5525
1690728378057,1013.5526
1690728378077,1013.5549
1690728378116,1013.5571
1690728378156,1013.5543
1690728378177,1013.5536
1690728378218,1013.5536
1690728378258,1013.56396
1690728378280,1013.5719
1690728378316,1013.5707
1690728378359,1013.5634
1690728378383,1013.5608
1690728378418,1013.5705
1690728378457,1013.5714
1690728378477,1013.57166
1690728378518,1013.5704
1690728378560,1013.5692
1690728378579,1013.57324
1690728378618,1013.5614
1690728378658,1013.55597
1690728378677,1013.57056
1690728378716,1013.5664
1690728378755,1013.5673
1690728378775,1013.578
1690728378816,1013.5778
1690728378855,1013.56995
1690728378876,1013.5745
1690728378916,1013.56555
1690728378956,1013.5721
1690728378977,1013.5647
1690728379017,1013.55695
1690728379057,1013.56256
1690728379076,1013.56573
1690728379117,1013.56323
1690728379155,1013.56104
1690728379177,1013.56104
1690728379215,1013.56445
1690728379256,1013.57745
1690728379276,1013.57947
1690728379323,1013.58057
1690728379355,1013.58264
1690728379377,1013.5896
1690728379415,1013.58844
1690728379456,1013.5892
1690728379477,1013.5899
1690728379516,1013.5885
1690728379556,1013.5694
1690728379576,1013.564
1690728379616,1013.57135
1690728379656,1013.5714
1690728379681,1013.57214
1690728379716,1013.571
1690728379755,1013.5755
1690728379776,1013.5763
1690728379816,1013.57336
1690728379857,1013.5701
1690728379877,1013.573
1690728379918,1013.572
1690728379956,1013.5784
1690728379976,1013.5797
1690728380016,1013.57074
1690728380056,1013.57275
1690728380076,1013.5771
1690728380117,1013.5652
1690728380157,1013.5679
1690728380176,1013.563
1690728380228,1013.5634
1690728380257,1013.5644
1690728380274,1013.5698
1690728380316,1013.5696
1690728380357,1013.58215
1690728380375,1013.5805
1690728380415,1013.5802
1690728380458,1013.58264
1690728380477,1013.58453
1690728380515,1013.58075
1690728380555,1013.56836
1690728380576,1013.56635
1690728380615,1013.5673
1690728380657,1013.5609
1690728380675,1013.55615
1690728380715,1013.56635
1690728380756,1013.5686
1690728380774,1013.56647
1690728380815,1013.57275
1690728380855,1013.57965
1690728380878,1013.58716
1690728380914,1013.58154
1690728380954,1013.58374
1690728380975,1013.58826
1690728381015,1013.5832
1690728381056,1013.5701
1690728381077,1013.56854
1690728381115,1013.5724
1690728381155,1013.5691
1690728381176,1013.56744
1690728381215,1013.5698
1690728381254,1013.5615
1690728381274,1013.55914
1690728381314,1013.55927
1690728381356,1013.56067
1690728381374,1013.5737
1690728381414,1013.5855
1690728381456,1013.58984
1690728381475,1013.5876
1690728381514,1013.5861
1690728381554,1013.56854
1690728381574,1013.55835
1690728381615,1013.5519
1690728381655,1013.55554
1690728381674,1013.5659
1690728381715,1013.56757
1690728381759,1013.563
1690728381776,1013.55383
1690728381814,1013.5491
1690728381860,1013.54865
1690728381874,1013.5505
1690728381914,1013.55725
1690728381955,1013.5703
1690728381974,1013.5773
1690728382015,1013.5764
1690728382055,1013.5732
1690728382074,1013.5791
1690728382115,1013.57623
1690728382154,1013.5697
1690728382174,1013.5631
1690728382214,1013.5646
1690728382257,1013.55566
1690728382273,1013.5489
1690728382314,1013.55023
1690728382355,1013.5411
1690728382376,1013.53955
1690728382414,1013.5473
1690728382456,1013.54694
1690728382477,1013.5532
1690728382514,1013.5596
1690728382554,1013.55975
1690728382575,1013.5629
1690728382618,1013.5657
1690728382655,1013.55164
1690728382677,1013.5494
1690728382714,1013.5528
1690728382760,1013.55493
1690728382774,1013.55347
1690728382813,1013.55255
1690728382857,1013.55347
1690728382875,1013.55914
1690728382914,1013.5665
1690728382954,1013.55786
1690728382975,1013.5565
1690728383014,1013.5609
1690728383054,1013.5727
1690728383075,1013.57007
1690728383116,1013.573
1690728383156,1013.575
1690728383174,1013.5765
1690728383214,1013.5743
1690728383257,1013.5743
1690728383276,1013.572
1690728383314,1013.56104
1690728383356,1013.55414
1690728383373,1013.5498
1690728383417,1013.5499
1690728383455,1013.5525
1690728383474,1013.56104
1690728383513,1013.57153
1690728383553,1013.5724
1690728383574,1013.56506
1690728383614,1013.5598
1690728383654,1013.57007
1690728383674,1013.57434
1690728383714,1013.5747
1690728383757,1013.5797
1690728383776,1013.57275
1690728383813,1013.5679
1690728383855,1013.5543
1690728383874,1013.5398
1690728383914,1013.5467
1690728383955,1013.55426
1690728383975,1013.5594
1690728384013,1013.5647
1690728384053,1013.5677
1690728384074,1013.5739
1690728384114,1013.5762
1690728384152,1013.57495
1690728384173,1013.5705
1690728384215,1013.57825
1690728384254,1013.5842
1690728384272,1013.5816
1690728384314,1013.5742
1690728384357,1013.56744
1690728384374,1013.5751
1690728384415,1013.58594
1690728384453,1013.5803
1690728384474,1013.5655
1690728384515,1013.5629
1690728384555,1013.56287
1690728384574,1013.5607
1690728384615,1013.5559
1690728384654,1013.5546
1690728384673,1013.56067
1690728384713,1013.57324
1690728384754,1013.58496
1690728384772,1013.5928
1690728384813,1013.5948
1690728384859,1013.5897
1690728384872,1013.57605
1690728384914,1013.5748
1690728384953,1013.57056
1690728384975,1013.5763
1690728385015,1013.5729
1690728385053,1013.57434
1690728385075,1013.5701
1690728385115,1013.5681
1690728385154,1013.5735
1690728385176,1013.5783
1690728385214,1013.5823
1690728385253,1013.5753
1690728385275,1013.577
1690728385313,1013.58954
1690728385352,1013.5835
1690728385374,1013.58997
1690728385414,1013.5907
1690728385454,1013.58777
1690728385473,1013.5861
1690728385515,1013.58014
1690728385553,1013.5827
1690728385575,1013.5847
1690728385615,1013.582
1690728385653,1013.58026
1690728385674,1013.57983
1690728385714,1013.5848
1690728385753,1013.5833
1690728385773,1013.592
1690728385812,1013.5898
1690728385852,1013.5907
1690728385876,1013.594
1690728385912,1013.5989
1690728385954,1013.592
1690728385973,1013.5934
1690728386014,1013.59357
1690728386054,1013.5926
1690728386072,1013.5949
1690728386111,1013.59973
1690728386152,1013.5989
1690728386173,1013.59717
1690728386214,1013.5935
1690728386252,1013.5958
1690728386274,1013.60254
1690728386311,1013.60284
1690728386352,1013.60815
1690728386374,1013.61206
1690728386412,1013.6097
1690728386453,1013.6155
1690728386492,1013.61694
1690728386512,1013.6163
1690728386553,1013.6072
1690728386572,1013.60596
1690728386611,1013.6082
1690728386653,1013.5991
1690728386692,1013.59375
1690728386711,1013.58844
1690728386753,1013.59314
1690728386795,1013.5984
1690728386813,1013.5923
1690728386851,1013.59033
1690728386894,1013.5892
1690728386912,1013.59326
1690728386953,1013.5904
1690728386992,1013.5908
1690728387014,1013.5939
1690728387052,1013.5964
1690728387092,1013.59784
1690728387113,1013.585
1690728387152,1013.5747
1690728387192,1013.5708
1690728387213,1013.57263
1690728387252,1013.5797
1690728387293,1013.57983
1690728387310,1013.57935
1690728387352,1013.5769
1690728387392,1013.5812
1690728387414,1013.5898
1690728387451,1013.5927
1690728387493,1013.59863
1690728387513,1013.5992
1690728387555,1013.59985
1690728387592,1013.6011
1690728387613,1013.5956
1690728387651,1013.5992
1690728387693,1013.6057
1690728387712,1013.5955
1690728387752,1013.58813
1690728387790,1013.58905
1690728387810,1013.59625
1690728387851,1013.5999
1690728387891,1013.5973
1690728387912,1013.6001
1690728387954,1013.6059
1690728387991,1013.61316
1690728388012,1013.6169
1690728388055,1013.6089
1690728388092,1013.6181
1690728388113,1013.61584
1690728388154,1013.6044
1690728388194,1013.59845
1690728388211,1013.59875
1690728388254,1013.6025
1690728388290,1013.60596
1690728388310,1013.5961
1690728388351,1013.59546
1690728388392,1013.60266
1690728388410,1013.60815
1690728388454,1013.60144
1690728388493,1013.5956
1690728388513,1013.61096
1690728388553,1013.6113
1690728388597,1013.6078
1690728388611,1013.603
1690728388651,1013.61066
1690728388691,1013.61224
1690728388713,1013.60767
1690728388750,1013.612
1690728388790,1013.61053
1690728388809,1013.6095
1690728388850,1013.6031
1690728388891,1013.6084
1690728388912,1013.5981
1690728388951,1013.6011
1690728388991,1013.5974
1690728389013,1013.6075
1690728389051,1013.6043
1690728389093,1013.60535
1690728389110,1013.5985
1690728389153,1013.6012
1690728389191,1013.6035
1690728389210,1013.59985
1690728389252,1013.59454
1690728389294,1013.5966
1690728389309,1013.59656
1690728389350,1013.5962
1690728389389,1013.5943
1690728389412,1013.59546
1690728389451,1013.5877
1690728389491,1013.5781
1690728389514,1013.57715
1690728389551,1013.57196
1690728389591,1013.5748
1690728389612,1013.58374
1690728389651,1013.5808
1690728389690,1013.58234
1690728389710,1013.588
1690728389752,1013.59235
1690728389794,1013.603
1690728389812,1013.60095
1690728389849,1013.60254
1690728389890,1013.59393
1690728389913,1013.57874
1690728389949,1013.57715
1690728389992,1013.56995
1690728390012,1013.5765
1690728390054,1013.5668
1690728390091,1013.56696
1690728390110,1013.56396
1690728390154,1013.5675
1690728390189,1013.5707
1690728390209,1013.5814
