1690730156898,1013.30005
1690730156918,1013.29443
1690730156957,1013.3041
1690730156997,1013.3153
1690730157018,1013.31415
1690730157058,1013.3215
1690730157097,1013.312
1690730157117,1013.3201
1690730157157,1013.3265
1690730157197,1013.3257
1690730157218,1013.3282
1690730157259,1013.32654
1690730157298,1013.3216
1690730157320,1013.32874
1690730157359,1013.33405
1690730157398,1013.3338
1690730157418,1013.3239
1690730157458,1013.32184
1690730157498,1013.3282
1690730157518,1013.33307
1690730157558,1013.3301
1690730157601,1013.3496
1690730157619,1013.3485
1690730157659,1013.337
1690730157698,1013.3237
1690730157719,1013.33685
1690730157758,1013.3408
1690730157798,1013.3347
1690730157821,1013.3297
1690730157859,1013.3366
1690730157880,1013.3417
1690730157918,1013.33484
1690730157958,1013.32666
1690730158000,1013.32184
1690730158018,1013.3311
1690730158059,1013.33514
1690730158098,1013.32855
1690730158118,1013.33496
1690730158158,1013.3411
1690730158197,1013.3374
1690730158217,1013.3277
1690730158259,1013.32935
1690730158298,1013.32904
1690730158319,1013.32654
1690730158358,1013.33105
1690730158398,1013.3345
1690730158420,1013.33813
1690730158458,1013.3352
1690730158498,1013.3436
1690730158520,1013.3402
1690730158558,1013.33966
1690730158599,1013.33594
1690730158618,1013.3341
1690730158658,1013.3372
1690730158699,1013.33966
1690730158721,1013.3446
1690730158757,1013.3386
1690730158797,1013.3383
1690730158829,1013.33923
1690730158857,1013.3402
1690730158897,1013.3261
1690730158918,1013.33514
1690730158958,1013.33716
1690730158997,1013.34155
1690730159017,1013.3343
1690730159060,1013.3351
1690730159099,1013.33484
1690730159118,1013.3325
1690730159158,1013.33466
1690730159199,1013.33734
1690730159216,1013.3296
1690730159261,1013.3235
1690730159299,1013.32874
1690730159317,1013.3325
1690730159357,1013.3334
1690730159397,1013.3309
1690730159417,1013.33545
1690730159457,1013.3403
1690730159498,1013.3366
1690730159518,1013.32764
1690730159557,1013.33105
1690730159598,1013.32886
1690730159620,1013.3358
1690730159658,1013.3347
1690730159700,1013.3395
1690730159720,1013.3334
1690730159757,1013.3297
1690730159798,1013.321
1690730159818,1013.318
1690730159857,1013.3063
1690730159898,1013.3115
1690730159917,1013.2998
1690730159958,1013.30035
1690730159999,1013.29584
1690730160019,1013.28937
1690730160057,1013.28876
1690730160096,1013.2834
1690730160116,1013.2732
1690730160158,1013.27893
1690730160197,1013.2772
1690730160217,1013.2683
1690730160259,1013.2645
1690730160298,1013.2704
1690730160318,1013.2783
1690730160360,1013.27594
1690730160399,1013.2799
1690730160417,1013.27924
1690730160458,1013.27246
1690730160497,1013.27405
1690730160516,1013.28235
1690730160557,1013.2914
1690730160598,1013.29767
1690730160617,1013.29645
1690730160656,1013.3003
1690730160699,1013.29675
1690730160719,1013.2905
1690730160756,1013.2931
1690730160814,1013.30347
1690730160817,1013.3144
1690730160856,1013.3166
1690730160898,1013.3166
1690730160918,1013.3263
1690730160958,1013.3291
1690730160998,1013.3293
1690730161017,1013.33167
1690730161057,1013.3302
1690730161099,1013.3384
1690730161117,1013.34235
1690730161157,1013.3592
1690730161197,1013.3699
1690730161216,1013.3708
1690730161257,1013.3725
1690730161296,1013.3691
1690730161316,1013.35077
1690730161357,1013.3401
1690730161397,1013.3369
1690730161417,1013.33484
1690730161456,1013.33875
1690730161497,1013.34753
1690730161516,1013.3614
1690730161559,1013.3619
1690730161598,1013.3626
1690730161617,1013.3628
1690730161656,1013.3618
1690730161697,1013.366
1690730161715,1013.36066
1690730161756,1013.3584
1690730161797,1013.35443
1690730161816,1013.35376
1690730161856,1013.34717
1690730161896,1013.3352
1690730161916,1013.33167
1690730161957,1013.336
1690730161996,1013.3441
1690730162017,1013.3488
1690730162057,1013.3446
1690730162098,1013.33887
1690730162118,1013.33203
1690730162157,1013.33905
1690730162210,1013.3524
1690730162216,1013.35004
1690730162255,1013.34937
1690730162296,1013.3512
1690730162316,1013.3554
1690730162357,1013.3562
1690730162397,1013.3485
1690730162417,1013.348
1690730162456,1013.3463
1690730162496,1013.3512
1690730162517,1013.3615
1690730162556,1013.3639
1690730162597,1013.3789
1690730162615,1013.38007
1690730162655,1013.3698
1690730162695,1013.36707
1690730162715,1013.36115
1690730162755,1013.3637
1690730162803,1013.35913
1690730162816,1013.3513
1690730162856,1013.3545
1690730162898,1013.3615
1690730162916,1013.3428
1690730162957,1013.342
1690730162997,1013.33606
1690730163018,1013.325
1690730163055,1013.3129
1690730163096,1013.32825
1690730163117,1013.3292
1690730163156,1013.3308
1690730163195,1013.3281
1690730163215,1013.34064
1690730163261,1013.3416
1690730163295,1013.3408
1690730163315,1013.3349
1690730163356,1013.3356
1690730163396,1013.33844
1690730163419,1013.3341
1690730163456,1013.32825
1690730163496,1013.3307
1690730163516,1013.33673
1690730163555,1013.3365
1690730163595,1013.3523
1690730163615,1013.35706
1690730163657,1013.35986
1690730163700,1013.35895
1690730163715,1013.3583
1690730163755,1013.3468
1690730163797,1013.35187
1690730163816,1013.34985
1690730163854,1013.34515
1690730163897,1013.3374
1690730163915,1013.3324
1690730163956,1013.3301
1690730163995,1013.33344
1690730164017,1013.3274
1690730164058,1013.3216
1690730164096,1013.31683
1690730164116,1013.302
1690730164156,1013.2937
1690730164194,1013.29736
1690730164215,1013.29333
1690730164254,1013.2877
1690730164294,1013.2696
1690730164316,1013.2727
1690730164354,1013.27344
1690730164395,1013.2757
1690730164419,1013.2705
1690730164455,1013.25885
1690730164495,1013.2549
1690730164519,1013.26
1690730164556,1013.2626
1690730164596,1013.2577
1690730164620,1013.25775
1690730164655,1013.25934
1690730164695,1013.26117
1690730164714,1013.2594
1690730164755,1013.2562
1690730164797,1013.2527
1690730164816,1013.257
1690730164856,1013.249
1690730164895,1013.24695
1690730164915,1013.2296
1690730164955,1013.2261
1690730164994,1013.22626
1690730165018,1013.2245
1690730165054,1013.2174
1690730165096,1013.20593
1690730165115,1013.1985
1690730165157,1013.1912
1690730165195,1013.1888
1690730165217,1013.18256
1690730165254,1013.179
1690730165294,1013.1693
1690730165315,1013.17224
1690730165354,1013.17175
1690730165395,1013.16907
1690730165414,1013.15607
1690730165454,1013.1524
1690730165496,1013.15784
1690730165515,1013.1516
1690730165556,1013.15027
1690730165594,1013.1462
1690730165615,1013.1398
1690730165655,1013.12256
1690730165696,1013.12225
1690730165716,1013.1227
1690730165754,1013.1282
1690730165795,1013.1163
1690730165813,1013.10846
1690730165857,1013.104
1690730165895,1013.09155
1690730165915,1013.1004
1690730165955,1013.10144
1690730165994,1013.09216
1690730166014,1013.08765
1690730166055,1013.07227
1690730166094,1013.0671
1690730166113,1013.0669
1690730166158,1013.0716
1690730166196,1013.0692
1690730166217,1013.06287
1690730166253,1013.0635
1690730166295,1013.0653
1690730166315,1013.05225
1690730166354,1013.0499
1690730166394,1013.04895
1690730166417,1013.03723
1690730166453,1013.0416
1690730166494,1013.0324
1690730166515,1013.02704
1690730166555,1013.0249
1690730166594,1013.0171
1690730166614,1013.0111
1690730166653,1013.01953
1690730166698,1013.01807
1690730166716,1013.0109
1690730166754,1013.00555
1690730166793,1013.0046
1690730166813,1012.998
1690730166854,1012.9977
1690730166893,1012.99713
1690730166914,1012.99585
1690730166953,1012.9935
1690730166993,1012.9936
1690730167013,1012.996
1690730167054,1012.9938
1690730167093,1012.9897
1690730167114,1012.9807
1690730167154,1012.9818
1690730167199,1012.9866
1690730167216,1012.98804
1690730167253,1012.98364
1690730167294,1012.97363
1690730167313,1012.96594
1690730167354,1012.973
1690730167393,1012.9729
1690730167414,1012.9713
1690730167453,1012.96545
1690730167494,1012.9572
1690730167513,1012.95
1690730167556,1012.9498
1690730167594,1012.9571
1690730167614,1012.95715
1690730167654,1012.9641
1690730167696,1012.96387
1690730167713,1012.9655
1690730167753,1012.9701
1690730167794,1012.9662
1690730167813,1012.97003
1690730167856,1012.9666
1690730167892,1012.9662
1690730167916,1012.9592
1690730167954,1012.96075
1690730167995,1012.9551
1690730168014,1012.95
1690730168052,1012.9435
1690730168093,1012.96
1690730168114,1012.96497
1690730168153,1012.9661
1690730168195,1012.9646
1690730168213,1012.95123
1690730168253,1012.9408
1690730168296,1012.94666
1690730168315,1012.94824
1690730168353,1012.95917
1690730168393,1012.96295
1690730168412,1012.95276
1690730168457,1012.94073
1690730168496,1012.9393
1690730168514,1012.9448
1690730168552,1012.954
1690730168593,1012.9575
1690730168616,1012.9567
1690730168653,1012.953
1690730168693,1012.95276
1690730168712,1012.94916
1690730168751,1012.94556
1690730168795,1012.93933
1690730168813,1012.945
1690730168853,1012.9519
1690730168893,1012.9466
1690730168915,1012.9435
1690730168952,1012.9442
1690730168994,1012.94275
1690730169013,1012.9464
1690730169054,1012.9405
1690730169092,1012.9418
1690730169115,1012.9413
1690730169152,1012.9394
1690730169194,1012.93805
1690730169212,1012.9418
1690730169252,1012.952
1690730169292,1012.9572
1690730169314,1012.9621
1690730169351,1012.97327
1690730169392,1012.98584
1690730169413,1012.993
1690730169457,1012.99866
1690730169493,1013.0008
1690730169512,1012.99554
1690730169552,1013.00116
1690730169593,1013.0074
1690730169612,1013.0049
1690730169654,1013.0022
1690730169693,1013.0049
1690730169711,1013.015
1690730169751,1013.01587
1690730169793,1013.0145
1690730169811,1013.0156
1690730169854,1013.01526
1690730169892,1013.0116
1690730169913,1013.0069
1690730169952,1013.004
1690730169991,1013.0054
1690730170012,1013.00934
1690730170055,1013.0153
1690730170093,1013.01337
1690730170112,1013.01434
1690730170153,1013.0084
1690730170194,1013.0098
1690730170213,1013.01044
1690730170251,1013.0068
1690730170291,1013.0078
1690730170315,1013.0105
1690730170351,1013.00757
1690730170392,1013.018
1690730170413,1013.01514
1690730170451,1013.01587
1690730170493,1013.00586
1690730170514,1013.0146
1690730170552,1013.00543
1690730170592,1013.00305
1690730170614,1013.0049
1690730170651,1013.00494
1690730170693,1013.0037
1690730170713,1013.0015
1690730170750,1013.0048
1690730170791,1013.00085
1690730170821,1013.0036
1690730170850,1013.01434
1690730170892,1013.00793
1690730170910,1013.0083
1690730170950,1013.00543
1690730170992,1013.0027
1690730171013,1012.99603
1690730171051,1013.00244
1690730171092,1013.00464
1690730171112,1012.99866
1690730171153,1012.9937
1690730171191,1012.99347
1690730171212,1013.0042
1690730171251,1013.00507
1690730171291,1013.0039
1690730171316,1013.00867
1690730171351,1013.0029
1690730171391,1013.00964
1690730171412,1013.0142
1690730171452,1013.0116
1690730171493,1013.0093
1690730171513,1013.0071
1690730171550,1013.0007
1690730171591,1013.00995
1690730171610,1013.0013
1690730171650,1013.00354
1690730171694,1013.0123
1690730171715,1013.0121
1690730171750,1013.01306
1690730171792,1013.01154
1690730171815,1013.0073
1690730171850,1013.00726
1690730171891,1013.0093
1690730171912,1013.00903
1690730171952,1013.0175
1690730171993,1013.01874
1690730172011,1013.0166
1690730172052,1013.01373
1690730172090,1013.011
1690730172113,1013.01
1690730172151,1013.0047
1690730172190,1013.0034
1690730172215,1012.9966
1690730172249,1013.0017
1690730172289,1013.00946
1690730172312,1012.9992
1690730172350,1013.00934
1690730172392,1013.0149
1690730172410,1013.01196
1690730172451,1013.0175
1690730172491,1013.0164
1690730172511,1013.0051
1690730172550,1013.0081
1690730172592,1013.0156
1690730172610,1013.0193
1690730172651,1013.01825
1690730172692,1013.01135
1690730172713,1013.0083
1690730172749,1013.00195
1690730172789,1013.003
1690730172810,1013.00604
1690730172850,1013.00916
1690730172890,1013.0058
1690730172911,1013.00525
1690730172952,1013.00366
1690730172991,1013.00464
1690730173010,1013.0134
1690730173066,1013.0111
1690730173090,1013.0121
1690730173109,1013.0123
1690730173151,1013.0101
1690730173190,1013.01086
1690730173210,1013.0017
1690730173249,1013.00415
1690730173290,1013.0017
1690730173309,1013.0034
1690730173351,1013.0054
1690730173391,1013.00885
1690730173410,1013.01
1690730173449,1013.005
1690730173489,1013.00525
1690730173510,1012.9996
1690730173550,1013.005
1690730173590,1013.0011
1690730173609,1013.006
1690730173649,1013.00696
1690730173690,1013.0045
1690730173714,1012.99915
1690730173749,1013.0053
1690730173790,1013.0059
1690730173818,1013.01025
1690730173850,1013.0114
1690730173890,1013.0
1690730173910,1013.0033
1690730173949,1013.00116
1690730173993,1013.001
1690730174011,1012.99316
1690730174053,1012.99304
1690730174092,1012.9966
1690730174111,1013.00446
1690730174149,1013.00616
1690730174190,1012.9995
1690730174210,1013.0022
1690730174249,1013.0077
1690730174288,1013.0091
1690730174313,1013.00653
1690730174349,1013.005
1690730174390,1013.0006
1690730174412,1013.00134
1690730174449,1013.0105
1690730174490,1013.00745
1690730174510,1013.0085
1690730174551,1013.0143
1690730174589,1013.01373
1690730174610,1013.02094
1690730174652,1013.0239
1690730174689,1013.0266
1690730174711,1013.0194
1690730174748,1013.00995
1690730174789,1013.0001
1690730174812,1013.00037
1690730174849,1012.9994
1690730174891,1013.0047
1690730174912,1013.0076
1690730174949,1013.0024
1690730174994,1013.00977
1690730175012,1013.00104
1690730175048,1013.0044
1690730175092,1013.0012
1690730175110,1013.00275
1690730175152,1013.00366
1690730175188,1013.00476
1690730175209,1013.0011
1690730175249,1013.00183
1690730175289,1013.00745
1690730175316,1013.0018
1690730175349,1013.0024
1690730175388,1013.0034
1690730175408,1013.0049
1690730175448,1013.00525
1690730175491,1013.00977
1690730175510,1013.0085
1690730175549,1013.00323
1690730175590,1013.0071
1690730175608,1013.00793
1690730175648,1013.01245
1690730175692,1013.01117
1690730175708,1013.01306
1690730175748,1013.0118
1690730175789,1013.00476
1690730175809,1013.00586
1690730175849,1013.00653
1690730175892,1013.00916
1690730175909,1013.0127
1690730175949,1012.99884
1690730175989,1013.0005
1690730176008,1012.9938
1690730176048,1012.9959
1690730176089,1013.00085
1690730176109,1012.99255
1690730176152,1013.00415
1690730176189,1013.008
1690730176207,1013.0105
1690730176247,1013.0064
1690730176287,1013.0033
1690730176310,1013.00867
1690730176349,1013.0085
1690730176389,1013.01074
1690730176408,1013.01917
1690730176450,1013.00665
1690730176488,1013.01685
1690730176512,1013.01294
1690730176548,1013.0131
1690730176588,1013.0123
1690730176609,1013.01276
1690730176648,1013.00586
1690730176688,1013.00684
1690730176708,1013.00854
1690730176747,1013.0024
1690730176787,1013.0059
1690730176815,1012.99774
1690730176847,1012.99194
1690730176888,1012.99457
1690730176910,1013.0056
1690730176949,1013.0052
1690730176988,1012.99963
1690730177008,1012.9896
1690730177047,1013.0002
1690730177089,1013.00684
1690730177108,1013.00757
1690730177149,1013.0046
1690730177188,1013.0076
1690730177207,1013.01117
1690730177247,1013.0142
1690730177287,1013.01263
1690730177308,1013.01874
1690730177348,1013.0153
1690730177388,1013.01117
1690730177408,1013.00806
1690730177449,1013.0161
1690730177491,1013.00806
1690730177508,1013.01025
1690730177547,1013.0078
1690730177587,1013.0111
1690730177608,1012.99835
1690730177649,1013.0018
1690730177687,1013.00714
1690730177707,1013.0095
1690730177747,1013.0209
1690730177788,1013.01404
1690730177809,1013.00146
1690730177848,1012.9934
1690730177888,1012.99744
1690730177909,1013.0049
1690730177947,1012.99713
1690730177988,1012.9954
1690730178007,1012.999
1690730178047,1012.9947
1690730178107,1012.993
1690730178128,1012.999
1690730178148,1012.9968
1690730178188,1012.99365
1690730178228,1012.98926
1690730178247,1012.9969
1690730178286,1012.9949
1690730178310,1012.99677
1690730178347,1013.00073
1690730178387,1013.0031
1690730178427,1013.0
1690730178447,1012.99994
1690730178489,1013.0011
1690730178529,1012.997
1690730178548,1012.9888
1690730178586,1012.9896
1690730178626,1012.98914
1690730178650,1012.98047
1690730178687,1012.9794
1690730178730,1012.9695
1690730178747,1012.9772
1690730178787,1012.96545
1690730178833,1012.9579
1690730178847,1012.95056
1690730178888,1012.95123
1690730178928,1012.95593
1690730178947,1012.952
1690730178989,1012.9532
1690730179027,1012.95624
1690730179048,1012.95105
1690730179087,1012.9488
1690730179126,1012.9466
1690730179146,1012.9508
1690730179188,1012.95306
1690730179233,1012.9538
1690730179249,1012.9546
1690730179286,1012.95514
1690730179327,1012.94775
1690730179347,1012.94727
1690730179386,1012.94836
1690730179427,1012.94995
1690730179448,1012.9481
1690730179487,1012.94165
1690730179529,1012.94403
1690730179546,1012.9453
1690730179588,1012.9433
1690730179628,1012.9424
1690730179650,1012.9414
1690730179689,1012.9379
1690730179730,1012.9409
1690730179752,1012.9436
1690730179786,1012.94727
1690730179833,1012.9456
1690730179847,1012.9376
1690730179887,1012.9381
1690730179925,1012.9407
1690730179946,1012.9353
1690730179987,1012.94385
1690730180028,1012.94885
1690730180047,1012.9421
1690730180087,1012.93274
1690730180127,1012.9359
1690730180148,1012.9396
1690730180185,1012.93604
1690730180226,1012.9359
1690730180249,1012.94385
1690730180286,1012.94714
1690730180332,1012.9533
1690730180345,1012.9522
1690730180385,1012.9503
1690730180427,1012.9523
1690730180448,1012.95264
1690730180486,1012.9512
1690730180527,1012.945
1690730180545,1012.9399
1690730180587,1012.94275
1690730180627,1012.94476
1690730180645,1012.9416
1690730180685,1012.94244
1690730180726,1012.9433
1690730180749,1012.94696
1690730180785,1012.94556
1690730180830,1012.95325
1690730180846,1012.9518
1690730180885,1012.9507
1690730180925,1012.9456
1690730180946,1012.9497
1690730180987,1012.9597
1690730181026,1012.9592
1690730181046,1012.9615
1690730181087,1012.9591
1690730181128,1012.9673
1690730181145,1012.96027
1690730181186,1012.9497
1690730181226,1012.94806
1690730181246,1012.9404
1690730181286,1012.9393
1690730181332,1012.9432
1690730181345,1012.9414
1690730181389,1012.94824
1690730181427,1012.9579
1690730181446,1012.964
1690730181486,1012.9604
1690730181527,1012.9508
1690730181545,1012.95276
1690730181586,1012.9513
1690730181626,1012.95306
1690730181645,1012.9558
1690730181687,1012.9519
1690730181728,1012.9451
1690730181744,1012.94165
1690730181784,1012.94293
1690730181825,1012.9498
1690730181846,1012.9446
1690730181886,1012.93994
1690730181930,1012.942
1690730181945,1012.9369
1690730181986,1012.936
1690730182025,1012.9392
1690730182045,1012.9356
1690730182085,1012.93066
1690730182127,1012.9336
1690730182146,1012.93677
1690730182186,1012.9422
1690730182229,1012.9399
1690730182245,1012.9385
1690730182285,1012.93286
1690730182326,1012.9276
1690730182345,1012.9265
1690730182386,1012.9316
1690730182426,1012.9202
1690730182445,1012.9213
1690730182486,1012.92053
1690730182525,1012.91064
1690730182545,1012.90326
1690730182586,1012.9046
1690730182625,1012.9039
1690730182648,1012.8948
1690730182685,1012.8921
1690730182726,1012.89
1690730182744,1012.89465
1690730182784,1012.8891
1690730182828,1012.8946
1690730182844,1012.8807
1690730182885,1012.8722
1690730182926,1012.8778
1690730182944,1012.8868
1690730182986,1012.86597
1690730183025,1012.853
1690730183046,1012.8583
1690730183108,1012.8568
1690730183124,1012.8563
1690730183144,1012.85223
1690730183186,1012.84906
1690730183227,1012.84686
1690730183245,1012.832
1690730183284,1012.83374
1690730183325,1012.8331
1690730183345,1012.8192
1690730183385,1012.8125
1690730183425,1012.80945
1690730183444,1012.8081
1690730183484,1012.8065
1690730183524,1012.80786
1690730183544,1012.79865
1690730183599,1012.7842
1690730183624,1012.7761
1690730183645,1012.7814
1690730183684,1012.77637
1690730183725,1012.7724
1690730183745,1012.7788
1690730183785,1012.77136
1690730183827,1012.764
1690730183844,1012.75635
1690730183884,1012.75
1690730183927,1012.74945
1690730183950,1012.75183
1690730183986,1012.7476
1690730184024,1012.747
1690730184046,1012.7328
1690730184084,1012.7235
1690730184126,1012.7169
1690730184146,1012.71765
1690730184184,1012.717
1690730184225,1012.71625
1690730184247,1012.70245
1690730184284,1012.6993
1690730184326,1012.69037
1690730184346,1012.6889
1690730184385,1012.68835
1690730184423,1012.68604
1690730184444,1012.68054
1690730184485,1012.6722
1690730184525,1012.6692
1690730184544,1012.6787
1690730184585,1012.6814
1690730184627,1012.6759
1690730184644,1012.67065
1690730184686,1012.67114
1690730184725,1012.66656
1690730184745,1012.65314
1690730184784,1012.6477
1690730184825,1012.64417
1690730184843,1012.6485
1690730184883,1012.6578
1690730184924,1012.6482
1690730184945,1012.63666
1690730184987,1012.6377
1690730185024,1012.63513
1690730185046,1012.63574
1690730185085,1012.6282
1690730185124,1012.6282
1690730185143,1012.6193
1690730185184,1012.6157
1690730185225,1012.6251
1690730185244,1012.6221
1690730185282,1012.6152
1690730185324,1012.6121
1690730185344,1012.60376
1690730185384,1012.6001
1690730185423,1012.5924
1690730185443,1012.5921
1690730185484,1012.58923
1690730185525,1012.58307
1690730185544,1012.5736
1690730185585,1012.5759
1690730185625,1012.5825
1690730185646,1012.5879
1690730185685,1012.5841
1690730185725,1012.5857
1690730185745,1012.5815
1690730185783,1012.57263
1690730185824,1012.5738
1690730185844,1012.5762
1690730185883,1012.5738
1690730185924,1012.56506
1690730185944,1012.56165
1690730185983,1012.561
1690730186023,1012.5555
1690730186043,1012.5477
1690730186085,1012.5582
1690730186126,1012.5586
1690730186144,1012.5612
1690730186185,1012.5615
1690730186229,1012.56287
1690730186245,1012.5579
1690730186282,1012.55054
1690730186325,1012.5541
1690730186345,1012.54877
1690730186383,1012.5488
1690730186423,1012.54834
1690730186443,1012.5526
1690730186485,1012.54407
1690730186525,1012.55066
1690730186543,1012.5569
1690730186583,1012.54736
1690730186622,1012.54614
1690730186643,1012.5416
1690730186683,1012.5373
1690730186725,1012.5338
1690730186743,1012.535
1690730186783,1012.5347
1690730186824,1012.53674
1690730186855,1012.5355
1690730186884,1012.5295
1690730186923,1012.5283
1690730186944,1012.53094
1690730186982,1012.53186
1690730187023,1012.53046
1690730187043,1012.52954
1690730187083,1012.5288
1690730187125,1012.5278
1690730187144,1012.53845
1690730187183,1012.5355
1690730187222,1012.5327
1690730187242,1012.5329
1690730187281,1012.5335
1690730187324,1012.53296
1690730187346,1012.52246
1690730187383,1012.5232
1690730187424,1012.51746
1690730187441,1012.51654
1690730187482,1012.52606
1690730187524,1012.5184
1690730187542,1012.5139
1690730187583,1012.51294
1690730187623,1012.5183
1690730187647,1012.52277
1690730187682,1012.5289
1690730187728,1012.53296
1690730187748,1012.53925
1690730187781,1012.53644
1690730187821,1012.5428
1690730187846,1012.55774
1690730187882,1012.5698
1690730187922,1012.57117
1690730187945,1012.57495
1690730187984,1012.57764
1690730188023,1012.5747
1690730188042,1012.57196
1690730188108,1012.5785
1690730188121,1012.5864
1690730188142,1012.58014
1690730188183,1012.58966
1690730188221,1012.5906
1690730188243,1012.5861
1690730188282,1012.5857
1690730188326,1012.58325
1690730188350,1012.5823
1690730188381,1012.58276
1690730188421,1012.58875
1690730188443,1012.58923
1690730188482,1012.58575
1690730188522,1012.5902
1690730188541,1012.57825
1690730188581,1012.57764
1690730188620,1012.5823
1690730188643,1012.58673
1690730188684,1012.58484
1690730188726,1012.5798
1690730188741,1012.57166
1690730188782,1012.5769
1690730188822,1012.57874
1690730188843,1012.58203
1690730188881,1012.57715
1690730188922,1012.5786
1690730188943,1012.589
1690730188984,1012.58984
1690730189021,1012.577
1690730189042,1012.57056
1690730189083,1012.5707
1690730189121,1012.5747
1690730189141,1012.57996
1690730189185,1012.5775
1690730189221,1012.5775
1690730189244,1012.57886
1690730189281,1012.58215
1690730189321,1012.577
1690730189342,1012.57996
1690730189381,1012.5857
1690730189421,1012.5679
1690730189442,1012.5719
1690730189480,1012.5703
1690730189522,1012.57245
1690730189541,1012.57294
1690730189582,1012.5813
1690730189621,1012.5863
1690730189643,1012.58
1690730189681,1012.57776
1690730189722,1012.5748
1690730189741,1012.57465
1690730189780,1012.5751
1690730189821,1012.5801
1690730189842,1012.58136
1690730189881,1012.5929
1690730189921,1012.5917
1690730189940,1012.59344
1690730189982,1012.6028
1690730190022,1012.5966
1690730190041,1012.5935
1690730190083,1012.59644
1690730190121,1012.5922
1690730190141,1012.5864
1690730190181,1012.5918
1690730190221,1012.6006
1690730190243,1012.5974
1690730190280,1012.5958
1690730190320,1012.59314
1690730190341,1012.59204
1690730190383,1012.58325
1690730190422,1012.5765
1690730190441,1012.5765
1690730190481,1012.5852
1690730190521,1012.5809
1690730190544,1012.57513
1690730190580,1012.5699
1690730190622,1012.57025
1690730190641,1012.5691
1690730190680,1012.5659
1690730190720,1012.569
1690730190743,1012.5716
1690730190779,1012.5745
1690730190820,1012.575
1690730190852,1012.57666
1690730190883,1012.57166
1690730190919,1012.56775
1690730190939,1012.56165
1690730190981,1012.56995
1690730191021,1012.56866
1690730191041,1012.5612
1690730191080,1012.5574
1690730191120,1012.5614
1690730191141,1012.5583
1690730191180,1012.562
1690730191224,1012.5642
1690730191242,1012.5617
1690730191279,1012.5582
1690730191320,1012.5592
1690730191341,1012.5644
1690730191380,1012.5665
1690730191420,1012.56165
1690730191440,1012.55286
1690730191480,1012.5495
1690730191519,1012.5454
1690730191539,1012.5403
1690730191580,1012.54755
1690730191620,1012.55194
1690730191639,1012.5574
1690730191681,1012.5537
1690730191720,1012.54944
1690730191752,1012.5509
1690730191778,1012.55115
1690730191820,1012.5557
1690730191843,1012.55035
1690730191879,1012.55066
1690730191920,1012.5423
1690730191942,1012.54443
1690730191980,1012.5526
1690730192020,1012.5588
1690730192040,1012.5569
1690730192081,1012.5479
1690730192120,1012.5447
1690730192139,1012.5548
1690730192181,1012.56213
1690730192221,1012.5582
1690730192239,1012.55505
1690730192280,1012.5571
1690730192319,1012.5514
1690730192342,1012.55176
1690730192379,1012.55524
1690730192419,1012.5505
1690730192440,1012.54956
1690730192479,1012.55725
1690730192522,1012.5595
1690730192540,1012.55676
1690730192579,1012.56067
1690730192620,1012.55725
1690730192640,1012.55725
1690730192679,1012.5565
1690730192720,1012.56213
1690730192740,1012.5698
1690730192778,1012.5609
1690730192821,1012.56006
1690730192840,1012.5648
1690730192879,1012.56006
1690730192918,1012.55347
1690730192939,1012.55273
1690730192980,1012.5458
1690730193020,1012.5491
1690730193040,1012.548
1690730193111,1012.5509
1690730193118,1012.55005
1690730193138,1012.5521
1690730193180,1012.5588
1690730193219,1012.56213
1690730193242,1012.5508
1690730193278,1012.5535
1690730193318,1012.553
1690730193338,1012.5591
1690730193378,1012.56195
1690730193420,1012.55566
1690730193439,1012.55914
1690730193478,1012.553
1690730193519,1012.55475
1690730193539,1012.5427
1690730193579,1012.5378
1690730193631,1012.536
1690730193638,1012.5498
1690730193678,1012.54254
1690730193722,1012.54224
1690730193738,1012.5493
1690730193778,1012.54865
1690730193818,1012.5456
1690730193840,1012.5413
1690730193878,1012.54175
1690730193921,1012.5404
1690730193939,1012.5432
1690730193978,1012.54144
1690730194020,1012.542
1690730194038,1012.5428
1690730194078,1012.5436
1690730194118,1012.5418
1690730194139,1012.5402
1690730194178,1012.53656
1690730194218,1012.5471
1690730194237,1012.5428
1690730194278,1012.53687
1690730194318,1012.5377
1690730194339,1012.54376
1690730194378,1012.544
1690730194420,1012.5378
1690730194439,1012.5436
1690730194478,1012.5406
1690730194518,1012.54675
1690730194538,1012.5446
1690730194580,1012.54224
1690730194619,1012.53644
1690730194638,1012.53894
1690730194678,1012.54565
1690730194717,1012.54614
1690730194739,1012.5443
1690730194779,1012.534
1690730194820,1012.5439
1690730194867,1012.55054
1690730194878,1012.5448
1690730194918,1012.547
1690730194940,1012.54407
1690730194980,1012.54846
1690730195025,1012.5447
1690730195039,1012.54175
1690730195080,1012.5509
1690730195119,1012.5483
1690730195139,1012.5469
1690730195178,1012.55115
1690730195218,1012.53827
1690730195238,1012.5431
1690730195279,1012.5414
1690730195317,1012.55
1690730195339,1012.5437
1690730195380,1012.5455
1690730195418,1012.5465
1690730195438,1012.55383
1690730195478,1012.55176
1690730195520,1012.5521
1690730195538,1012.55176
1690730195579,1012.5542
1690730195619,1012.55664
1690730195637,1012.5569
1690730195678,1012.5543
1690730195718,1012.5596
1690730195738,1012.55316
1690730195777,1012.54626
1690730195817,1012.55084
1690730195838,1012.5484
1690730195878,1012.5402
1690730195918,1012.5482
1690730195939,1012.54474
1690730195977,1012.5394
1690730196019,1012.54004
1690730196037,1012.5512
1690730196078,1012.563
1690730196119,1012.5543
1690730196139,1012.5493
1690730196177,1012.55945
1690730196217,1012.5541
1690730196238,1012.547
1690730196276,1012.5441
1690730196317,1012.55383
1690730196337,1012.5511
1690730196377,1012.5527
1690730196419,1012.55676
1690730196437,1012.55334
1690730196477,1012.5411
1690730196517,1012.5445
1690730196536,1012.55176
1690730196577,1012.54974
1690730196617,1012.5477
1690730196637,1012.54065
1690730196679,1012.54425
1690730196718,1012.5498
1690730196737,1012.5465
1690730196779,1012.54865
1690730196817,1012.54675
1690730196837,1012.5429
1690730196876,1012.5483
1690730196917,1012.5533
1690730196938,1012.55164
1690730196978,1012.5498
1690730197018,1012.5505
1690730197040,1012.5352
1690730197079,1012.54486
1690730197118,1012.5443
1690730197137,1012.5473
1690730197176,1012.54333
1690730197217,1012.5482
1690730197237,1012.54895
1690730197276,1012.53925
1690730197319,1012.5353
1690730197337,1012.53986
1690730197378,1012.54156
1690730197417,1012.5412
1690730197437,1012.54297
1690730197479,1012.5347
1690730197517,1012.5387
1690730197535,1012.534
1690730197577,1012.52844
1690730197618,1012.5266
1690730197638,1012.5197
1690730197680,1012.5202
1690730197717,1012.5215
1690730197738,1012.5194
1690730197779,1012.5204
1690730197815,1012.52136
1690730197837,1012.5148
1690730197876,1012.51685
1690730197917,1012.5209
1690730197935,1012.5279
1690730197976,1012.52466
1690730198019,1012.51874
1690730198038,1012.5166
1690730198078,1012.52185
1690730198117,1012.51764
1690730198139,1012.5086
1690730198177,1012.51135
1690730198216,1012.51526
1690730198237,1012.52295
1690730198276,1012.51355
1690730198316,1012.5118
1690730198336,1012.5132
1690730198375,1012.5155
1690730198419,1012.51776
1690730198436,1012.5228
1690730198478,1012.52167
1690730198516,1012.5197
1690730198538,1012.5183
1690730198576,1012.51337
1690730198617,1012.5183
1690730198638,1012.52124
1690730198676,1012.5245
1690730198716,1012.5246
1690730198737,1012.5211
1690730198775,1012.5157
1690730198815,1012.5188
1690730198835,1012.5103
1690730198876,1012.5211
1690730198915,1012.5185
1690730198936,1012.5171
1690730198976,1012.5108
1690730199017,1012.5127
1690730199035,1012.51416
1690730199076,1012.51117
1690730199115,1012.51776
1690730199135,1012.51654
1690730199176,1012.5218
1690730199215,1012.5241
1690730199236,1012.5227
1690730199275,1012.51636
1690730199316,1012.51404
1690730199336,1012.52405
1690730199377,1012.52216
1690730199417,1012.51874
1690730199436,1012.51904
1690730199476,1012.5257
1690730199515,1012.5255
1690730199535,1012.5261
1690730199577,1012.52747
1690730199615,1012.52637
1690730199635,1012.52344
1690730199677,1012.5276
1690730199715,1012.5346
1690730199736,1012.5442
1690730199774,1012.53424
1690730199815,1012.5243
1690730199835,1012.5239
1690730199877,1012.53033
1690730199916,1012.5274
1690730199955,1012.52905
1690730199975,1012.53076
1690730200016,1012.533
1690730200056,1012.5376
1690730200078,1012.53546
1690730200118,1012.5357
1690730200155,1012.5305
1690730200176,1012.52966
1690730200215,1012.52844
1690730200257,1012.522
1690730200275,1012.5262
1690730200315,1012.5273
1690730200355,1012.5288
1690730200374,1012.5327
1690730200415,1012.538
1690730200456,1012.53687
1690730200475,1012.5375
1690730200517,1012.54126
1690730200555,1012.54193
1690730200575,1012.53406
1690730200614,1012.5339
1690730200656,1012.53485
1690730200676,1012.53455
1690730200715,1012.53674
1690730200755,1012.53656
1690730200774,1012.5332
1690730200814,1012.5337
1690730200858,1012.5271
1690730200875,1012.5309
1690730200915,1012.53345
1690730200956,1012.5313
1690730200977,1012.5249
1690730201016,1012.5275
1690730201059,1012.5371
1690730201076,1012.5513
1690730201114,1012.5474
1690730201155,1012.5322
1690730201175,1012.5172
1690730201216,1012.523
1690730201256,1012.5247
1690730201274,1012.52606
1690730201314,1012.52496
1690730201356,1012.51965
1690730201375,1012.525
1690730201415,1012.5335
1690730201456,1012.52966
1690730201475,1012.5134
1690730201515,1012.5008
1690730201556,1012.50183
1690730201576,1012.5105
1690730201615,1012.5074
1690730201655,1012.5044
1690730201674,1012.5108
1690730201716,1012.5075
1690730201756,1012.4978
1690730201778,1012.49084
1690730201814,1012.48456
1690730201855,1012.48346
1690730201874,1012.48627
1690730201914,1012.4798
1690730201954,1012.4811
1690730201977,1012.4857
1690730202015,1012.47705
1690730202055,1012.4647
1690730202074,1012.4576
1690730202116,1012.46313
1690730202154,1012.4621
1690730202174,1012.45844
1690730202215,1012.4535
1690730202255,1012.4452
1690730202275,1012.4356
1690730202314,1012.43115
1690730202355,1012.43066
1690730202381,1012.4334
1690730202415,1012.4337
1690730202454,1012.43536
1690730202474,1012.4199
1690730202513,1012.4145
1690730202554,1012.4181
1690730202575,1012.41064
1690730202614,1012.40314
1690730202655,1012.4014
1690730202675,1012.3992
1690730202714,1012.3907
1690730202753,1012.38513
1690730202775,1012.3818
1690730202813,1012.38684
1690730202853,1012.3767
1690730202875,1012.38074
1690730202914,1012.37976
1690730202953,1012.36865
1690730202989,1012.364
1690730203013,1012.3643
1690730203055,1012.3508
1690730203074,1012.344
1690730203113,1012.3453
1690730203153,1012.34436
1690730203174,1012.33966
1690730203214,1012.33813
1690730203253,1012.33417
1690730203275,1012.32477
1690730203313,1012.32214
1690730203353,1012.3181
1690730203375,1012.3101
1690730203413,1012.3058
1690730203453,1012.30286
1690730203473,1012.29846
1690730203516,1012.30634
1690730203554,1012.3014
1690730203573,1012.2915
1690730203613,1012.2915
1690730203653,1012.2919
1690730203672,1012.28284
1690730203713,1012.2814
1690730203756,1012.2706
1690730203774,1012.2546
1690730203814,1012.25354
1690730203854,1012.2496
1690730203874,1012.2446
1690730203916,1012.24695
1690730203956,1012.2485
1690730203974,1012.25397
1690730204013,1012.2514
1690730204055,1012.24554
1690730204074,1012.2438
1690730204114,1012.23334
1690730204155,1012.2341
1690730204176,1012.22943
1690730204214,1012.22815
1690730204254,1012.2208
1690730204276,1012.22565
1690730204313,1012.22656
1690730204353,1012.2339
1690730204378,1012.224
1690730204412,1012.2117
1690730204453,1012.2092
1690730204473,1012.20044
1690730204514,1012.2045
1690730204553,1012.2031
1690730204573,1012.2006
1690730204613,1012.1973
1690730204653,1012.19855
1690730204673,1012.1918
1690730204713,1012.1911
1690730204754,1012.19556
1690730204774,1012.19104
1690730204812,1012.1829
1690730204853,1012.1762
1690730204873,1012.17456
1690730204914,1012.1745
1690730204954,1012.1821
1690730204974,1012.17255
1690730205015,1012.15936
1690730205054,1012.1699
1690730205075,1012.1666
1690730205115,1012.15894
1690730205154,1012.1564
1690730205174,1012.16223
1690730205212,1012.1565
1690730205252,1012.1543
1690730205272,1012.1519
1690730205311,1012.1593
1690730205352,1012.15717
1690730205373,1012.1563
1690730205411,1012.144
1690730205453,1012.1373
1690730205473,1012.1343
1690730205513,1012.1369
1690730205553,1012.1313
1690730205574,1012.12933
1690730205613,1012.12317
1690730205652,1012.1236
1690730205672,1012.1173
1690730205714,1012.1162
1690730205755,1012.115
1690730205772,1012.1181
1690730205811,1012.10864
1690730205853,1012.117
1690730205876,1012.1111
1690730205912,1012.10864
1690730205954,1012.0985
1690730205974,1012.09766
1690730206013,1012.1003
1690730206054,1012.0958
1690730206072,1012.1004
1690730206112,1012.0978
1690730206151,1012.09235
1690730206172,1012.0906
1690730206212,1012.09045
1690730206252,1012.0921
1690730206272,1012.09766
1690730206311,1012.08813
1690730206351,1012.0871
1690730206374,1012.09326
1690730206414,1012.0869
1690730206452,1012.08795
1690730206472,1012.08356
1690730206512,1012.0788
1690730206554,1012.08057
1690730206572,1012.0916
1690730206611,1012.0921
1690730206652,1012.0908
1690730206670,1012.0877
1690730206711,1012.0945
1690730206753,1012.09576
1690730206773,1012.10114
1690730206811,1012.1024
1690730206852,1012.1065
1690730206876,1012.11255
1690730206911,1012.12634
1690730206952,1012.13336
1690730206972,1012.1357
1690730207013,1012.13635
1690730207052,1012.14636
1690730207072,1012.1479
1690730207112,1012.15485
1690730207152,1012.1542
1690730207172,1012.1578
1690730207212,1012.16797
1690730207255,1012.16907
1690730207274,1012.16174
1690730207310,1012.1619
1690730207351,1012.16376
1690730207377,1012.1578
1690730207411,1012.1551
1690730207451,1012.1651
1690730207471,1012.1694
1690730207513,1012.1613
1690730207552,1012.16235
1690730207576,1012.15576
1690730207612,1012.1649
1690730207653,1012.1701
1690730207672,1012.1693
1690730207715,1012.1707
1690730207751,1012.16907
1690730207772,1012.16797
1690730207809,1012.1784
1690730207850,1012.18243
1690730207875,1012.1794
1690730207912,1012.1718
1690730207953,1012.16516
1690730207983,1012.1639
1690730208010,1012.1633
1690730208051,1012.1688
1690730208073,1012.16974
1690730208111,1012.1667
1690730208151,1012.16113
1690730208174,1012.15594
1690730208213,1012.1633
1690730208252,1012.1599
1690730208271,1012.1635
1690730208310,1012.16907
1690730208350,1012.1733
1690730208370,1012.1704
1690730208410,1012.1642
1690730208453,1012.1584
1690730208472,1012.1642
1690730208510,1012.15234
1690730208551,1012.1515
1690730208571,1012.15295
1690730208611,1012.162
1690730208652,1012.1543
1690730208669,1012.1642
1690730208711,1012.1648
1690730208751,1012.1654
1690730208771,1012.1737
1690730208814,1012.165
1690730208849,1012.15936
1690730208870,1012.1578
1690730208912,1012.15826
1690730208951,1012.1595
1690730208970,1012.16113
1690730209010,1012.16223
1690730209050,1012.1658
1690730209071,1012.1641
1690730209112,1012.1633
1690730209151,1012.1588
1690730209173,1012.15546
1690730209213,1012.1552
1690730209252,1012.1536
1690730209269,1012.1535
1690730209316,1012.1594
1690730209349,1012.163
1690730209369,1012.1545
1690730209410,1012.1536
1690730209452,1012.1527
1690730209471,1012.1521
1690730209511,1012.1615
1690730209550,1012.1594
1690730209570,1012.15656
1690730209610,1012.16394
1690730209649,1012.16125
1690730209671,1012.16
1690730209710,1012.16296
1690730209750,1012.16077
1690730209771,1012.1681
1690730209825,1012.1682
1690730209848,1012.17114
1690730209868,1012.16943
1690730209910,1012.1749
1690730209951,1012.172
1690730209972,1012.16846
1690730210010,1012.17584
1690730210051,1012.172
1690730210071,1012.16895
1690730210111,1012.1632
1690730210149,1012.1666
1690730210172,1012.1623
1690730210212,1012.1591
1690730210249,1012.1539
1690730210269,1012.15356
1690730210315,1012.15173
1690730210348,1012.1639
1690730210369,1012.1616
1690730210413,1012.1605
1690730210450,1012.155
1690730210472,1012.1538
1690730210512,1012.15295
1690730210549,1012.14746
1690730210569,1012.1558
1690730210609,1012.14417
1690730210649,1012.1456
1690730210670,1012.14404
1690730210712,1012.13916
1690730210749,1012.1355
1690730210770,1012.1383
1690730210812,1012.1321
1690730210848,1012.1383
1690730210869,1012.14215
1690730210910,1012.1437
1690730210949,1012.1467
1690730210969,1012.1437
1690730211010,1012.1382
1690730211051,1012.14246
1690730211069,1012.1376
1690730211111,1012.1299
1690730211149,1012.1309
1690730211169,1012.13586
1690730211210,1012.13855
1690730211249,1012.1467
1690730211270,1012.1492
1690730211309,1012.1588
1690730211348,1012.15594
1690730211368,1012.14734
1690730211412,1012.1521
1690730211450,1012.14984
1690730211468,1012.14886
1690730211509,1012.1405
1690730211550,1012.13434
1690730211570,1012.14105
1690730211609,1012.14655
1690730211652,1012.1533
1690730211668,1012.15326
1690730211708,1012.15
1690730211749,1012.1493
1690730211771,1012.1468
1690730211814,1012.145
1690730211848,1012.1432
1690730211870,1012.13464
1690730211910,1012.1341
1690730211950,1012.1438
1690730211969,1012.14813
1690730212010,1012.1543
1690730212050,1012.14465
1690730212068,1012.1384
1690730212110,1012.1365
1690730212148,1012.1439
1690730212171,1012.1481
1690730212210,1012.1455
1690730212250,1012.14026
1690730212268,1012.1338
1690730212313,1012.1398
1690730212347,1012.14636
1690730212368,1012.14636
1690730212410,1012.14746
1690730212450,1012.14545
1690730212469,1012.15283
1690730212509,1012.1583
1690730212548,1012.15485
1690730212568,1012.1491
1690730212608,1012.1436
1690730212649,1012.14044
1690730212669,1012.1438
1690730212708,1012.14856
1690730212750,1012.15314
1690730212768,1012.1502
1690730212810,1012.1437
1690730212847,1012.13995
1690730212868,1012.1511
1690730212910,1012.1502
1690730212951,1012.1465
1690730212970,1012.15436
1690730213008,1012.1514
1690730213048,1012.14026
1690730213069,1012.14154
1690730213108,1012.1443
1690730213149,1012.1492
1690730213170,1012.14746
1690730213209,1012.1404
1690730213248,1012.1401
1690730213267,1012.143
1690730213312,1012.1505
1690730213373,1012.15405
1690730213373,1012.1484
1690730213409,1012.1435
1690730213449,1012.14075
1690730213469,1012.13464
1690730213513,1012.1348
1690730213549,1012.13684
1690730213568,1012.141
1690730213610,1012.1475
1690730213648,1012.1415
1690730213668,1012.1455
1690730213708,1012.1466
1690730213752,1012.152
1690730213768,1012.1557
1690730213809,1012.1511
1690730213847,1012.14777
1690730213867,1012.1488
1690730213908,1012.1491
1690730213948,1012.1466
1690730213967,1012.144
1690730214008,1012.1466
1690730214048,1012.1498
1690730214068,1012.1509
1690730214108,1012.15063
1690730214153,1012.1488
1690730214169,1012.13806
1690730214210,1012.1403
1690730214248,1012.15106
1690730214269,1012.14795
1690730214308,1012.151
1690730214347,1012.15405
1690730214367,1012.1492
1690730214407,1012.1485
1690730214448,1012.1443
1690730214467,1012.14575
1690730214508,1012.1507
1690730214546,1012.15845
1690730214567,1012.16016
1690730214607,1012.15674
1690730214648,1012.1554
1690730214667,1012.15314
1690730214708,1012.15063
1690730214747,1012.1594
1690730214768,1012.1583
1690730214808,1012.1537
1690730214846,1012.1482
1690730214866,1012.15015
1690730214909,1012.1566
1690730214947,1012.1526
1690730214969,1012.152
1690730215007,1012.1558
1690730215049,1012.1499
1690730215071,1012.1475
1690730215106,1012.1561
1690730215148,1012.1476
1690730215167,1012.1506
1690730215207,1012.1473
1690730215247,1012.1563
1690730215267,1012.15686
1690730215307,1012.1508
1690730215347,1012.1467
1690730215367,1012.1513
1690730215410,1012.15485
1690730215447,1012.1444
1690730215467,1012.1471
1690730215506,1012.14215
1690730215546,1012.13855
1690730215569,1012.1435
1690730215608,1012.1372
1690730215648,1012.1412
1690730215667,1012.15735
1690730215706,1012.15894
1690730215748,1012.15967
1690730215769,1012.1538
1690730215806,1012.15344
1690730215845,1012.1479
1690730215866,1012.14856
1690730215908,1012.1475
1690730215947,1012.14355
1690730215970,1012.14294
1690730216007,1012.1465
1690730216046,1012.14044
1690730216066,1012.1368
1690730216108,1012.13367
1690730216149,1012.1232
1690730216169,1012.1279
1690730216208,1012.12714
1690730216246,1012.1284
1690730216266,1012.12256
1690730216306,1012.1295
1690730216345,1012.13495
1690730216367,1012.14044
1690730216407,1012.13916
1690730216446,1012.1436
1690730216467,1012.1402
1690730216507,1012.1433
1690730216546,1012.14166
1690730216567,1012.13074
1690730216606,1012.1279
1690730216646,1012.125
1690730216666,1012.11914
1690730216705,1012.1139
1690730216747,1012.109
1690730216766,1012.1117
1690730216807,1012.1155
1690730216845,1012.1172
1690730216865,1012.1222
1690730216908,1012.1173
1690730216946,1012.1153
1690730216966,1012.1155
1690730217006,1012.115
1690730217046,1012.1124
1690730217066,1012.1063
1690730217108,1012.10034
1690730217146,1012.109
1690730217165,1012.11206
1690730217208,1012.11
1690730217247,1012.10693
1690730217266,1012.10876
1690730217306,1012.1056
1690730217346,1012.10547
1690730217366,1012.10345
1690730217407,1012.10876
1690730217445,1012.10706
1690730217466,1012.1079
1690730217505,1012.1117
1690730217545,1012.11395
1690730217566,1012.1078
1690730217606,1012.1053
1690730217645,1012.1108
1690730217670,1012.11694
1690730217706,1012.1179
1690730217746,1012.1149
1690730217770,1012.1206
1690730217805,1012.113
1690730217844,1012.1075
1690730217865,1012.11633
1690730217905,1012.11273
1690730217945,1012.10925
1690730217966,1012.0989
1690730218006,1012.10223
1690730218050,1012.10706
1690730218065,1012.10913
1690730218106,1012.1056
1690730218146,1012.104
1690730218166,1012.1049
1690730218205,1012.1057
1690730218248,1012.1035
1690730218266,1012.10547
1690730218306,1012.10034
1690730218371,1012.09796
1690730218371,1012.1019
1690730218405,1012.10095
1690730218447,1012.10913
1690730218466,1012.109
1690730218505,1012.10986
1690730218547,1012.1095
1690730218564,1012.09973
1690730218605,1012.09717
1690730218647,1012.0963
1690730218666,1012.10565
1690730218704,1012.1145
1690730218746,1012.11237
1690730218767,1012.107
1690730218805,1012.1058
1690730218845,1012.1026
1690730218864,1012.1032
1690730218904,1012.11273
1690730218945,1012.1189
1690730218965,1012.1125
1690730219005,1012.1061
1690730219045,1012.0919
1690730219069,1012.0968
1690730219106,1012.0988
1690730219145,1012.09735
1690730219167,1012.09467
1690730219205,1012.1038
1690730219245,1012.1059
1690730219266,1012.1
1690730219305,1012.1018
1690730219347,1012.10034
1690730219364,1012.0984
1690730219404,1012.1053
1690730219444,1012.1024
1690730219466,1012.10986
1690730219505,1012.11053
1690730219545,1012.10376
1690730219565,1012.1031
1690730219604,1012.11597
1690730219648,1012.11566
1690730219667,1012.11707
1690730219705,1012.1206
1690730219748,1012.1152
1690730219765,1012.105
1690730219805,1012.11194
1690730219848,1012.11316
1690730219863,1012.1019
1690730219905,1012.1129
1690730219944,1012.105
1690730219965,1012.104
1690730220008,1012.099
1690730220045,1012.0958
1690730220063,1012.09656
1690730220104,1012.10376
1690730220145,1012.1023
1690730220165,1012.10114
1690730220204,1012.0968
1690730220248,1012.1009
1690730220264,1012.0998
1690730220304,1012.10547
1690730220345,1012.0972
1690730220363,1012.0963
1690730220405,1012.1028
1690730220446,1012.09735
1690730220464,1012.0985
1690730220505,1012.09796
1690730220545,1012.09924
1690730220565,1012.1082
1690730220605,1012.1073
1690730220646,1012.10266
1690730220664,1012.10205
1690730220704,1012.10364
1690730220744,1012.1058
1690730220763,1012.1053
1690730220806,1012.10345
1690730220846,1012.0991
1690730220863,1012.094
1690730220904,1012.102
1690730220944,1012.10455
1690730220963,1012.10016
1690730221007,1012.1041
1690730221044,1012.1062
1690730221064,1012.11523
1690730221105,1012.1139
1690730221146,1012.1146
1690730221163,1012.103
1690730221205,1012.1077
1690730221245,1012.108
1690730221266,1012.1113
1690730221303,1012.1156
1690730221344,1012.1188
1690730221363,1012.1199
1690730221403,1012.11884
1690730221444,1012.1051
1690730221465,1012.1008
1690730221503,1012.10425
1690730221547,1012.10394
1690730221566,1012.1001
1690730221605,1012.10333
1690730221644,1012.0962
1690730221665,1012.0962
1690730221703,1012.1024
1690730221743,1012.10205
1690730221783,1012.10474
1690730221803,1012.10156
1690730221843,1012.1029
1690730221863,1012.1009
1690730221902,1012.1083
1690730221943,1012.11316
1690730221984,1012.1116
1690730222004,1012.105
1690730222044,1012.1
1690730222064,1012.1023
1690730222104,1012.1076
1690730222143,1012.1083
1690730222164,1012.1101
1690730222204,1012.1074
1690730222244,1012.10864
1690730222264,1012.1138
1690730222304,1012.1188
1690730222344,1012.1087
1690730222383,1012.1086
1690730222402,1012.10345
1690730222443,1012.1058
1690730222484,1012.10645
1690730222505,1012.1075
1690730222546,1012.1185
1690730222584,1012.1171
1690730222604,1012.1086
1690730222645,1012.10364
1690730222684,1012.1035
1690730222704,1012.1013
1690730222744,1012.10046
1690730222782,1012.09045
1690730222804,1012.0884
1690730222843,1012.10095
1690730222883,1012.12
1690730222902,1012.1091
1690730222942,1012.1094
1690730222983,1012.1159
1690730223005,1012.11316
1690730223044,1012.1133
1690730223083,1012.10724
1690730223103,1012.1019
1690730223143,1012.0999
1690730223182,1012.09485
1690730223202,1012.0981
1690730223244,1012.0925
1690730223283,1012.09735
1690730223304,1012.1114
1690730223377,1012.1134
1690730223381,1012.1144
1690730223401,1012.118
1690730223444,1012.1108
1690730223483,1012.1075
1690730223503,1012.1094
1690730223543,1012.1082
1690730223584,1012.0972
1690730223606,1012.1023
1690730223645,1012.1101
1690730223683,1012.10724
1690730223719,1012.1007
1690730223742,1012.11633
1690730223781,1012.126
1690730223803,1012.11414
1690730223846,1012.1113
1690730223881,1012.1116
1690730223902,1012.1028
1690730223944,1012.1029
1690730223983,1012.11115
1690730224003,1012.1158
1690730224042,1012.11957
1690730224087,1012.11743
1690730224101,1012.10657
1690730224143,1012.1096
1690730224183,1012.10504
1690730224202,1012.1048
1690730224242,1012.1047
1690730224284,1012.1008
1690730224303,1012.1033
1690730224344,1012.10547
1690730224381,1012.09686
1690730224401,1012.10657
1690730224450,1012.09784
1690730224482,1012.096
1690730224504,1012.09875
1690730224541,1012.091
1690730224583,1012.0948
1690730224606,1012.10205
1690730224642,1012.1031
1690730224683,1012.11
1690730224702,1012.10583
1690730224742,1012.1027
1690730224783,1012.09973
1690730224803,1012.097
1690730224845,1012.1018
1690730224880,1012.10596
1690730224900,1012.11725
1690730224942,1012.10846
1690730224982,1012.1018
1690730225002,1012.1038
1690730225043,1012.10565
1690730225083,1012.1025
1690730225101,1012.1018
1690730225142,1012.10315
1690730225182,1012.09503
1690730225202,1012.0962
1690730225242,1012.094
1690730225284,1012.09686
1690730225303,1012.1
1690730225352,1012.09534
1690730225380,1012.09595
1690730225402,1012.10187
1690730225442,1012.09863
1690730225481,1012.0976
1690730225504,1012.0983
1690730225544,1012.09534
1690730225582,1012.1001
1690730225601,1012.09955
1690730225642,1012.1109
1690730225682,1012.11005
1690730225702,1012.1124
1690730225743,1012.10394
1690730225782,1012.0942
1690730225802,1012.0905
1690730225840,1012.1044
1690730225880,1012.1053
1690730225900,1012.1152
1690730225941,1012.10736
1690730225982,1012.1097
1690730226003,1012.1108
1690730226042,1012.109
1690730226081,1012.09973
1690730226100,1012.08606
1690730226140,1012.0898
1690730226184,1012.0946
1690730226201,1012.10297
1690730226242,1012.1025
1690730226281,1012.10443
1690730226302,1012.11224
1690730226341,1012.1086
1690730226382,1012.10297
1690730226401,1012.08923
1690730226444,1012.0861
1690730226482,1012.0865
1690730226503,1012.09515
1690730226542,1012.087
1690730226582,1012.08374
1690730226601,1012.0885
1690730226642,1012.08795
1690730226681,1012.1006
1690730226701,1012.0946
1690730226741,1012.0947
1690730226780,1012.0834
1690730226801,1012.08466
1690730226840,1012.09155
1690730226879,1012.0893
1690730226900,1012.0844
1690730226942,1012.0745
1690730226981,1012.0657
1690730227001,1012.0633
1690730227040,1012.05896
1690730227080,1012.05975
1690730227101,1012.06464
1690730227142,1012.0556
1690730227181,1012.0515
1690730227200,1012.0438
1690730227242,1012.0427
1690730227282,1012.041
1690730227301,1012.0445
1690730227339,1012.03467
1690730227379,1012.02734
1690730227401,1012.0304
1690730227439,1012.0297
1690730227481,1012.03143
1690730227503,1012.0288
1690730227543,1012.03076
1690730227581,1012.0212
1690730227602,1012.0219
1690730227642,1012.01465
1690730227680,1012.0054
1690730227700,1011.9949
1690730227742,1011.99365
1690730227781,1011.999
1690730227801,1011.99243
1690730227840,1011.99756
1690730227879,1011.9857
1690730227900,1011.98175
1690730227944,1011.98047
1690730227981,1011.974
1690730227999,1011.9639
1690730228040,1011.96185
1690730228080,1011.95685
1690730228101,1011.9553
1690730228140,1011.9508
1690730228179,1011.94836
1690730228200,1011.9541
1690730228241,1011.9435
1690730228281,1011.93475
1690730228302,1011.92944
1690730228379,1011.93274
1690730228379,1011.91895
1690730228398,1011.9143
1690730228442,1011.9077
1690730228479,1011.91095
1690730228501,1011.9083
1690730228540,1011.90314
1690730228578,1011.89764
1690730228600,1011.89636
1690730228643,1011.8906
1690730228680,1011.88525
1690730228701,1011.87964
1690730228739,1011.87054
1690730228780,1011.866
1690730228800,1011.85754
1690730228840,1011.8572
1690730228879,1011.8512
1690730228899,1011.8532
1690730228941,1011.8479
1690730228980,1011.8405
1690730228999,1011.84503
1690730229040,1011.84485
1690730229079,1011.83813
1690730229099,1011.834
1690730229140,1011.82263
1690730229179,1011.81775
1690730229199,1011.8125
1690730229239,1011.8097
1690730229279,1011.81
1690730229301,1011.81305
1690730229345,1011.80756
1690730229380,1011.8003
1690730229399,1011.7855
1690730229439,1011.78064
1690730229480,1011.7814
1690730229501,1011.77185
1690730229540,1011.7554
1690730229580,1011.75226
1690730229599,1011.75305
1690730229639,1011.7561
1690730229680,1011.7529
1690730229702,1011.7589
1690730229738,1011.7489
1690730229779,1011.75244
1690730229799,1011.7452
1690730229843,1011.7454
1690730229878,1011.73926
1690730229898,1011.7296
1690730229940,1011.72375
1690730229979,1011.7274
1690730230000,1011.7141
1690730230039,1011.7089
1690730230083,1011.71155
1690730230101,1011.711
1690730230139,1011.7106
1690730230179,1011.7064
1690730230199,1011.6992
1690730230239,1011.68744
1690730230279,1011.6827
1690730230299,1011.6819
1690730230342,1011.68164
1690730230377,1011.67773
1690730230398,1011.68286
1690730230442,1011.68384
1690730230480,1011.6818
1690730230500,1011.6918
1690730230540,1011.6826
1690730230579,1011.68164
1690730230599,1011.66907
1690730230641,1011.6604
1690730230679,1011.65625
1690730230698,1011.6565
1690730230739,1011.65906
1690730230778,1011.66565
1690730230798,1011.66376
1690730230842,1011.66345
1690730230877,1011.6555
1690730230898,1011.64386
1690730230938,1011.6469
1690730230978,1011.6487
1690730231000,1011.65283
1690730231039,1011.64746
1690730231079,1011.64417
1690730231098,1011.649
1690730231139,1011.6445
1690730231178,1011.64087
1690730231201,1011.63885
1690730231237,1011.6307
1690730231279,1011.62146
1690730231300,1011.6146
1690730231338,1011.61255
1690730231377,1011.6243
1690730231397,1011.63306
1690730231438,1011.6234
1690730231479,1011.61926
1690730231498,1011.6184
1690730231539,1011.61615
1690730231578,1011.62006
1690730231600,1011.6118
1690730231640,1011.6144
1690730231680,1011.6108
1690730231700,1011.609
1690730231737,1011.60876
1690730231778,1011.60535
1690730231798,1011.60803
1690730231838,1011.61487
1690730231879,1011.6218
1690730231898,1011.6218
1690730231938,1011.6174
1690730231977,1011.6064
1690730231997,1011.6041
1690730232039,1011.6065
1690730232078,1011.61554
1690730232099,1011.6067
1690730232137,1011.59814
1690730232179,1011.59656
1690730232200,1011.6001
1690730232238,1011.6103
1690730232279,1011.61676
1690730232297,1011.60376
1690730232337,1011.6034
1690730232376,1011.59863
1690730232397,1011.6029
1690730232437,1011.6061
1690730232476,1011.6082
1690730232498,1011.6172
1690730232538,1011.6305
1690730232578,1011.6293
1690730232599,1011.63086
1690730232638,1011.6315
1690730232681,1011.6317
1690730232697,1011.6465
1690730232740,1011.6439
1690730232778,1011.63965
1690730232797,1011.6517
1690730232838,1011.6499
1690730232876,1011.65485
1690730232897,1011.655
1690730232940,1011.6543
1690730232977,1011.6578
1690730232997,1011.6547
1690730233038,1011.6516
1690730233078,1011.6487
1690730233097,1011.6532
1690730233138,1011.66455
1690730233179,1011.6741
1690730233197,1011.6793
1690730233236,1011.67126
1690730233277,1011.6738
1690730233297,1011.67395
1690730233338,1011.6758
1690730233387,1011.6798
1690730233396,1011.68787
1690730233436,1011.68384
1690730233477,1011.67224
1690730233497,1011.6575
1690730233537,1011.6571
1690730233577,1011.65356
1690730233596,1011.6566
1690730233637,1011.6598
1690730233677,1011.65515
1690730233697,1011.6551
1690730233738,1011.6563
1690730233776,1011.65936
1690730233796,1011.6645
1690730233837,1011.67236
1690730233875,1011.6752
1690730233896,1011.681
1690730233935,1011.671
1690730233976,1011.662
1690730233996,1011.66473
1690730234037,1011.66907
1690730234076,1011.66833
1690730234096,1011.67566
1690730234136,1011.66626
1690730234179,1011.6599
1690730234196,1011.6565
1690730234237,1011.65594
1690730234276,1011.6608
1690730234296,1011.66394
1690730234337,1011.6669
1690730234375,1011.6683
1690730234396,1011.667
1690730234437,1011.66455
1690730234475,1011.66016
1690730234495,1011.67194
