1690729043950,1013.49316
1690729043970,1013.4095
1690729044009,1013.3987
1690729044049,1013.38086
1690729044069,1013.36865
1690729044109,1013.3689
1690729044149,1013.37354
1690729044169,1013.37244
1690729044209,1013.375
1690729044249,1013.3733
1690729044269,1013.3565
1690729044310,1013.35364
1690729044350,1013.35565
1690729044370,1013.344
1690729044411,1013.34314
1690729044451,1013.364
1690729044469,1013.3691
1690729044509,1013.36456
1690729044552,1013.36487
1690729044571,1013.37555
1690729044612,1013.3795
1690729044650,1013.36743
1690729044670,1013.3679
1690729044710,1013.36426
1690729044752,1013.3575
1690729044772,1013.36035
1690729044811,1013.3671
1690729044852,1013.3707
1690729044871,1013.3752
1690729044910,1013.38275
1690729044953,1013.3777
1690729044975,1013.3711
1690729045009,1013.3762
1690729045050,1013.37665
1690729045074,1013.37225
1690729045110,1013.37445
1690729045152,1013.3779
1690729045170,1013.37756
1690729045211,1013.37384
1690729045253,1013.3851
1690729045270,1013.38806
1690729045310,1013.3901
1690729045352,1013.3855
1690729045370,1013.3818
1690729045409,1013.3776
1690729045456,1013.3881
1690729045470,1013.3909
1690729045509,1013.3917
1690729045555,1013.39764
1690729045572,1013.3915
1690729045609,1013.39484
1690729045649,1013.3953
1690729045669,1013.40137
1690729045710,1013.3944
1690729045750,1013.4045
1690729045769,1013.4023
1690729045809,1013.39417
1690729045853,1013.38605
1690729045872,1013.3825
1690729045911,1013.3805
1690729045951,1013.39014
1690729045969,1013.4125
1690729046008,1013.4056
1690729046049,1013.3904
1690729046074,1013.3901
1690729046111,1013.379
1690729046150,1013.3817
1690729046169,1013.38654
1690729046212,1013.39056
1690729046250,1013.39
1690729046271,1013.40625
1690729046309,1013.4243
1690729046352,1013.4269
1690729046369,1013.4073
1690729046408,1013.4079
1690729046448,1013.39197
1690729046468,1013.3633
1690729046509,1013.37085
1690729046561,1013.3827
1690729046569,1013.39185
1690729046610,1013.4088
1690729046649,1013.4286
1690729046670,1013.43555
1690729046710,1013.44824
1690729046749,1013.4137
1690729046770,1013.39374
1690729046812,1013.4033
1690729046850,1013.4182
1690729046870,1013.41266
1690729046910,1013.42163
1690729046950,1013.44855
1690729046968,1013.4528
1690729047008,1013.44904
1690729047057,1013.40015
1690729047071,1013.375
1690729047111,1013.38293
1690729047149,1013.3788
1690729047169,1013.3732
1690729047210,1013.3935
1690729047251,1013.4288
1690729047272,1013.44574
1690729047311,1013.4566
1690729047349,1013.4442
1690729047369,1013.4128
1690729047409,1013.40283
1690729047448,1013.4015
1690729047468,1013.3995
1690729047508,1013.40137
1690729047559,1013.42017
1690729047571,1013.4206
1690729047609,1013.4319
1690729047653,1013.44116
1690729047670,1013.38696
1690729047709,1013.33276
1690729047749,1013.337
1690729047769,1013.37
1690729047814,1013.3514
1690729047849,1013.37976
1690729047869,1013.4005
1690729047909,1013.42993
1690729047949,1013.4277
1690729047969,1013.4148
1690729048007,1013.3937
1690729048050,1013.4055
1690729048080,1013.40924
1690729048108,1013.41864
1690729048149,1013.4247
1690729048170,1013.42883
1690729048208,1013.45416
1690729048249,1013.4332
1690729048269,1013.3886
1690729048309,1013.36206
1690729048349,1013.34674
1690729048368,1013.34314
1690729048409,1013.3661
1690729048453,1013.39233
1690729048468,1013.4205
1690729048507,1013.4416
1690729048548,1013.4568
1690729048571,1013.44434
1690729048609,1013.4197
1690729048650,1013.39215
1690729048668,1013.3998
1690729048709,1013.3989
1690729048748,1013.4264
1690729048768,1013.45654
1690729048809,1013.46747
1690729048848,1013.4823
1690729048869,1013.45764
1690729048910,1013.41296
1690729048948,1013.3935
1690729048968,1013.38354
1690729049006,1013.3696
1690729049050,1013.37805
1690729049075,1013.39954
1690729049107,1013.42975
1690729049150,1013.4517
1690729049169,1013.45734
1690729049208,1013.43494
1690729049248,1013.40643
1690729049268,1013.41284
1690729049308,1013.4232
1690729049353,1013.4321
1690729049366,1013.4532
1690729049410,1013.453
1690729049447,1013.4608
1690729049467,1013.4586
1690729049507,1013.4136
1690729049550,1013.3773
1690729049566,1013.3742
1690729049607,1013.3574
1690729049648,1013.3583
1690729049671,1013.4031
1690729049709,1013.4053
1690729049748,1013.4158
1690729049767,1013.44183
1690729049812,1013.45667
1690729049848,1013.4419
1690729049873,1013.4294
1690729049909,1013.41614
1690729049948,1013.41455
1690729049968,1013.416
1690729050007,1013.4175
1690729050047,1013.4336
1690729050073,1013.42944
1690729050109,1013.4028
1690729050149,1013.3539
1690729050167,1013.29407
1690729050208,1013.27783
1690729050247,1013.28894
1690729050267,1013.29517
1690729050306,1013.3423
1690729050349,1013.37604
1690729050369,1013.40576
1690729050408,1013.42523
1690729050450,1013.42596
1690729050466,1013.39905
1690729050506,1013.3845
1690729050550,1013.3741
1690729050569,1013.3789
1690729050608,1013.39453
1690729050647,1013.4136
1690729050667,1013.4298
1690729050708,1013.4415
1690729050749,1013.39355
1690729050769,1013.3302
1690729050808,1013.30054
1690729050848,1013.2898
1690729050866,1013.28864
1690729050908,1013.2992
1690729050947,1013.3291
1690729050970,1013.3868
1690729051007,1013.41833
1690729051049,1013.47015
1690729051067,1013.4817
1690729051109,1013.4345
1690729051149,1013.388
1690729051166,1013.37463
1690729051210,1013.3728
1690729051247,1013.38763
1690729051268,1013.4057
1690729051306,1013.42914
1690729051347,1013.4375
1690729051370,1013.43317
1690729051406,1013.38104
1690729051447,1013.336
1690729051467,1013.3105
1690729051505,1013.3041
1690729051547,1013.3218
1690729051570,1013.3601
1690729051608,1013.3979
1690729051647,1013.43176
1690729051669,1013.49615
1690729051709,1013.494
1690729051746,1013.4584
1690729051766,1013.42285
1690729051807,1013.4014
1690729051846,1013.3929
1690729051867,1013.4075
1690729051908,1013.41693
1690729051948,1013.43665
1690729051974,1013.44006
1690729052006,1013.4347
1690729052045,1013.4145
1690729052069,1013.3785
1690729052107,1013.3478
1690729052148,1013.3365
1690729052166,1013.3325
1690729052206,1013.3376
1690729052246,1013.3773
1690729052268,1013.4111
1690729052307,1013.46655
1690729052347,1013.48254
1690729052366,1013.4507
1690729052406,1013.431
1690729052448,1013.4177
1690729052468,1013.4056
1690729052506,1013.4014
1690729052547,1013.41223
1690729052566,1013.42456
1690729052607,1013.44244
1690729052645,1013.4628
1690729052666,1013.43713
1690729052708,1013.38586
1690729052747,1013.349
1690729052773,1013.3324
1690729052805,1013.337
1690729052846,1013.35034
1690729052866,1013.4082
1690729052907,1013.454
1690729052949,1013.47864
1690729052969,1013.49207
1690729053004,1013.47217
1690729053045,1013.44257
1690729053071,1013.4176
1690729053105,1013.4143
1690729053145,1013.4131
1690729053169,1013.41766
1690729053206,1013.415
1690729053246,1013.4084
1690729053267,1013.41534
1690729053308,1013.4435
1690729053347,1013.42145
1690729053365,1013.38464
1690729053405,1013.36066
1690729053447,1013.36005
1690729053466,1013.34894
1690729053505,1013.3509
1690729053545,1013.42395
1690729053567,1013.4575
1690729053605,1013.48956
1690729053647,1013.4737
1690729053668,1013.4436
1690729053705,1013.41833
1690729053748,1013.4049
1690729053765,1013.3972
1690729053807,1013.40924
1690729053847,1013.4076
1690729053867,1013.4193
1690729053906,1013.42334
1690729053949,1013.4519
1690729053965,1013.4504
1690729054004,1013.41296
1690729054044,1013.37964
1690729054068,1013.3734
1690729054106,1013.3584
1690729054145,1013.3578
1690729054165,1013.3913
1690729054204,1013.4338
1690729054247,1013.47626
1690729054267,1013.4728
1690729054306,1013.4645
1690729054347,1013.4344
1690729054367,1013.411
1690729054405,1013.40405
1690729054447,1013.39557
1690729054465,1013.4043
1690729054505,1013.4323
1690729054544,1013.468
1690729054567,1013.46704
1690729054606,1013.44025
1690729054646,1013.39734
1690729054664,1013.33997
1690729054706,1013.33704
1690729054745,1013.35376
1690729054765,1013.37286
1690729054805,1013.41223
1690729054846,1013.4434
1690729054864,1013.4601
1690729054917,1013.46216
1690729054947,1013.4363
1690729054965,1013.4173
1690729055004,1013.3927
1690729055044,1013.37915
1690729055068,1013.38385
1690729055104,1013.40753
1690729055147,1013.4189
1690729055164,1013.42194
1690729055209,1013.4464
1690729055245,1013.4253
1690729055265,1013.39746
1690729055305,1013.38617
1690729055344,1013.3793
1690729055365,1013.3795
1690729055406,1013.3784
1690729055446,1013.39056
1690729055468,1013.40247
1690729055503,1013.40985
1690729055544,1013.39954
1690729055564,1013.4081
1690729055604,1013.40295
1690729055646,1013.40137
1690729055664,1013.398
1690729055704,1013.3878
1690729055747,1013.387
1690729055764,1013.3858
1690729055804,1013.38135
1690729055847,1013.36957
1690729055867,1013.3854
1690729055906,1013.4075
1690729055944,1013.3992
1690729055964,1013.39685
1690729056003,1013.4033
1690729056044,1013.42413
1690729056064,1013.44366
1690729056104,1013.4359
1690729056146,1013.43005
1690729056163,1013.4247
1690729056204,1013.4605
1690729056245,1013.47015
1690729056264,1013.4348
1690729056303,1013.41394
1690729056343,1013.4142
1690729056365,1013.42957
1690729056404,1013.4443
1690729056444,1013.4457
1690729056468,1013.45416
1690729056503,1013.45496
1690729056545,1013.4375
1690729056563,1013.4241
1690729056606,1013.40137
1690729056644,1013.3946
1690729056664,1013.4125
1690729056705,1013.42
1690729056747,1013.42944
1690729056764,1013.44165
1690729056805,1013.46204
1690729056846,1013.48755
1690729056867,1013.4534
1690729056904,1013.43835
1690729056945,1013.44037
1690729056964,1013.4424
1690729057002,1013.44653
1690729057044,1013.4454
1690729057067,1013.4535
1690729057103,1013.4696
1690729057146,1013.4685
1690729057166,1013.44543
1690729057205,1013.4143
1690729057244,1013.4121
1690729057264,1013.42004
1690729057304,1013.4254
1690729057345,1013.45044
1690729057364,1013.4618
1690729057404,1013.4753
1690729057447,1013.4781
1690729057464,1013.4634
1690729057502,1013.4489
1690729057543,1013.4398
1690729057563,1013.44324
1690729057603,1013.4409
1690729057643,1013.4442
1690729057664,1013.4546
1690729057705,1013.45166
1690729057747,1013.4499
1690729057764,1013.44916
1690729057802,1013.41504
1690729057844,1013.3839
1690729057867,1013.37964
1690729057903,1013.3769
1690729057947,1013.3726
1690729057966,1013.39655
1690729058004,1013.4286
1690729058044,1013.4514
1690729058065,1013.4757
1690729058104,1013.4625
1690729058144,1013.44086
1690729058164,1013.4275
1690729058204,1013.4327
1690729058242,1013.438
1690729058266,1013.4487
1690729058305,1013.4503
1690729058344,1013.45087
1690729058364,1013.4653
1690729058405,1013.46826
1690729058445,1013.436
1690729058462,1013.40454
1690729058502,1013.38196
1690729058543,1013.3811
1690729058563,1013.3818
1690729058602,1013.41504
1690729058643,1013.4509
1690729058662,1013.4668
1690729058704,1013.5021
1690729058746,1013.4872
1690729058763,1013.4571
1690729058809,1013.44434
1690729058842,1013.4345
1690729058864,1013.43567
1690729058904,1013.45026
1690729058944,1013.4455
1690729058963,1013.46106
1690729059003,1013.47797
1690729059041,1013.4895
1690729059061,1013.45233
1690729059103,1013.4068
1690729059145,1013.3855
1690729059166,1013.3783
1690729059203,1013.36816
1690729059242,1013.38806
1690729059263,1013.4375
1690729059303,1013.4624
1690729059344,1013.4854
1690729059362,1013.5074
1690729059402,1013.4751
1690729059444,1013.4488
1690729059464,1013.4236
1690729059501,1013.4353
1690729059542,1013.44476
1690729059562,1013.4508
1690729059605,1013.4667
1690729059642,1013.4742
1690729059663,1013.4793
1690729059708,1013.4321
1690729059742,1013.396
1690729059765,1013.3806
1690729059802,1013.3741
1690729059841,1013.37317
1690729059864,1013.4024
1690729059902,1013.43286
1690729059943,1013.459
1690729059962,1013.47546
1690729060004,1013.5089
1690729060042,1013.48663
1690729060067,1013.4626
1690729060101,1013.44586
1690729060142,1013.4479
1690729060162,1013.44714
1690729060202,1013.45416
1690729060243,1013.4623
1690729060262,1013.46857
1690729060302,1013.46875
1690729060341,1013.45105
1690729060362,1013.4184
1690729060402,1013.3948
1690729060445,1013.37585
1690729060463,1013.3874
1690729060502,1013.3988
1690729060540,1013.4229
1690729060561,1013.4429
1690729060602,1013.4689
1690729060642,1013.4996
1690729060663,1013.4823
1690729060701,1013.4597
1690729060742,1013.44324
1690729060762,1013.43256
1690729060803,1013.4287
1690729060847,1013.4282
1690729060862,1013.44116
1690729060901,1013.46674
1690729060943,1013.4744
1690729060961,1013.46545
1690729061005,1013.4269
1690729061041,1013.40326
1690729061061,1013.3843
1690729061107,1013.383
1690729061141,1013.375
1690729061161,1013.37445
1690729061207,1013.413
1690729061241,1013.4654
1690729061268,1013.474
1690729061301,1013.48584
1690729061342,1013.47284
1690729061365,1013.4453
1690729061402,1013.42737
1690729061441,1013.4229
1690729061462,1013.43195
1690729061501,1013.43695
1690729061541,1013.44745
1690729061563,1013.47107
1690729061601,1013.4865
1690729061642,1013.49396
1690729061662,1013.44934
1690729061700,1013.4198
1690729061741,1013.3976
1690729061763,1013.3688
1690729061802,1013.3711
1690729061841,1013.3828
1690729061861,1013.4204
1690729061900,1013.44727
1690729061943,1013.46387
1690729061961,1013.46954
1690729062001,1013.456
1690729062042,1013.44104
1690729062061,1013.44617
1690729062100,1013.4406
1690729062142,1013.443
1690729062163,1013.44434
1690729062203,1013.43823
1690729062242,1013.43994
1690729062264,1013.4406
1690729062303,1013.4502
1690729062341,1013.4529
1690729062361,1013.4394
1690729062403,1013.43616
1690729062440,1013.4259
1690729062462,1013.4183
1690729062499,1013.4202
1690729062542,1013.43427
1690729062565,1013.44556
1690729062600,1013.4381
1690729062642,1013.4542
1690729062661,1013.4529
1690729062700,1013.46234
1690729062742,1013.45544
1690729062764,1013.45166
1690729062800,1013.4369
1690729062840,1013.444
1690729062861,1013.44037
1690729062902,1013.4499
1690729062941,1013.4488
1690729062964,1013.4686
1690729062999,1013.4501
1690729063040,1013.44196
1690729063060,1013.4284
1690729063101,1013.41345
1690729063141,1013.41394
1690729063162,1013.42316
1690729063200,1013.4345
1690729063239,1013.4345
1690729063260,1013.42847
1690729063302,1013.4405
1690729063341,1013.4465
1690729063361,1013.4463
1690729063398,1013.44666
1690729063439,1013.44196
1690729063459,1013.43054
1690729063499,1013.4216
1690729063540,1013.4293
1690729063560,1013.43555
1690729063603,1013.4367
1690729063639,1013.4426
1690729063660,1013.455
1690729063703,1013.4397
1690729063741,1013.4304
1690729063763,1013.43066
1690729063801,1013.4269
1690729063841,1013.4387
1690729063863,1013.4409
1690729063900,1013.4408
1690729063941,1013.443
1690729063960,1013.4565
1690729064001,1013.46326
1690729064039,1013.46326
1690729064060,1013.4636
1690729064100,1013.4601
1690729064141,1013.4476
1690729064161,1013.4471
1690729064204,1013.4485
1690729064242,1013.4492
1690729064261,1013.4502
1690729064300,1013.448
1690729064344,1013.4488
1690729064360,1013.4563
1690729064402,1013.45337
1690729064439,1013.43756
1690729064461,1013.4258
1690729064503,1013.42017
1690729064539,1013.4272
1690729064559,1013.4318
1690729064601,1013.4452
1690729064639,1013.4461
1690729064660,1013.4467
1690729064702,1013.467
1690729064739,1013.47327
1690729064760,1013.4647
1690729064799,1013.4693
1690729064841,1013.4516
1690729064860,1013.4353
1690729064900,1013.43616
1690729064940,1013.437
1690729064959,1013.4421
1690729065001,1013.45325
1690729065038,1013.4468
1690729065059,1013.4448
1690729065102,1013.4334
1690729065139,1013.4243
1690729065160,1013.4192
1690729065200,1013.4067
1690729065239,1013.40674
1690729065263,1013.4075
1690729065300,1013.4278
1690729065340,1013.45056
1690729065360,1013.45874
1690729065399,1013.4737
1690729065439,1013.47925
1690729065460,1013.4571
1690729065510,1013.4359
1690729065538,1013.4114
1690729065559,1013.3999
1690729065600,1013.41425
1690729065642,1013.4192
1690729065659,1013.4187
1690729065699,1013.4418
1690729065739,1013.46606
1690729065779,1013.4619
1690729065803,1013.43884
1690729065840,1013.3978
1690729065879,1013.3806
1690729065899,1013.3731
1690729065938,1013.3712
1690729065979,1013.389
1690729066004,1013.4027
1690729066037,1013.41785
1690729066059,1013.4395
1690729066100,1013.4619
1690729066138,1013.47485
1690729066178,1013.464
1690729066200,1013.445
1690729066239,1013.42377
1690729066259,1013.4029
1690729066299,1013.39966
1690729066339,1013.4103
1690729066381,1013.4262
1690729066399,1013.4496
1690729066438,1013.4605
1690729066478,1013.4621
1690729066497,1013.4361
1690729066537,1013.39453
1690729066579,1013.35803
1690729066601,1013.34656
1690729066646,1013.3442
1690729066678,1013.34595
1690729066700,1013.38214
1690729066738,1013.4149
1690729066779,1013.4436
1690729066799,1013.45514
1690729066838,1013.48126
1690729066877,1013.44745
1690729066898,1013.4193
1690729066937,1013.3914
1690729066978,1013.36993
1690729067002,1013.36127
1690729067038,1013.3806
1690729067081,1013.4062
1690729067097,1013.4362
1690729067136,1013.45636
1690729067177,1013.45917
1690729067198,1013.41473
1690729067239,1013.384
1690729067260,1013.3654
1690729067299,1013.36536
1690729067339,1013.36334
1690729067378,1013.3838
1690729067398,1013.3998
1690729067441,1013.42285
1690729067478,1013.46045
1690729067507,1013.49225
1690729067537,1013.5052
1690729067577,1013.4828
1690729067599,1013.453
1690729067638,1013.426
1690729067679,1013.40137
1690729067700,1013.39655
1690729067737,1013.41296
1690729067778,1013.43756
1690729067798,1013.43115
1690729067838,1013.4475
1690729067879,1013.45856
1690729067898,1013.4291
1690729067937,1013.4177
1690729067979,1013.3983
1690729067999,1013.39166
1690729068037,1013.38403
1690729068077,1013.3649
1690729068107,1013.3828
1690729068138,1013.41003
1690729068181,1013.42
1690729068199,1013.44257
1690729068238,1013.4794
1690729068278,1013.4643
1690729068297,1013.4358
1690729068336,1013.3997
1690729068379,1013.3745
1690729068400,1013.3562
1690729068438,1013.3625
1690729068477,1013.37616
1690729068497,1013.40344
1690729068536,1013.41974
1690729068578,1013.4564
1690729068602,1013.46643
1690729068641,1013.4198
1690729068679,1013.3595
1690729068698,1013.34845
1690729068738,1013.35
1690729068777,1013.3556
1690729068798,1013.3791
1690729068839,1013.4117
1690729068878,1013.4236
1690729068898,1013.4449
1690729068938,1013.49176
1690729068977,1013.48755
1690729068997,1013.4573
1690729069036,1013.42694
1690729069076,1013.4103
1690729069098,1013.3882
1690729069138,1013.3782
1690729069177,1013.3953
1690729069197,1013.41156
1690729069236,1013.4165
1690729069277,1013.4402
1690729069299,1013.4931
1690729069336,1013.4777
1690729069378,1013.4104
1690729069397,1013.3683
1690729069436,1013.3601
1690729069477,1013.3739
1690729069496,1013.396
1690729069537,1013.4059
1690729069576,1013.4213
1690729069597,1013.4413
1690729069636,1013.4701
1690729069678,1013.4895
1690729069698,1013.4755
1690729069737,1013.4572
1690729069779,1013.4232
1690729069797,1013.3972
1690729069838,1013.40405
1690729069876,1013.4239
1690729069898,1013.42535
1690729069938,1013.4259
1690729069976,1013.4665
1690729069998,1013.451
1690729070036,1013.41003
1690729070076,1013.386
1690729070096,1013.36456
1690729070137,1013.3512
1690729070177,1013.3655
1690729070197,1013.3755
1690729070236,1013.3909
1690729070276,1013.4153
1690729070297,1013.43726
1690729070337,1013.47156
1690729070377,1013.4799
1690729070396,1013.47015
1690729070438,1013.44257
1690729070476,1013.40454
1690729070495,1013.38544
1690729070536,1013.3836
1690729070576,1013.3932
1690729070596,1013.39124
1690729070635,1013.39166
1690729070677,1013.431
1690729070696,1013.47766
1690729070738,1013.45667
1690729070776,1013.4064
1690729070799,1013.3582
1690729070837,1013.33093
1690729070876,1013.32556
1690729070897,1013.3507
1690729070936,1013.373
1690729070976,1013.3854
1690729070995,1013.39905
1690729071035,1013.42334
1690729071076,1013.4619
1690729071098,1013.46606
1690729071135,1013.44037
1690729071176,1013.40955
1690729071198,1013.3844
1690729071236,1013.3625
1690729071275,1013.3484
1690729071297,1013.3762
1690729071337,1013.4016
1690729071377,1013.4148
1690729071396,1013.4173
1690729071438,1013.4271
1690729071475,1013.4242
1690729071497,1013.39636
1690729071534,1013.3725
1690729071575,1013.35956
1690729071598,1013.3475
1690729071636,1013.3455
1690729071677,1013.3506
1690729071695,1013.37427
1690729071737,1013.4237
1690729071777,1013.46497
1690729071797,1013.45557
1690729071836,1013.4359
1690729071877,1013.41174
1690729071897,1013.39294
1690729071935,1013.3723
1690729071977,1013.3636
1690729071997,1013.36206
1690729072035,1013.37573
1690729072076,1013.38556
1690729072103,1013.397
1690729072137,1013.4197
1690729072176,1013.4292
1690729072196,1013.39276
1690729072235,1013.35986
1690729072276,1013.3338
1690729072296,1013.3143
1690729072336,1013.30554
1690729072374,1013.3296
1690729072396,1013.35944
1690729072438,1013.3849
1690729072475,1013.43475
1690729072496,1013.4612
1690729072534,1013.4769
1690729072575,1013.4548
1690729072598,1013.4119
1690729072636,1013.37646
1690729072674,1013.3416
1690729072695,1013.3339
1690729072735,1013.3615
1690729072777,1013.3797
1690729072795,1013.39496
1690729072836,1013.4228
1690729072876,1013.43274
1690729072895,1013.4131
1690729072935,1013.3622
1690729072976,1013.33167
1690729072997,1013.3312
1690729073034,1013.3368
1690729073075,1013.32935
1690729073094,1013.33655
1690729073135,1013.36237
1690729073174,1013.3987
1690729073195,1013.44324
1690729073234,1013.4518
1690729073275,1013.44385
1690729073295,1013.41223
1690729073334,1013.3701
1690729073376,1013.3307
1690729073409,1013.3158
1690729073435,1013.3328
1690729073481,1013.3488
1690729073495,1013.3874
1690729073535,1013.4212
1690729073574,1013.4117
1690729073594,1013.39966
1690729073637,1013.3863
1690729073675,1013.3769
1690729073696,1013.34564
1690729073735,1013.3223
1690729073776,1013.3278
1690729073796,1013.3419
1690729073835,1013.35034
1690729073875,1013.3724
1690729073894,1013.4
1690729073935,1013.4247
1690729073974,1013.4254
1690729073995,1013.43384
1690729074037,1013.40765
1690729074074,1013.35864
1690729074094,1013.3505
1690729074135,1013.35
1690729074175,1013.3519
1690729074196,1013.3583
1690729074235,1013.37634
1690729074276,1013.3833
1690729074296,1013.38617
1690729074334,1013.37463
1690729074375,1013.3525
1690729074395,1013.34607
1690729074434,1013.3359
1690729074475,1013.3175
1690729074496,1013.3319
1690729074536,1013.35144
1690729074573,1013.36523
1690729074595,1013.4008
1690729074634,1013.4255
1690729074675,1013.45123
1690729074693,1013.4356
1690729074734,1013.4082
1690729074775,1013.3767
1690729074795,1013.35736
1690729074835,1013.3415
1690729074874,1013.3458
1690729074896,1013.35095
1690729074934,1013.3668
1690729074975,1013.395
1690729074995,1013.39624
1690729075038,1013.37366
1690729075072,1013.3151
1690729075093,1013.27
1690729075134,1013.26355
1690729075174,1013.30646
1690729075194,1013.3412
1690729075235,1013.3485
1690729075275,1013.36084
1690729075295,1013.37256
1690729075333,1013.39307
1690729075374,1013.4025
1690729075394,1013.4042
1690729075436,1013.3977
1690729075474,1013.3792
1690729075495,1013.34546
1690729075537,1013.31335
1690729075574,1013.31354
1690729075594,1013.3318
1690729075636,1013.36005
1690729075675,1013.40826
1690729075695,1013.4132
1690729075735,1013.4053
1690729075776,1013.385
1690729075793,1013.3702
1690729075833,1013.34485
1690729075874,1013.3308
1690729075894,1013.3229
1690729075935,1013.3285
1690729075977,1013.3381
1690729075994,1013.34827
1690729076033,1013.38275
1690729076074,1013.39124
1690729076093,1013.40717
1690729076133,1013.4107
1690729076176,1013.3956
1690729076195,1013.36884
1690729076233,1013.3404
1690729076275,1013.34155
1690729076294,1013.346
1690729076334,1013.3513
1690729076374,1013.3682
1690729076393,1013.3695
1690729076433,1013.35925
1690729076474,1013.35706
1690729076492,1013.35156
1690729076532,1013.3318
1690729076572,1013.3178
1690729076594,1013.2976
1690729076633,1013.32764
1690729076676,1013.3528
1690729076695,1013.375
1690729076736,1013.4033
1690729076775,1013.3998
1690729076795,1013.41156
1690729076835,1013.4086
1690729076875,1013.3766
1690729076893,1013.3434
1690729076934,1013.3314
1690729076974,1013.3331
1690729076993,1013.34894
1690729077031,1013.34924
1690729077076,1013.3491
1690729077093,1013.3471
1690729077135,1013.3335
1690729077173,1013.3469
1690729077196,1013.3349
1690729077235,1013.3297
1690729077272,1013.3334
1690729077294,1013.31903
1690729077333,1013.3219
1690729077375,1013.3179
1690729077393,1013.3161
1690729077432,1013.3243
1690729077474,1013.32477
1690729077493,1013.32556
1690729077532,1013.32074
1690729077571,1013.3261
1690729077591,1013.32446
1690729077631,1013.31055
1690729077674,1013.3041
1690729077694,1013.30554
1690729077733,1013.31366
1690729077773,1013.31885
1690729077793,1013.3083
1690729077832,1013.3098
1690729077873,1013.318
1690729077894,1013.3154
1690729077932,1013.3294
1690729077973,1013.3326
1690729077994,1013.3138
1690729078033,1013.31494
1690729078072,1013.3157
1690729078092,1013.3133
1690729078133,1013.3154
1690729078173,1013.313
1690729078195,1013.31177
1690729078232,1013.3147
1690729078273,1013.32446
1690729078293,1013.33405
1690729078333,1013.3194
1690729078371,1013.3075
1690729078393,1013.30914
1690729078432,1013.3102
1690729078473,1013.31537
1690729078495,1013.3092
1690729078531,1013.31354
1690729078570,1013.31635
1690729078591,1013.3167
1690729078633,1013.3302
1690729078672,1013.3279
1690729078693,1013.32227
1690729078733,1013.3135
1690729078771,1013.29553
1690729078791,1013.2959
1690729078835,1013.30524
1690729078874,1013.29956
1690729078896,1013.29584
1690729078932,1013.31915
1690729078972,1013.318
1690729078992,1013.2957
1690729079033,1013.295
1690729079072,1013.3221
1690729079091,1013.3399
1690729079138,1013.35077
1690729079170,1013.3628
1690729079191,1013.3392
1690729079232,1013.34534
1690729079271,1013.3381
1690729079296,1013.33514
1690729079331,1013.3243
1690729079373,1013.3163
1690729079393,1013.2983
1690729079432,1013.2948
1690729079474,1013.295
1690729079493,1013.30695
1690729079534,1013.3039
1690729079570,1013.3103
1690729079591,1013.31323
1690729079633,1013.3059
1690729079673,1013.31177
1690729079692,1013.31305
1690729079730,1013.30164
1690729079771,1013.2922
1690729079792,1013.2964
1690729079833,1013.288
1690729079871,1013.29724
1690729079893,1013.2974
1690729079930,1013.3053
1690729079975,1013.31384
1690729079994,1013.3059
1690729080032,1013.2947
1690729080070,1013.29065
1690729080090,1013.29663
1690729080132,1013.2992
1690729080172,1013.31586
1690729080197,1013.3411
1690729080231,1013.3379
1690729080272,1013.336
1690729080291,1013.3634
1690729080336,1013.385
1690729080370,1013.3722
1690729080393,1013.34314
1690729080433,1013.32275
1690729080471,1013.3165
1690729080491,1013.322
1690729080531,1013.32385
1690729080570,1013.3409
1690729080591,1013.3423
1690729080632,1013.34143
1690729080672,1013.3403
1690729080691,1013.3319
1690729080733,1013.3145
1690729080772,1013.29956
1690729080790,1013.29663
1690729080832,1013.3083
1690729080871,1013.31433
1690729080890,1013.3251
1690729080930,1013.3417
1690729080973,1013.36884
1690729080992,1013.3932
1690729081035,1013.4068
1690729081069,1013.3821
1690729081089,1013.33374
1690729081135,1013.3084
1690729081172,1013.3017
1690729081190,1013.31995
1690729081231,1013.3307
1690729081270,1013.34186
1690729081293,1013.3618
1690729081335,1013.3739
1690729081371,1013.3673
1690729081392,1013.3493
1690729081432,1013.33307
1690729081469,1013.3037
1690729081492,1013.28815
1690729081533,1013.29364
1690729081569,1013.295
1690729081590,1013.32043
1690729081634,1013.3462
1690729081670,1013.37494
1690729081689,1013.38947
1690729081732,1013.394
1690729081771,1013.379
1690729081791,1013.34955
1690729081831,1013.32477
1690729081871,1013.3094
1690729081892,1013.3154
1690729081931,1013.3246
1690729081974,1013.3214
1690729081989,1013.33826
1690729082034,1013.3514
1690729082071,1013.3605
1690729082089,1013.3437
1690729082132,1013.32434
1690729082170,1013.3086
1690729082190,1013.2931
1690729082232,1013.2848
1690729082274,1013.2962
1690729082289,1013.3002
1690729082331,1013.3149
1690729082370,1013.34985
1690729082392,1013.37036
1690729082429,1013.39514
1690729082471,1013.3812
1690729082488,1013.34906
1690729082530,1013.32434
1690729082568,1013.3137
1690729082588,1013.32245
1690729082628,1013.3268
1690729082668,1013.32806
1690729082689,1013.34174
1690729082729,1013.3511
1690729082770,1013.37573
1690729082790,1013.3633
1690729082830,1013.32355
1690729082871,1013.31067
1690729082890,1013.286
1690729082929,1013.2821
1690729082969,1013.2975
1690729082989,1013.2969
1690729083029,1013.3064
1690729083069,1013.3373
1690729083094,1013.3885
1690729083133,1013.39764
1690729083171,1013.3916
1690729083189,1013.35864
1690729083229,1013.3184
1690729083270,1013.3066
1690729083290,1013.31696
1690729083328,1013.3131
1690729083369,1013.3218
1690729083388,1013.3532
1690729083429,1013.37195
1690729083470,1013.3762
1690729083489,1013.34875
1690729083530,1013.3199
1690729083568,1013.2933
1690729083588,1013.26294
1690729083630,1013.2523
1690729083669,1013.2741
1690729083689,1013.30396
1690729083728,1013.34717
1690729083769,1013.3578
1690729083789,1013.3595
1690729083828,1013.3734
1690729083869,1013.3754
1690729083890,1013.3463
1690729083929,1013.33575
1690729083969,1013.3131
1690729083988,1013.3055
1690729084032,1013.3078
1690729084068,1013.317
1690729084088,1013.3361
1690729084130,1013.3551
1690729084168,1013.34985
1690729084189,1013.312
1690729084230,1013.2925
1690729084269,1013.27893
1690729084289,1013.2601
1690729084328,1013.26794
1690729084371,1013.29047
1690729084392,1013.30414
1690729084429,1013.3119
1690729084473,1013.3406
1690729084488,1013.39636
1690729084529,1013.3991
1690729084569,1013.35693
1690729084587,1013.3231
1690729084631,1013.3055
1690729084668,1013.3104
1690729084689,1013.3219
1690729084729,1013.31647
1690729084774,1013.33307
1690729084788,1013.3442
1690729084828,1013.3319
1690729084868,1013.31366
1690729084888,1013.30054
1690729084927,1013.27814
1690729084970,1013.2723
1690729084989,1013.2615
1690729085029,1013.26855
1690729085068,1013.2951
1690729085087,1013.3064
1690729085128,1013.3241
1690729085172,1013.37036
1690729085189,1013.3773
1690729085229,1013.3445
1690729085269,1013.32446
1690729085290,1013.31616
1690729085328,1013.32635
1690729085367,1013.3399
1690729085389,1013.33215
1690729085429,1013.32416
1690729085470,1013.30927
1690729085487,1013.332
1690729085528,1013.3508
1690729085567,1013.32104
1690729085587,1013.31946
1690729085632,1013.3197
1690729085668,1013.2954
1690729085688,1013.29333
1690729085728,1013.28076
1690729085770,1013.277
1690729085787,1013.2772
1690729085829,1013.3054
1690729085873,1013.3441
1690729085887,1013.34534
1690729085928,1013.33374
1690729085969,1013.312
1690729085990,1013.3006
1690729086029,1013.3114
1690729086068,1013.3297
1690729086087,1013.3285
1690729086127,1013.34106
1690729086169,1013.33545
1690729086187,1013.3469
1690729086228,1013.344
1690729086270,1013.3122
1690729086288,1013.28796
1690729086328,1013.2827
1690729086367,1013.2662
1690729086388,1013.2601
1690729086428,1013.26196
1690729086469,1013.27405
1690729086488,1013.3273
1690729086526,1013.34894
1690729086566,1013.3551
1690729086586,1013.36926
1690729086629,1013.3457
1690729086667,1013.3209
1690729086690,1013.30115
1690729086728,1013.2967
1690729086768,1013.306
1690729086788,1013.30676
1690729086828,1013.31085
1690729086870,1013.3261
1690729086888,1013.32666
1690729086929,1013.33984
1690729086966,1013.3184
1690729086989,1013.2921
1690729087028,1013.28125
1690729087066,1013.2622
1690729087086,1013.2495
1690729087129,1013.2775
1690729087169,1013.28595
1690729087190,1013.305
1690729087229,1013.33997
1690729087266,1013.3528
1690729087286,1013.36304
1690729087328,1013.34973
1690729087367,1013.3263
1690729087389,1013.2974
1690729087427,1013.30005
1690729087466,1013.3052
1690729087487,1013.31177
1690729087527,1013.3237
1690729087567,1013.34973
1690729087606,1013.34985
1690729087626,1013.34863
1690729087666,1013.3211
1690729087707,1013.2878
1690729087728,1013.25354
1690729087769,1013.23157
1690729087807,1013.2298
1690729087828,1013.24634
1690729087868,1013.2677
1690729087908,1013.30237
1690729087926,1013.3384
1690729087967,1013.3579
1690729088009,1013.3566
1690729088033,1013.3369
1690729088065,1013.3061
1690729088112,1013.293
1690729088125,1013.2994
1690729088167,1013.29663
1690729088207,1013.3027
1690729088227,1013.3374
1690729088266,1013.3373
1690729088309,1013.30273
1690729088328,1013.3082
1690729088373,1013.2917
1690729088415,1013.27045
1690729088425,1013.26575
1690729088466,1013.2639
1690729088507,1013.2679
1690729088529,1013.2732
1690729088570,1013.28094
1690729088605,1013.3063
1690729088626,1013.3451
1690729088665,1013.3673
1690729088706,1013.38306
1690729088726,1013.3584
1690729088767,1013.3169
1690729088806,1013.2777
1690729088827,1013.2677
1690729088868,1013.2641
1690729088908,1013.26776
1690729088928,1013.2937
1690729088968,1013.32794
1690729089007,1013.35815
1690729089025,1013.3348
1690729089069,1013.3114
1690729089106,1013.2775
1690729089125,1013.2689
1690729089167,1013.2442
1690729089208,1013.25885
1690729089226,1013.27185
1690729089267,1013.28455
1690729089308,1013.321
1690729089326,1013.36426
1690729089366,1013.37225
1690729089405,1013.3484
1690729089428,1013.3244
1690729089467,1013.2921
1690729089506,1013.2723
1690729089526,1013.27594
1690729089568,1013.28406
1690729089606,1013.2947
1690729089625,1013.30884
1690729089666,1013.3337
1690729089706,1013.338
1690729089729,1013.32935
1690729089765,1013.3081
1690729089807,1013.2754
1690729089827,1013.261
1690729089866,1013.25055
1690729089907,1013.2542
1690729089925,1013.27484
1690729089965,1013.2898
1690729090006,1013.32294
1690729090025,1013.3522
1690729090066,1013.36487
1690729090085,1013.35406
1690729090127,1013.3224
1690729090172,1013.29443
1690729090207,1013.2794
1690729090225,1013.2819
1690729090266,1013.28534
1690729090308,1013.291
1690729090327,1013.3253
1690729090366,1013.34357
1690729090407,1013.3398
1690729090427,1013.30695
1690729090467,1013.27246
1690729090506,1013.26434
1690729090525,1013.2748
1690729090568,1013.2728
1690729090604,1013.29285
1690729090625,1013.293
1690729090664,1013.31464
1690729090706,1013.33606
1690729090727,1013.3402
1690729090766,1013.3552
1690729090806,1013.3588
1690729090826,1013.33435
1690729090866,1013.292
1690729090905,1013.27765
1690729090925,1013.2764
1690729090966,1013.2895
1690729091006,1013.29364
1690729091025,1013.308
1690729091066,1013.32245
1690729091104,1013.33704
1690729091125,1013.3417
1690729091166,1013.3047
1690729091205,1013.2853
1690729091226,1013.26105
1690729091268,1013.2587
1690729091305,1013.2819
1690729091325,1013.298
1690729091365,1013.3395
1690729091405,1013.36835
1690729091426,1013.3872
1690729091468,1013.3719
1690729091505,1013.33813
1690729091526,1013.2974
1690729091563,1013.2733
1690729091605,1013.28125
1690729091625,1013.2819
1690729091664,1013.28827
1690729091704,1013.30695
1690729091723,1013.31866
1690729091767,1013.32294
1690729091806,1013.306
1690729091826,1013.29663
1690729091866,1013.29645
1690729091905,1013.2949
1690729091924,1013.2926
1690729091966,1013.2867
1690729092007,1013.2804
1690729092026,1013.27734
1690729092064,1013.3059
1690729092103,1013.3245
1690729092124,1013.32056
1690729092164,1013.3256
1690729092205,1013.30414
1690729092225,1013.2973
1690729092265,1013.2788
1690729092304,1013.2613
1690729092326,1013.2821
1690729092364,1013.29224
1690729092405,1013.28217
1690729092425,1013.27893
1690729092468,1013.2789
1690729092504,1013.295
1690729092524,1013.28357
1690729092566,1013.2939
1690729092606,1013.3167
1690729092625,1013.2984
1690729092665,1013.28345
1690729092704,1013.2921
1690729092723,1013.3037
1690729092764,1013.31616
1690729092806,1013.3273
1690729092825,1013.3384
1690729092864,1013.3606
1690729092904,1013.3433
1690729092924,1013.3014
1690729092967,1013.28217
1690729093004,1013.2774
1690729093024,1013.28406
1690729093064,1013.28894
1690729093103,1013.3027
1690729093124,1013.32007
1690729093166,1013.3168
1690729093209,1013.3209
1690729093224,1013.3169
1690729093264,1013.3012
1690729093306,1013.2875
1690729093324,1013.27136
1690729093366,1013.2768
1690729093405,1013.2882
1690729093425,1013.294
1690729093463,1013.3063
1690729093504,1013.3362
1690729093526,1013.37164
1690729093564,1013.37683
1690729093604,1013.34753
1690729093624,1013.3185
1690729093664,1013.2996
1690729093705,1013.29297
1690729093725,1013.3072
1690729093766,1013.317
1690729093803,1013.3131
1690729093823,1013.3226
1690729093866,1013.3377
1690729093904,1013.3433
1690729093924,1013.3247
1690729093964,1013.2948
1690729094006,1013.2798
1690729094023,1013.27515
1690729094064,1013.28076
1690729094103,1013.2956
1690729094123,1013.293
1690729094165,1013.3136
1690729094204,1013.3325
1690729094223,1013.35034
1690729094268,1013.3745
1690729094304,1013.35596
1690729094326,1013.32135
1690729094365,1013.299
1690729094403,1013.2921
1690729094423,1013.29675
1690729094466,1013.30835
1690729094504,1013.31323
1690729094524,1013.32324
1690729094568,1013.33856
1690729094602,1013.34766
1690729094622,1013.33875
1690729094664,1013.30334
1690729094704,1013.29156
1690729094724,1013.2915
1690729094765,1013.27875
1690729094804,1013.2788
1690729094823,1013.2907
1690729094866,1013.2911
1690729094905,1013.31995
1690729094925,1013.34155
1690729094965,1013.35785
1690729095002,1013.34863
1690729095023,1013.33246
1690729095064,1013.2993
1690729095102,1013.285
1690729095123,1013.2963
1690729095163,1013.3065
1690729095203,1013.3185
1690729095223,1013.3473
1690729095263,1013.35614
1690729095303,1013.34393
1690729095324,1013.3176
1690729095364,1013.3081
1690729095405,1013.2964
1690729095422,1013.2866
1690729095465,1013.2788
1690729095504,1013.2797
1690729095524,1013.2833
1690729095573,1013.2944
1690729095601,1013.3189
1690729095622,1013.3456
1690729095668,1013.36646
1690729095703,1013.3725
1690729095724,1013.35364
1690729095765,1013.3235
1690729095801,1013.3031
1690729095822,1013.3135
1690729095862,1013.3217
1690729095904,1013.31006
1690729095923,1013.32837
1690729095968,1013.3536
1690729096002,1013.355
1690729096023,1013.3475
1690729096070,1013.32776
1690729096102,1013.3205
1690729096122,1013.3121
1690729096164,1013.30945
1690729096203,1013.3129
1690729096222,1013.31433
1690729096263,1013.3096
1690729096302,1013.3074
1690729096323,1013.31946
1690729096363,1013.34094
1690729096404,1013.38446
1690729096424,1013.38153
1690729096465,1013.3471
1690729096503,1013.3342
1690729096521,1013.305
1690729096562,1013.30347
1690729096601,1013.31287
1690729096621,1013.3231
1690729096673,1013.32684
1690729096702,1013.3456
1690729096722,1013.36163
1690729096763,1013.34753
1690729096803,1013.31586
1690729096823,1013.29333
1690729096865,1013.287
1690729096902,1013.28186
1690729096923,1013.297
1690729096961,1013.3178
1690729097004,1013.32306
1690729097022,1013.34564
1690729097063,1013.3504
1690729097101,1013.37335
1690729097120,1013.3744
1690729097160,1013.34375
1690729097202,1013.30896
1690729097221,1013.29895
1690729097261,1013.3059
1690729097302,1013.3164
1690729097323,1013.3252
1690729097361,1013.34564
1690729097402,1013.3707
1690729097422,1013.3707
1690729097462,1013.3406
1690729097501,1013.32446
1690729097521,1013.2794
1690729097560,1013.26904
1690729097600,1013.28235
1690729097623,1013.29517
1690729097660,1013.3053
1690729097700,1013.3153
1690729097722,1013.3406
1690729097761,1013.3624
1690729097802,1013.36975
1690729097822,1013.37524
1690729097864,1013.3609
1690729097902,1013.3196
1690729097924,1013.30237
1690729097962,1013.3087
1690729098001,1013.319
1690729098022,1013.3144
1690729098061,1013.324
1690729098102,1013.3419
1690729098123,1013.3682
1690729098163,1013.36774
1690729098202,1013.3338
1690729098222,1013.3034
1690729098260,1013.29565
1690729098300,1013.2785
1690729098323,1013.26575
1690729098362,1013.2665
1690729098402,1013.2942
1690729098421,1013.3258
1690729098462,1013.38367
1690729098503,1013.4112
1690729098521,1013.3854
1690729098562,1013.3541
1690729098600,1013.31476
1690729098621,1013.3064
1690729098661,1013.2959
1690729098700,1013.3007
1690729098724,1013.3105
1690729098764,1013.34125
1690729098802,1013.35156
1690729098820,1013.3878
1690729098865,1013.37036
1690729098900,1013.3192
1690729098921,1013.2865
1690729098963,1013.27905
1690729099000,1013.2825
1690729099021,1013.27826
1690729099062,1013.28735
1690729099099,1013.2972
1690729099119,1013.3462
1690729099160,1013.37036
1690729099201,1013.37036
1690729099221,1013.355
1690729099262,1013.34204
1690729099300,1013.3148
1690729099322,1013.301
1690729099365,1013.31116
1690729099400,1013.3297
1690729099420,1013.33466
1690729099462,1013.3401
1690729099500,1013.3338
1690729099521,1013.316
1690729099561,1013.29724
1690729099599,1013.2828
1690729099620,1013.2795
1690729099672,1013.2791
1690729099699,1013.2764
1690729099720,1013.2867
1690729099762,1013.2975
1690729099803,1013.31946
1690729099820,1013.3531
1690729099860,1013.3669
1690729099901,1013.37286
1690729099921,1013.36694
1690729099961,1013.34717
1690729100001,1013.32166
1690729100020,1013.3013
1690729100062,1013.30707
1690729100099,1013.30475
1690729100119,1013.29175
1690729100163,1013.3105
1690729100200,1013.3356
1690729100220,1013.34674
1690729100262,1013.3564
1690729100302,1013.3062
1690729100327,1013.26953
1690729100361,1013.2669
1690729100400,1013.27234
1690729100420,1013.2735
1690729100460,1013.2806
1690729100501,1013.2982
1690729100522,1013.3352
1690729100565,1013.346
1690729100598,1013.34375
1690729100619,1013.3763
1690729100664,1013.3602
1690729100700,1013.3266
1690729100722,1013.28735
1690729100760,1013.2729
1690729100800,1013.2762
1690729100820,1013.27045
1690729100859,1013.27844
1690729100900,1013.28455
1690729100920,1013.27637
1690729100960,1013.28564
1690729101002,1013.2886
1690729101019,1013.241
1690729101066,1013.25146
1690729101098,1013.2582
1690729101120,1013.2512
1690729101169,1013.2453
1690729101200,1013.2439
1690729101218,1013.2575
1690729101261,1013.26215
1690729101301,1013.2639
1690729101321,1013.2596
1690729101360,1013.2573
1690729101400,1013.2554
1690729101421,1013.25867
1690729101460,1013.26184
1690729101500,1013.26526
1690729101519,1013.25574
1690729101571,1013.2573
1690729101598,1013.2602
1690729101618,1013.26215
1690729101662,1013.2623
1690729101701,1013.27454
1690729101719,1013.26117
1690729101760,1013.27313
1690729101801,1013.28503
1690729101820,1013.2827
1690729101860,1013.2821
1690729101900,1013.2751
1690729101918,1013.2765
1690729101963,1013.27454
1690729102000,1013.27234
1690729102019,1013.27423
1690729102066,1013.27515
1690729102098,1013.28723
1690729102118,1013.2871
1690729102163,1013.2763
1690729102198,1013.2754
1690729102218,1013.27295
1690729102259,1013.27435
1690729102300,1013.2781
1690729102320,1013.28284
1690729102360,1013.2791
1690729102399,1013.2688
1690729102418,1013.2752
1690729102459,1013.26544
1690729102500,1013.2609
1690729102520,1013.26135
1690729102559,1013.2508
1690729102598,1013.2498
1690729102617,1013.2561
1690729102659,1013.2573
1690729102699,1013.25494
1690729102719,1013.2511
1690729102759,1013.2554
1690729102798,1013.2585
1690729102820,1013.27057
1690729102859,1013.27423
1690729102899,1013.2588
1690729102918,1013.2522
1690729102961,1013.2713
1690729102997,1013.277
1690729103019,1013.2739
1690729103058,1013.25995
1690729103098,1013.24207
1690729103118,1013.24884
1690729103157,1013.2492
1690729103199,1013.26733
1690729103219,1013.27936
1690729103263,1013.2748
1690729103300,1013.2632
1690729103319,1013.2621
1690729103359,1013.2777
1690729103414,1013.28955
1690729103417,1013.3197
1690729103460,1013.3242
1690729103498,1013.34906
1690729103519,1013.3316
1690729103563,1013.30005
1690729103600,1013.27136
1690729103617,1013.2461
1690729103661,1013.25073
1690729103697,1013.2705
1690729103718,1013.2708
1690729103760,1013.27734
1690729103800,1013.29803
1690729103819,1013.35913
1690729103859,1013.3456
1690729103897,1013.2726
1690729103918,1013.2417
1690729103958,1013.2463
1690729104000,1013.24585
1690729104020,1013.2446
1690729104058,1013.2521
1690729104098,1013.2637
1690729104119,1013.30444
1690729104158,1013.31995
1690729104199,1013.3294
1690729104219,1013.33704
1690729104258,1013.3322
1690729104299,1013.3018
1690729104318,1013.2641
1690729104359,1013.25543
1690729104397,1013.25366
1690729104421,1013.2578
1690729104460,1013.2675
1690729104497,1013.28656
1690729104517,1013.28845
1690729104559,1013.2855
1690729104598,1013.26117
1690729104617,1013.23975
1690729104658,1013.23413
1690729104697,1013.2384
1690729104717,1013.2418
1690729104759,1013.2607
1690729104798,1013.27094
1690729104818,1013.2723
1690729104857,1013.30707
1690729104897,1013.3207
1690729104917,1013.3505
1690729104958,1013.3395
1690729104999,1013.3095
1690729105018,1013.2825
1690729105061,1013.2529
1690729105096,1013.24133
1690729105122,1013.2526
1690729105160,1013.2573
1690729105199,1013.2755
1690729105217,1013.292
1690729105259,1013.2875
1690729105298,1013.2769
1690729105316,1013.2551
1690729105358,1013.2389
1690729105397,1013.2384
1690729105418,1013.2434
1690729105460,1013.2372
1690729105497,1013.23224
1690729105517,1013.2508
1690729105557,1013.2787
1690729105596,1013.3054
1690729105617,1013.3184
1690729105660,1013.28894
1690729105698,1013.2634
1690729105717,1013.2466
1690729105758,1013.23773
1690729105799,1013.2377
1690729105817,1013.2443
1690729105856,1013.2366
1690729105897,1013.2423
1690729105918,1013.27356
1690729105959,1013.2633
1690729105998,1013.281
1690729106022,1013.2666
1690729106056,1013.2328
1690729106095,1013.2136
1690729106116,1013.2186
1690729106166,1013.22943
1690729106196,1013.2273
1690729106217,1013.2332
1690729106257,1013.28143
1690729106298,1013.30664
1690729106317,1013.3218
1690729106358,1013.3142
1690729106397,1013.2804
1690729106417,1013.2475
1690729106457,1013.229
1690729106496,1013.2156
1690729106516,1013.2257
1690729106557,1013.228
1690729106595,1013.2519
1690729106616,1013.2746
1690729106656,1013.28534
1690729106696,1013.2892
1690729106717,1013.2694
1690729106761,1013.2444
1690729106796,1013.2191
1690729106818,1013.2081
1690729106858,1013.2175
1690729106897,1013.22675
1690729106917,1013.2137
1690729106956,1013.22455
1690729106996,1013.2441
1690729107018,1013.23694
1690729107064,1013.2334
1690729107096,1013.2249
1690729107115,1013.2249
1690729107156,1013.2346
1690729107196,1013.2243
1690729107215,1013.2131
1690729107255,1013.2273
1690729107300,1013.2339
1690729107316,1013.2267
1690729107357,1013.2228
1690729107396,1013.2163
1690729107420,1013.2292
1690729107457,1013.2155
1690729107497,1013.2184
1690729107519,1013.2284
1690729107556,1013.22
1690729107597,1013.21686
1690729107616,1013.215
1690729107655,1013.2102
1690729107698,1013.2126
1690729107716,1013.21765
1690729107757,1013.20935
1690729107796,1013.22235
1690729107815,1013.24023
1690729107858,1013.2387
1690729107896,1013.2263
1690729107917,1013.2186
1690729107957,1013.2318
1690729108003,1013.2196
1690729108015,1013.2173
1690729108057,1013.2142
1690729108097,1013.2123
1690729108116,1013.213
1690729108156,1013.2086
1690729108195,1013.2077
1690729108216,1013.20996
1690729108258,1013.2273
1690729108295,1013.2421
1690729108316,1013.24176
1690729108356,1013.24243
1690729108398,1013.2598
1690729108414,1013.26733
1690729108456,1013.27386
1690729108497,1013.2832
1690729108517,1013.2847
1690729108556,1013.26294
1690729108596,1013.2308
1690729108615,1013.213
1690729108654,1013.2183
1690729108696,1013.2217
1690729108715,1013.2323
1690729108758,1013.2494
1690729108794,1013.2649
1690729108818,1013.2843
1690729108855,1013.27734
1690729108896,1013.2456
1690729108917,1013.2196
1690729108955,1013.2193
1690729108996,1013.2173
1690729109015,1013.2331
1690729109057,1013.24603
1690729109096,1013.2662
1690729109114,1013.2754
1690729109155,1013.2732
1690729109196,1013.28424
1690729109215,1013.28955
1690729109256,1013.27734
1690729109295,1013.2542
1690729109315,1013.2202
1690729109356,1013.2009
1690729109397,1013.18445
1690729109434,1013.176
1690729109461,1013.18805
1690729109494,1013.20886
1690729109536,1013.2259
1690729109556,1013.242
1690729109596,1013.2334
1690729109635,1013.22095
1690729109654,1013.2107
1690729109697,1013.2051
1690729109736,1013.2075
1690729109756,1013.2097
1690729109795,1013.2056
1690729109836,1013.2091
1690729109857,1013.2425
1690729109896,1013.2908
1690729109935,1013.2936
1690729109954,1013.26855
1690729109995,1013.2362
1690729110037,1013.19763
1690729110057,1013.18506
1690729110094,1013.17285
1690729110133,1013.173
1690729110153,1013.1918
1690729110194,1013.2162
1690729110236,1013.2126
1690729110256,1013.2063
1690729110295,1013.1922
1690729110334,1013.178
1690729110356,1013.1605
1690729110395,1013.16315
1690729110415,1013.167
1690729110455,1013.18567
1690729110495,1013.19794
1690729110535,1013.20795
1690729110555,1013.2469
1690729110598,1013.2607
1690729110634,1013.2749
1690729110657,1013.2643
1690729110696,1013.24634
1690729110734,1013.21063
1690729110755,1013.16943
1690729110796,1013.1449
1690729110833,1013.1457
1690729110854,1013.1396
1690729110896,1013.1471
1690729110933,1013.16833
1690729110955,1013.18085
1690729110996,1013.1635
1690729111035,1013.1479
1690729111055,1013.13947
1690729111096,1013.13257
1690729111134,1013.14166
1690729111156,1013.1545
1690729111196,1013.17
1690729111234,1013.18854
1690729111256,1013.22314
1690729111295,1013.25507
1690729111340,1013.2763
1690729111356,1013.254
1690729111395,1013.23737
1690729111435,1013.2135
1690729111454,1013.1821
1690729111493,1013.17444
1690729111534,1013.17615
1690729111555,1013.1827
1690729111595,1013.1682
1690729111634,1013.1787
1690729111654,1013.1835
1690729111696,1013.17505
1690729111732,1013.14777
1690729111755,1013.12244
1690729111794,1013.1157
1690729111837,1013.10944
1690729111856,1013.1117
1690729111895,1013.13074
1690729111935,1013.1587
1690729111962,1013.18286
1690729111997,1013.19336
1690729112034,1013.19244
1690729112053,1013.1954
1690729112092,1013.1925
1690729112134,1013.1655
1690729112154,1013.1385
1690729112195,1013.13367
1690729112235,1013.1356
1690729112256,1013.1398
1690729112293,1013.1436
1690729112335,1013.1664
1690729112357,1013.1842
1690729112394,1013.1948
1690729112435,1013.1827
1690729112454,1013.1553
1690729112495,1013.14557
1690729112533,1013.13025
1690729112553,1013.11975
1690729112592,1013.1279
1690729112633,1013.13855
1690729112653,1013.1503
1690729112693,1013.1652
1690729112735,1013.2084
1690729112754,1013.23883
1690729112797,1013.2467
1690729112835,1013.22864
1690729112855,1013.18884
1690729112896,1013.14374
1690729112934,1013.1247
1690729112954,1013.1205
1690729112996,1013.1178
1690729113036,1013.1209
1690729113054,1013.14014
1690729113094,1013.1452
1690729113134,1013.1407
1690729113153,1013.1352
1690729113193,1013.122
1690729113234,1013.1053
1690729113254,1013.1119
1690729113295,1013.1247
1690729113333,1013.14404
1690729113354,1013.16156
1690729113394,1013.18286
1690729113432,1013.21967
1690729113455,1013.24646
1690729113495,1013.2384
1690729113536,1013.2041
1690729113553,1013.1702
1690729113595,1013.1298
1690729113631,1013.1082
1690729113651,1013.091
1690729113694,1013.0929
1690729113735,1013.1113
1690729113755,1013.12036
1690729113793,1013.15906
1690729113832,1013.1888
1690729113855,1013.1774
1690729113892,1013.1333
1690729113934,1013.1128
1690729113954,1013.0985
1690729113995,1013.099
1690729114035,1013.10504
1690729114055,1013.14343
1690729114099,1013.1552
1690729114134,1013.1592
1690729114153,1013.20166
1690729114195,1013.2184
1690729114232,1013.2258
1690729114254,1013.1876
1690729114293,1013.1357
1690729114333,1013.10706
1690729114355,1013.1003
1690729114392,1013.1035
1690729114435,1013.10486
1690729114453,1013.11914
1690729114495,1013.1335
1690729114533,1013.16064
1690729114555,1013.17694
1690729114593,1013.1428
1690729114631,1013.1137
1690729114651,1013.10406
1690729114694,1013.0945
1690729114732,1013.08453
1690729114753,1013.10913
1690729114792,1013.11255
1690729114834,1013.1409
1690729114852,1013.1687
1690729114893,1013.19324
1690729114932,1013.20465
1690729114952,1013.1991
1690729114992,1013.1837
1690729115032,1013.166
1690729115054,1013.15125
1690729115092,1013.1437
1690729115132,1013.14984
1690729115151,1013.1585
1690729115197,1013.155
1690729115232,1013.1647
1690729115253,1013.1749
1690729115293,1013.1892
1690729115332,1013.17334
1690729115352,1013.13306
1690729115394,1013.12396
1690729115432,1013.1132
1690729115452,1013.10706
1690729115493,1013.11346
1690729115533,1013.12787
1690729115553,1013.1388
1690729115593,1013.14575
1690729115631,1013.1657
1690729115653,1013.2151
1690729115695,1013.1982
1690729115731,1013.17017
1690729115752,1013.15247
1690729115791,1013.13293
1690729115834,1013.12683
1690729115851,1013.138
1690729115894,1013.1637
1690729115931,1013.184
1690729115952,1013.1913
1690729115992,1013.2011
1690729116033,1013.19775
1690729116052,1013.18176
1690729116096,1013.1389
1690729116129,1013.10236
1690729116156,1013.0834
1690729116192,1013.1049
1690729116232,1013.12683
1690729116250,1013.13837
1690729116290,1013.1761
1690729116330,1013.18225
1690729116352,1013.17847
1690729116393,1013.1853
1690729116435,1013.1963
1690729116452,1013.18616
1690729116491,1013.1822
1690729116531,1013.17346
1690729116550,1013.17114
1690729116597,1013.17285
1690729116630,1013.1765
1690729116650,1013.17615
1690729116695,1013.17566
1690729116730,1013.17865
1690729116750,1013.15515
1690729116793,1013.13074
1690729116832,1013.10077
1690729116854,1013.1038
1690729116891,1013.102
1690729116933,1013.11176
1690729116954,1013.11975
1690729116992,1013.14404
1690729117033,1013.1912
1690729117050,1013.2031
1690729117093,1013.20667
1690729117129,1013.1846
1690729117149,1013.15515
1690729117190,1013.1493
1690729117230,1013.15564
1690729117251,1013.17163
1690729117291,1013.18176
1690729117331,1013.192
1690729117354,1013.2133
1690729117391,1013.21606
1690729117431,1013.2175
1690729117452,1013.21405
1690729117490,1013.19727
1690729117533,1013.16486
1690729117551,1013.14294
1690729117592,1013.1164
1690729117630,1013.1038
1690729117650,1013.1119
1690729117691,1013.15955
1690729117731,1013.2041
1690729117751,1013.2156
1690729117791,1013.22327
1690729117832,1013.21484
1690729117850,1013.1879
1690729117891,1013.181
1690729117933,1013.1825
1690729117952,1013.1936
1690729117990,1013.1823
1690729118032,1013.19073
1690729118055,1013.2268
1690729118090,1013.2351
1690729118130,1013.2344
1690729118148,1013.2014
1690729118191,1013.15674
1690729118234,1013.1224
1690729118250,1013.10455
1690729118291,1013.1043
1690729118330,1013.10315
1690729118350,1013.1004
1690729118391,1013.10803
1690729118430,1013.1681
1690729118450,1013.18225
1690729118492,1013.2157
1690729118531,1013.22266
1690729118551,1013.1858
1690729118589,1013.1588
1690729118629,1013.1505
1690729118648,1013.1566
1690729118712,1013.17175
1690729118732,1013.1866
1690729118752,1013.2199
1690729118790,1013.2263
1690729118830,1013.20746
1690729118849,1013.20056
1690729118890,1013.17017
1690729118930,1013.1305
1690729118950,1013.1106
1690729118995,1013.11633
1690729119029,1013.1231
1690729119049,1013.1268
1690729119092,1013.1407
1690729119129,1013.1834
1690729119149,1013.2108
1690729119192,1013.2287
1690729119229,1013.22504
1690729119250,1013.177
1690729119292,1013.1528
1690729119330,1013.141
1690729119351,1013.1532
1690729119390,1013.1671
1690729119429,1013.16766
1690729119450,1013.17285
1690729119491,1013.1986
1690729119532,1013.18164
1690729119549,1013.1607
1690729119589,1013.1712
1690729119628,1013.1465
1690729119648,1013.14014
1690729119691,1013.15454
1690729119730,1013.1551
1690729119749,1013.1453
1690729119791,1013.1552
1690729119830,1013.15704
1690729119850,1013.1665
1690729119891,1013.1591
1690729119929,1013.1661
1690729119949,1013.1598
1690729119990,1013.16077
1690729120031,1013.1431
1690729120051,1013.13513
1690729120090,1013.1438
1690729120128,1013.1427
1690729120148,1013.13617
1690729120189,1013.15576
1690729120230,1013.142
1690729120248,1013.1465
1690729120290,1013.1594
1690729120329,1013.1673
1690729120349,1013.1792
1690729120389,1013.1675
1690729120428,1013.16235
1690729120449,1013.1538
1690729120489,1013.1511
1690729120528,1013.15515
1690729120548,1013.14453
1690729120590,1013.1367
1690729120627,1013.1629
1690729120648,1013.1762
1690729120689,1013.1719
1690729120731,1013.16455
1690729120748,1013.1593
1690729120788,1013.14844
1690729120831,1013.1432
1690729120852,1013.13995
1690729120888,1013.1527
1690729120929,1013.15063
1690729120949,1013.1504
1690729120989,1013.1452
1690729121030,1013.1615
1690729121048,1013.1847
1690729121088,1013.1726
1690729121131,1013.1669
1690729121148,1013.15466
1690729121188,1013.1518
1690729121228,1013.158
1690729121248,1013.16626
1690729121289,1013.15173
1690729121327,1013.1776
1690729121348,1013.2013
1690729121388,1013.1964
1690729121428,1013.1666
1690729121448,1013.1597
1690729121488,1013.17944
1690729121528,1013.1884
1690729121549,1013.1906
1690729121589,1013.20953
1690729121627,1013.2073
1690729121648,1013.1952
1690729121690,1013.21826
1690729121728,1013.2051
1690729121752,1013.19714
1690729121789,1013.18225
1690729121829,1013.1686
1690729121850,1013.16327
1690729121889,1013.1743
1690729121929,1013.18994
1690729121948,1013.18835
1690729121988,1013.1975
1690729122027,1013.2058
1690729122048,1013.2788
1690729122087,1013.2759
1690729122129,1013.23706
1690729122147,1013.2153
1690729122190,1013.21106
1690729122228,1013.1986
1690729122248,1013.18835
1690729122287,1013.2059
1690729122328,1013.2265
1690729122348,1013.23694
1690729122390,1013.2386
1690729122432,1013.2383
1690729122449,1013.19556
1690729122489,1013.1812
1690729122531,1013.1758
1690729122553,1013.1645
1690729122587,1013.172
1690729122631,1013.17633
1690729122647,1013.18933
1690729122688,1013.2246
1690729122729,1013.2302
1690729122747,1013.2598
1690729122789,1013.2769
1690729122829,1013.2439
1690729122849,1013.2027
1690729122888,1013.1936
1690729122929,1013.1843
1690729122948,1013.19763
1690729122987,1013.2124
1690729123029,1013.2277
1690729123048,1013.2466
1690729123088,1013.2484
1690729123128,1013.2364
1690729123147,1013.22284
1690729123186,1013.2066
1690729123227,1013.19025
1690729123247,1013.17706
1690729123288,1013.1728
1690729123327,1013.1841
1690729123347,1013.18494
1690729123389,1013.21625
1690729123428,1013.24976
1690729123447,1013.27795
1690729123489,1013.2855
1690729123528,1013.2457
1690729123548,1013.2018
1690729123588,1013.17676
1690729123629,1013.177
1690729123646,1013.20056
1690729123687,1013.20447
1690729123728,1013.2182
1690729123746,1013.2449
1690729123787,1013.2325
1690729123828,1013.2435
1690729123848,1013.23224
1690729123886,1013.20294
1690729123929,1013.19617
1690729123947,1013.19165
1690729123988,1013.1949
1690729124027,1013.19824
1690729124046,1013.2015
1690729124089,1013.2083
1690729124127,1013.2355
1690729124146,1013.26276
1690729124188,1013.2995
1690729124227,1013.2896
1690729124249,1013.24646
1690729124293,1013.2042
1690729124329,1013.1887
1690729124347,1013.19293
1690729124387,1013.2056
1690729124426,1013.20996
1690729124449,1013.2339
1690729124488,1013.25714
1690729124527,1013.27594
1690729124546,1013.2609
1690729124586,1013.2238
1690729124629,1013.19836
1690729124646,1013.1852
1690729124685,1013.1882
1690729124728,1013.1987
1690729124747,1013.1968
1690729124787,1013.2132
1690729124828,1013.2438
1690729124847,1013.2378
1690729124892,1013.30963
1690729124926,1013.3084
1690729124952,1013.2557
1690729124986,1013.2373
1690729125028,1013.2197
1690729125046,1013.213
1690729125087,1013.2057
1690729125125,1013.21954
1690729125146,1013.2356
1690729125186,1013.24817
1690729125229,1013.2461
1690729125246,1013.2361
1690729125287,1013.24164
1690729125329,1013.2319
1690729125346,1013.22815
1690729125385,1013.22925
1690729125426,1013.2329
1690729125446,1013.2258
1690729125490,1013.2359
1690729125526,1013.23126
1690729125546,1013.24133
1690729125585,1013.27075
1690729125625,1013.3187
1690729125645,1013.2993
1690729125685,1013.26636
1690729125727,1013.23596
1690729125745,1013.2294
1690729125790,1013.2325
1690729125826,1013.2294
1690729125845,1013.2174
1690729125888,1013.2356
1690729125927,1013.2589
1690729125946,1013.2576
1690729125985,1013.266
1690729126026,1013.2346
1690729126047,1013.22095
1690729126088,1013.22327
1690729126128,1013.228
1690729126145,1013.2226
1690729126185,1013.2252
1690729126226,1013.24133
1690729126246,1013.27155
1690729126286,1013.2838
1690729126328,1013.28516
1690729126347,1013.294
1690729126385,1013.28125
1690729126428,1013.2533
1690729126445,1013.2279
1690729126486,1013.225
1690729126527,1013.23047
1690729126545,1013.2396
1690729126587,1013.24884
1690729126624,1013.28406
1690729126644,1013.2726
1690729126686,1013.28107
1690729126724,1013.2876
1690729126744,1013.2454
1690729126798,1013.2378
1690729126824,1013.24963
1690729126845,1013.2382
1690729126889,1013.23987
1690729126927,1013.24133
1690729126946,1013.25757
1690729126985,1013.2907
1690729127028,1013.29175
1690729127053,1013.3161
1690729127086,1013.2912
1690729127133,1013.26654
1690729127144,1013.23785
1690729127184,1013.22986
1690729127233,1013.23364
1690729127247,1013.2491
1690729127288,1013.27637
1690729127325,1013.31366
1690729127348,1013.3094
1690729127386,1013.32184
1690729127426,1013.31647
1690729127446,1013.28406
1690729127485,1013.279
1690729127527,1013.2757
1690729127544,1013.2818
1690729127587,1013.2689
1690729127624,1013.26355
1690729127643,1013.2678
1690729127685,1013.30225
1690729127726,1013.3297
1690729127746,1013.3857
1690729127785,1013.364
1690729127826,1013.31165
1690729127847,1013.27734
1690729127886,1013.25775
1690729127925,1013.26746
1690729127944,1013.28046
1690729127985,1013.2915
1690729128025,1013.3241
1690729128044,1013.34735
1690729128084,1013.35394
1690729128125,1013.32874
1690729128143,1013.2873
1690729128184,1013.26825
1690729128226,1013.2626
1690729128245,1013.2662
1690729128285,1013.2777
1690729128324,1013.29333
1690729128345,1013.3222
1690729128384,1013.3521
1690729128428,1013.38074
1690729128447,1013.39294
1690729128486,1013.3571
1690729128526,1013.33606
1690729128544,1013.3268
1690729128589,1013.32336
1690729128628,1013.32806
1690729128644,1013.3307
1690729128685,1013.33374
1690729128728,1013.365
1690729128744,1013.38074
1690729128785,1013.36847
1690729128824,1013.3668
1690729128846,1013.3627
1690729128884,1013.3214
1690729128926,1013.3115
1690729128947,1013.3057
1690729128985,1013.2997
1690729129025,1013.30054
1690729129048,1013.31396
1690729129084,1013.341
1690729129126,1013.3744
1690729129145,1013.3848
1690729129184,1013.4055
1690729129225,1013.37744
1690729129244,1013.3235
1690729129285,1013.2932
1690729129326,1013.28986
1690729129343,1013.29047
1690729129384,1013.29926
1690729129425,1013.3105
1690729129445,1013.3357
1690729129484,1013.3634
1690729129525,1013.40875
1690729129543,1013.3807
1690729129585,1013.33496
1690729129624,1013.31915
1690729129643,1013.3232
1690729129683,1013.3175
1690729129724,1013.3251
1690729129743,1013.3346
1690729129786,1013.3418
1690729129824,1013.38104
1690729129843,1013.4111
1690729129884,1013.44617
1690729129925,1013.42084
1690729129943,1013.376
1690729129985,1013.3291
1690729130025,1013.3126
1690729130046,1013.3175
1690729130083,1013.316
1690729130126,1013.3206
1690729130144,1013.3659
1690729130184,1013.4015
1690729130227,1013.3906
1690729130244,1013.395
1690729130286,1013.3552
1690729130328,1013.336
1690729130346,1013.33954
1690729130385,1013.3281
1690729130427,1013.31946
1690729130444,1013.31836
1690729130484,1013.3335
1690729130527,1013.35254
1690729130542,1013.401
1690729130584,1013.46356
1690729130630,1013.44446
1690729130642,1013.38293
1690729130683,1013.34106
1690729130725,1013.3106
1690729130743,1013.3086
1690729130784,1013.3296
1690729130824,1013.3423
1690729130843,1013.344
1690729130883,1013.37744
1690729130924,1013.3882
1690729130943,1013.3977
1690729130985,1013.3819
1690729131026,1013.35596
1690729131046,1013.33545
1690729131084,1013.3174
1690729131126,1013.319
1690729131145,1013.3338
1690729131184,1013.34534
1690729131222,1013.37756
1690729131264,1013.40015
1690729131285,1013.4259
1690729131325,1013.4321
1690729131344,1013.4021
1690729131383,1013.3705
1690729131423,1013.34186
1690729131466,1013.3347
1690729131483,1013.3421
1690729131523,1013.3606
1690729131543,1013.38324
1690729131583,1013.3957
1690729131626,1013.3775
1690729131661,1013.364
1690729131682,1013.3586
1690729131729,1013.3318
1690729131762,1013.324
1690729131782,1013.3323
1690729131822,1013.3386
1690729131863,1013.33246
1690729131882,1013.32465
1690729131923,1013.3248
1690729131963,1013.3356
1690729131986,1013.339
1690729132023,1013.32043
1690729132061,1013.3205
1690729132085,1013.32477
1690729132123,1013.33435
1690729132161,1013.34045
1690729132182,1013.3293
1690729132223,1013.32367
1690729132262,1013.3282
1690729132282,1013.33124
1690729132326,1013.33966
1690729132362,1013.3418
1690729132382,1013.32794
1690729132421,1013.3197
1690729132466,1013.32574
1690729132485,1013.3479
1690729132530,1013.3384
1690729132562,1013.3144
1690729132584,1013.3154
1690729132624,1013.3118
1690729132661,1013.31494
1690729132682,1013.32367
1690729132726,1013.32404
1690729132762,1013.3446
1690729132781,1013.39404
1690729132822,1013.38196
1690729132863,1013.32434
1690729132884,1013.3229
1690729132922,1013.3546
1690729132963,1013.375
1690729132982,1013.3785
1690729133021,1013.3732
1690729133063,1013.36914
1690729133082,1013.3879
1690729133125,1013.3946
1690729133161,1013.365
1690729133183,1013.35297
1690729133222,1013.3396
1690729133262,1013.344
1690729133283,1013.3408
1690729133325,1013.3346
1690729133365,1013.3395
1690729133386,1013.35486
1690729133421,1013.377
1690729133463,1013.4018
1690729133483,1013.4071
1690729133523,1013.38745
1690729133563,1013.35046
1690729133581,1013.3265
1690729133623,1013.3257
1690729133662,1013.3241
1690729133682,1013.3219
1690729133723,1013.34375
1690729133761,1013.3719
1690729133781,1013.3869
1690729133822,1013.38403
1690729133864,1013.3632
1690729133882,1013.3511
1690729133923,1013.34143
1690729133962,1013.338
1690729133987,1013.3417
1690729134022,1013.3404
1690729134062,1013.34656
1690729134082,1013.38043
1690729134121,1013.4084
1690729134160,1013.4318
1690729134180,1013.405
1690729134234,1013.37067
1690729134262,1013.3536
1690729134282,1013.3335
1690729134322,1013.3275
1690729134362,1013.32806
1690729134382,1013.339
1690729134421,1013.36066
1690729134461,1013.3917
1690729134481,1013.39185
1690729134522,1013.3838
1690729134561,1013.37964
1690729134583,1013.3685
1690729134624,1013.3607
1690729134660,1013.3598
1690729134680,1013.35693
1690729134725,1013.35046
1690729134760,1013.3517
1690729134781,1013.3636
1690729134823,1013.4005
1690729134861,1013.39905
1690729134880,1013.4057
1690729134923,1013.4134
1690729134962,1013.3944
1690729134981,1013.37195
1690729135022,1013.35065
1690729135063,1013.3434
1690729135084,1013.3471
1690729135123,1013.3456
1690729135159,1013.37524
1690729135180,1013.38934
1690729135221,1013.3892
1690729135260,1013.38165
1690729135282,1013.3731
1690729135320,1013.3566
1690729135360,1013.34235
1690729135382,1013.3391
1690729135421,1013.33105
1690729135461,1013.3331
1690729135481,1013.33496
1690729135522,1013.3545
1690729135561,1013.392
1690729135583,1013.40515
1690729135622,1013.4346
1690729135659,1013.42456
1690729135679,1013.37836
1690729135720,1013.34143
1690729135762,1013.3155
1690729135784,1013.3223
1690729135821,1013.3336
1690729135861,1013.3454
1690729135881,1013.3589
1690729135922,1013.38403
1690729135961,1013.4066
1690729135981,1013.3983
1690729136022,1013.36206
1690729136060,1013.33624
1690729136081,1013.32574
1690729136121,1013.313
1690729136159,1013.3112
1690729136179,1013.3254
1690729136220,1013.3402
1690729136262,1013.38293
1690729136282,1013.3983
1690729136321,1013.4243
1690729136365,1013.411
1690729136381,1013.37756
1690729136420,1013.3405
1690729136462,1013.3164
1690729136479,1013.31744
1690729136520,1013.3288
1690729136561,1013.34534
1690729136581,1013.3806
1690729136619,1013.4158
1690729136659,1013.43225
1690729136678,1013.40405
1690729136719,1013.36334
1690729136760,1013.339
1690729136781,1013.335
1690729136820,1013.328
1690729136860,1013.3246
1690729136880,1013.34283
1690729136920,1013.3457
1690729136960,1013.35474
1690729136982,1013.3956
1690729137021,1013.42114
1690729137059,1013.42224
1690729137080,1013.3839
1690729137120,1013.3457
1690729137161,1013.32245
1690729137179,1013.33466
1690729137219,1013.3369
1690729137259,1013.30524
1690729137280,1013.318
1690729137320,1013.3319
1690729137361,1013.3142
1690729137380,1013.32495
1690729137419,1013.33344
1690729137459,1013.3132
1690729137481,1013.3031
1690729137521,1013.3172
1690729137560,1013.3207
1690729137580,1013.322
1690729137619,1013.3385
1690729137658,1013.372
1690729137678,1013.3723
1690729137718,1013.3848
1690729137759,1013.4135
1690729137779,1013.4033
1690729137823,1013.37244
1690729137859,1013.3317
1690729137878,1013.3166
1690729137921,1013.33154
1690729137960,1013.342
1690729137980,1013.3386
1690729138022,1013.36017
1690729138059,1013.38055
1690729138079,1013.3735
1690729138121,1013.3637
1690729138163,1013.3369
1690729138178,1013.3099
1690729138217,1013.30164
1690729138258,1013.3025
1690729138278,1013.30066
1690729138319,1013.2903
1690729138358,1013.2954
1690729138379,1013.3539
1690729138419,1013.3688
1690729138460,1013.3803
1690729138481,1013.3739
1690729138519,1013.3535
1690729138562,1013.33984
1690729138578,1013.3181
1690729138620,1013.3268
1690729138658,1013.32556
1690729138677,1013.3295
1690729138718,1013.344
1690729138759,1013.35736
1690729138779,1013.35016
1690729138820,1013.34436
1690729138862,1013.32263
1690729138880,1013.3117
1690729138919,1013.3006
1690729138958,1013.29407
1690729138980,1013.284
1690729139019,1013.2805
1690729139058,1013.277
1690729139078,1013.2881
1690729139119,1013.32983
1690729139158,1013.3667
1690729139177,1013.3794
1690729139218,1013.3522
1690729139260,1013.3253
1690729139280,1013.3085
1690729139318,1013.3052
1690729139359,1013.30493
1690729139379,1013.31885
1690729139420,1013.33826
1690729139460,1013.3614
1690729139478,1013.35156
1690729139518,1013.335
1690729139558,1013.3136
1690729139578,1013.28687
1690729139620,1013.2786
1690729139659,1013.2836
1690729139678,1013.27734
1690729139718,1013.27295
1690729139762,1013.29346
1690729139778,1013.3381
1690729139819,1013.359
1690729139859,1013.37396
1690729139878,1013.3703
1690729139920,1013.3469
1690729139957,1013.32715
1690729139981,1013.3101
1690729140019,1013.31415
1690729140058,1013.33203
1690729140077,1013.33746
1690729140117,1013.33136
1690729140157,1013.3345
1690729140177,1013.34033
1690729140218,1013.3334
1690729140259,1013.3237
1690729140278,1013.30365
1690729140317,1013.2966
1690729140358,1013.2922
1690729140379,1013.28894
1690729140424,1013.2956
1690729140459,1013.29614
1690729140479,1013.3021
1690729140517,1013.32666
1690729140559,1013.353
1690729140577,1013.3861
1690729140617,1013.37476
1690729140656,1013.3468
1690729140677,1013.31805
1690729140717,1013.3049
1690729140758,1013.31396
1690729140779,1013.3263
1690729140819,1013.3345
1690729140859,1013.34644
1690729140878,1013.35254
1690729140916,1013.34644
1690729140956,1013.34155
1690729140979,1013.32837
1690729141021,1013.3241
1690729141057,1013.32275
1690729141078,1013.3078
1690729141117,1013.31354
1690729141156,1013.31995
1690729141176,1013.3335
1690729141217,1013.3533
1690729141258,1013.3635
1690729141276,1013.3856
1690729141318,1013.40265
1690729141358,1013.37427
1690729141378,1013.3507
1690729141418,1013.3259
1690729141457,1013.31775
1690729141477,1013.31824
1690729141517,1013.3218
1690729141558,1013.34143
1690729141579,1013.3778
1690729141617,1013.3784
1690729141656,1013.3864
1690729141676,1013.377
1690729141716,1013.33997
1690729141757,1013.3277
1690729141777,1013.3395
1690729141817,1013.34546
1690729141856,1013.34534
1690729141878,1013.3662
1690729141916,1013.3897
1690729141958,1013.401
1690729141977,1013.43256
1690729142017,1013.4575
1690729142058,1013.4186
1690729142076,1013.38055
1690729142117,1013.3485
1690729142157,1013.3544
1690729142176,1013.3723
1690729142217,1013.365
1690729142256,1013.3751
1690729142276,1013.3987
1690729142318,1013.37305
1690729142357,1013.3567
1690729142379,1013.36914
1690729142417,1013.3719
1690729142459,1013.35754
1690729142477,1013.3473
1690729142517,1013.35034
1690729142560,1013.35236
1690729142578,1013.3505
1690729142618,1013.3541
1690729142661,1013.37854
1690729142675,1013.4191
1690729142716,1013.4487
1690729142760,1013.424
1690729142777,1013.3839
1690729142816,1013.364
1690729142857,1013.3607
1690729142876,1013.35504
1690729142916,1013.34
1690729142960,1013.34576
1690729142978,1013.35315
1690729143019,1013.3384
1690729143058,1013.34644
1690729143076,1013.32874
1690729143117,1013.3127
1690729143160,1013.3097
1690729143176,1013.3249
1690729143216,1013.3321
1690729143256,1013.3376
1690729143275,1013.3365
1690729143319,1013.35
1690729143356,1013.3476
1690729143377,1013.34265
1690729143417,1013.3273
1690729143456,1013.3315
1690729143478,1013.33887
1690729143517,1013.3262
1690729143557,1013.31396
1690729143576,1013.32117
1690729143618,1013.3141
1690729143660,1013.3153
1690729143675,1013.3272
1690729143715,1013.31647
1690729143764,1013.3341
1690729143775,1013.3269
1690729143818,1013.3165
1690729143855,1013.3229
1690729143877,1013.32825
1690729143918,1013.3241
1690729143956,1013.3224
1690729143976,1013.3196
1690729144018,1013.31964
1690729144058,1013.3368
1690729144077,1013.34125
1690729144117,1013.35455
1690729144162,1013.34753
1690729144178,1013.33673
1690729144215,1013.3191
1690729144257,1013.31256
1690729144275,1013.3161
1690729144316,1013.3104
1690729144356,1013.31445
1690729144376,1013.31775
1690729144415,1013.3068
1690729144456,1013.3166
1690729144476,1013.3273
1690729144516,1013.31494
1690729144557,1013.3289
1690729144577,1013.3253
1690729144615,1013.3392
1690729144660,1013.34644
1690729144675,1013.345
1690729144715,1013.34937
1690729144759,1013.374
1690729144774,1013.3773
1690729144816,1013.3875
1690729144856,1013.40784
1690729144876,1013.38904
1690729144916,1013.3336
1690729144956,1013.2959
1690729144977,1013.30023
1690729145015,1013.31415
1690729145057,1013.3349
1690729145076,1013.3609
1690729145117,1013.38885
1690729145156,1013.4048
1690729145176,1013.4006
1690729145214,1013.38245
1690729145268,1013.3554
1690729145275,1013.3412
1690729145315,1013.35486
1690729145356,1013.3579
1690729145374,1013.353
1690729145418,1013.36316
1690729145456,1013.4182
1690729145475,1013.428
1690729145514,1013.4335
1690729145556,1013.42065
1690729145578,1013.3794
1690729145617,1013.3401
1690729145663,1013.3408
1690729145678,1013.35706
1690729145714,1013.369
1690729145757,1013.3738
1690729145775,1013.3982
1690729145818,1013.4012
1690729145856,1013.40594
1690729145878,1013.38464
1690729145915,1013.3742
1690729145956,1013.35864
1690729145978,1013.35864
1690729146017,1013.374
1690729146055,1013.37756
1690729146077,1013.37036
1690729146116,1013.3696
1690729146155,1013.42175
1690729146176,1013.45264
1690729146214,1013.445
1690729146258,1013.4286
1690729146276,1013.3908
1690729146317,1013.35565
1690729146355,1013.32825
1690729146376,1013.3319
1690729146416,1013.34216
1690729146456,1013.36816
1690729146475,1013.40515
1690729146516,1013.41974
1690729146555,1013.4166
1690729146575,1013.40643
1690729146615,1013.3913
1690729146655,1013.3784
1690729146674,1013.37775
1690729146714,1013.38184
1690729146758,1013.3762
1690729146774,1013.36993
1690729146815,1013.4017
1690729146856,1013.44977
1690729146874,1013.4574
1690729146914,1013.4397
1690729146955,1013.41956
1690729146975,1013.3781
1690729147015,1013.35266
1690729147055,1013.34845
1690729147074,1013.3528
1690729147115,1013.3524
1690729147156,1013.3578
1690729147181,1013.392
1690729147214,1013.4058
1690729147256,1013.40094
1690729147276,1013.39075
1690729147315,1013.3662
1690729147355,1013.33386
1690729147373,1013.3329
1690729147415,1013.3498
1690729147455,1013.3551
1690729147474,1013.34937
1690729147514,1013.3495
1690729147554,1013.36194
1690729147573,1013.3817
1690729147614,1013.3592
1690729147654,1013.3532
1690729147673,1013.3495
1690729147713,1013.3534
1690729147754,1013.3414
1690729147774,1013.3283
1690729147814,1013.3349
1690729147854,1013.3364
1690729147874,1013.33154
1690729147914,1013.3346
1690729147954,1013.3293
1690729147974,1013.3352
1690729148014,1013.375
1690729148055,1013.3716
1690729148074,1013.37
1690729148115,1013.3811
1690729148154,1013.38055
1690729148173,1013.3697
1690729148213,1013.36554
1690729148253,1013.37115
1690729148273,1013.37744
1690729148314,1013.364
1690729148354,1013.3661
1690729148375,1013.3685
1690729148414,1013.37494
1690729148454,1013.37634
1690729148473,1013.3677
1690729148515,1013.37476
1690729148556,1013.37946
1690729148575,1013.3805
1690729148614,1013.37366
1690729148657,1013.3628
1690729148672,1013.37524
1690729148712,1013.3861
1690729148755,1013.3766
1690729148775,1013.3758
1690729148813,1013.37146
1690729148853,1013.36285
1690729148875,1013.35986
1690729148916,1013.34863
1690729148954,1013.36237
1690729148975,1013.38196
1690729149013,1013.3628
1690729149053,1013.3707
1690729149075,1013.3819
1690729149114,1013.3782
1690729149154,1013.3686
1690729149173,1013.3711
1690729149213,1013.36993
1690729149252,1013.365
1690729149274,1013.3576
1690729149312,1013.3686
1690729149354,1013.368
1690729149374,1013.3773
1690729149416,1013.3987
1690729149452,1013.3919
1690729149475,1013.38873
1690729149513,1013.36444
1690729149554,1013.3527
1690729149576,1013.35815
1690729149614,1013.3696
1690729149654,1013.3821
1690729149672,1013.39996
1690729149712,1013.40607
1690729149754,1013.4175
1690729149777,1013.4148
1690729149813,1013.3935
1690729149855,1013.3661
1690729149873,1013.3518
1690729149914,1013.3757
1690729149952,1013.3907
1690729149973,1013.37854
1690729150015,1013.391
1690729150052,1013.3847
1690729150072,1013.4034
1690729150115,1013.424
1690729150154,1013.4109
1690729150173,1013.4041
1690729150212,1013.39734
1690729150251,1013.39954
1690729150275,1013.4062
1690729150314,1013.3976
1690729150357,1013.40796
1690729150373,1013.4229
1690729150413,1013.43286
1690729150453,1013.4321
1690729150473,1013.45514
1690729150514,1013.4339
1690729150553,1013.38776
1690729150573,1013.3619
1690729150612,1013.3699
1690729150656,1013.3824
1690729150678,1013.3734
1690729150711,1013.4097
1690729150752,1013.42957
1690729150773,1013.4447
1690729150812,1013.4288
1690729150854,1013.3952
1690729150872,1013.37915
1690729150914,1013.36676
1690729150952,1013.3702
1690729150972,1013.361
1690729151012,1013.3625
1690729151053,1013.38275
1690729151074,1013.4083
1690729151114,1013.41376
1690729151155,1013.4231
1690729151174,1013.41235
1690729151210,1013.3789
1690729151251,1013.34174
1690729151275,1013.3125
1690729151313,1013.3185
1690729151354,1013.3365
1690729151372,1013.3428
1690729151412,1013.3589
1690729151455,1013.3902
1690729151476,1013.40234
1690729151511,1013.39325
1690729151551,1013.3681
1690729151572,1013.35706
1690729151612,1013.33374
1690729151653,1013.32697
1690729151674,1013.3425
1690729151711,1013.35815
1690729151752,1013.37634
1690729151771,1013.3963
1690729151810,1013.39197
1690729151853,1013.4016
1690729151873,1013.4124
1690729151914,1013.3956
1690729151952,1013.3892
1690729151973,1013.37164
1690729152012,1013.3679
1690729152053,1013.3772
1690729152070,1013.3908
1690729152111,1013.3955
1690729152152,1013.4015
1690729152173,1013.4143
1690729152210,1013.4167
1690729152251,1013.3961
1690729152271,1013.3846
1690729152310,1013.36865
1690729152351,1013.35956
1690729152372,1013.3606
1690729152411,1013.3729
1690729152451,1013.382
1690729152471,1013.38696
1690729152511,1013.3926
1690729152550,1013.3831
1690729152570,1013.3879
1690729152613,1013.4077
1690729152651,1013.3979
1690729152671,1013.33057
1690729152710,1013.2823
1690729152749,1013.28845
1690729152772,1013.3156
1690729152810,1013.335
1690729152851,1013.339
1690729152870,1013.36346
1690729152910,1013.36255
1690729152950,1013.3647
1690729152970,1013.3357
1690729153012,1013.3335
1690729153051,1013.33276
1690729153070,1013.334
1690729153111,1013.34033
1690729153150,1013.3486
1690729153189,1013.3596
1690729153210,1013.36334
1690729153250,1013.3645
1690729153290,1013.35016
1690729153310,1013.36975
1690729153350,1013.3484
1690729153390,1013.34174
1690729153411,1013.3303
1690729153451,1013.3212
1690729153496,1013.3365
1690729153513,1013.3534
1690729153550,1013.34894
1690729153591,1013.34515
1690729153610,1013.33813
1690729153650,1013.3507
1690729153691,1013.34436
1690729153709,1013.3399
1690729153749,1013.3484
1690729153789,1013.35156
1690729153810,1013.3476
1690729153850,1013.33057
1690729153889,1013.31934
1690729153910,1013.32056
1690729153950,1013.3195
1690729153990,1013.32605
1690729154011,1013.3136
1690729154050,1013.3192
1690729154090,1013.3347
1690729154109,1013.34406
1690729154151,1013.3417
1690729154191,1013.3134
1690729154209,1013.3135
1690729154251,1013.31647
1690729154289,1013.3241
1690729154309,1013.33136
1690729154352,1013.3302
1690729154389,1013.32117
1690729154409,1013.32117
1690729154452,1013.32764
1690729154492,1013.32056
1690729154509,1013.3364
1690729154550,1013.3335
1690729154590,1013.3076
1690729154609,1013.31244
1690729154651,1013.3243
1690729154688,1013.32684
1690729154708,1013.3238
1690729154751,1013.32166
1690729154790,1013.3064
1690729154810,1013.31165
1690729154849,1013.31555
1690729154889,1013.30615
1690729154910,1013.308
1690729154952,1013.31824
1690729154989,1013.32556
1690729155009,1013.3213
1690729155049,1013.3247
1690729155089,1013.3199
1690729155109,1013.31635
1690729155154,1013.31635
1690729155192,1013.3109
1690729155208,1013.3142
1690729155249,1013.311
1690729155290,1013.308
1690729155309,1013.31433
1690729155349,1013.3221
1690729155390,1013.3348
1690729155409,1013.34644
1690729155450,1013.3412
1690729155491,1013.3325
1690729155512,1013.3458
1690729155550,1013.34204
1690729155589,1013.3384
1690729155608,1013.33844
1690729155652,1013.336
1690729155688,1013.3345
1690729155708,1013.3259
1690729155750,1013.3309
1690729155790,1013.333
1690729155809,1013.32947
1690729155850,1013.33673
1690729155889,1013.3564
1690729155910,1013.35205
1690729155957,1013.347
1690729155990,1013.3362
1690729156010,1013.337
1690729156052,1013.3384
1690729156089,1013.3583
1690729156109,1013.35345
1690729156149,1013.35266
1690729156188,1013.33997
1690729156208,1013.3691
1690729156248,1013.3628
1690729156289,1013.3474
1690729156311,1013.329
1690729156349,1013.3277
1690729156390,1013.33154
1690729156409,1013.34033
1690729156450,1013.3554
1690729156490,1013.3559
1690729156510,1013.36194
1690729156548,1013.3635
1690729156590,1013.3633
1690729156608,1013.385
1690729156650,1013.36926
1690729156688,1013.3616
1690729156708,1013.3529
1690729156748,1013.34186
1690729156789,1013.3483
1690729156808,1013.34753
1690729156848,1013.34644
1690729156889,1013.3441
1690729156909,1013.34155
1690729156950,1013.3523
1690729156992,1013.3482
1690729157008,1013.3519
1690729157050,1013.34686
1690729157090,1013.3452
1690729157111,1013.34546
1690729157150,1013.3602
1690729157197,1013.3611
1690729157209,1013.3497
1690729157248,1013.34534
1690729157290,1013.35144
1690729157308,1013.3516
1690729157352,1013.3478
1690729157388,1013.3603
1690729157408,1013.3559
1690729157448,1013.3423
1690729157493,1013.34033
1690729157516,1013.34955
1690729157548,1013.348
1690729157587,1013.3418
1690729157609,1013.3462
1690729157648,1013.3491
1690729157688,1013.3504
1690729157707,1013.3411
1690729157746,1013.3449
