1690728125105,1013.50903
1690728125142,1013.5473
1690728125162,1013.57513
1690728125174,1013.59766
1690728125214,1013.61475
1690728125254,1013.6334
1690728125297,1013.63306
1690728125314,1013.6416
1690728125357,1013.649
1690728125396,1013.6614
1690728125415,1013.6684
1690728125458,1013.67053
1690728125496,1013.6701
1690728125515,1013.6627
1690728125557,1013.6533
1690728125597,1013.6541
1690728125615,1013.6671
1690728125660,1013.6605
1690728125697,1013.6697
1690728125716,1013.67114
1690728125759,1013.6637
1690728125800,1013.6509
1690728125815,1013.64966
1690728125855,1013.6527
1690728125895,1013.64923
1690728125917,1013.65106
1690728125956,1013.64795
1690728125997,1013.64966
1690728126015,1013.64746
1690728126057,1013.6465
1690728126098,1013.64355
1690728126115,1013.63983
1690728126158,1013.6439
1690728126196,1013.6634
1690728126215,1013.685
1690728126255,1013.6907
1690728126297,1013.6614
1690728126315,1013.64685
1690728126355,1013.6583
1690728126394,1013.6565
1690728126419,1013.6513
1690728126455,1013.6646
1690728126496,1013.65375
1690728126516,1013.6551
1690728126556,1013.65094
1690728126597,1013.64996
1690728126617,1013.6433
1690728126656,1013.6477
1690728126696,1013.6532
1690728126716,1013.65607
1690728126756,1013.66516
1690728126798,1013.6575
1690728126816,1013.6612
1690728126859,1013.6543
1690728126895,1013.6678
1690728126916,1013.6715
1690728126963,1013.66846
1690728126995,1013.66833
1690728127018,1013.67566
1690728127079,1013.66504
1690728127079,1013.65485
1690728127114,1013.64417
1690728127153,1013.64844
1690728127194,1013.6614
1690728127213,1013.67175
1690728127253,1013.66833
1690728127295,1013.67426
1690728127317,1013.6752
1690728127353,1013.6761
1690728127396,1013.67444
1690728127416,1013.6781
1690728127455,1013.6806
1690728127496,1013.68396
1690728127515,1013.68
1690728127555,1013.6823
1690728127598,1013.68207
1690728127615,1013.67505
1690728127654,1013.6725
1690728127695,1013.66797
1690728127716,1013.671
1690728127754,1013.67615
1690728127794,1013.68494
1690728127820,1013.6741
1690728127854,1013.6704
1690728127895,1013.67126
1690728127918,1013.67786
1690728127954,1013.6761
1690728127994,1013.6748
1690728128014,1013.6852
1690728128057,1013.6799
1690728128095,1013.6765
1690728128117,1013.681
1690728128155,1013.68396
1690728128196,1013.6829
1690728128215,1013.68066
1690728128256,1013.6701
1690728128295,1013.6622
1690728128314,1013.655
1690728128353,1013.65955
1690728128395,1013.66016
1690728128415,1013.6536
1690728128456,1013.6576
1690728128494,1013.6643
1690728128515,1013.6697
1690728128553,1013.6636
1690728128594,1013.66144
1690728128616,1013.6597
1690728128656,1013.66205
1690728128696,1013.66516
1690728128715,1013.6731
1690728128757,1013.6739
1690728128794,1013.6782
1690728128815,1013.6693
1690728128856,1013.6669
1690728128894,1013.6588
1690728128914,1013.65546
1690728128955,1013.66
1690728128994,1013.6461
1690728129015,1013.65045
1690728129055,1013.65094
1690728129096,1013.6514
1690728129113,1013.64984
1690728129155,1013.64453
1690728129194,1013.64
1690728129217,1013.64777
1690728129257,1013.65173
1690728129295,1013.6582
1690728129316,1013.655
1690728129361,1013.65515
1690728129394,1013.65704
1690728129415,1013.64575
1690728129455,1013.64154
1690728129495,1013.64465
1690728129517,1013.6389
1690728129555,1013.6291
1690728129595,1013.6319
1690728129616,1013.6352
1690728129656,1013.6322
1690728129696,1013.63306
1690728129713,1013.6339
1690728129754,1013.64233
1690728129794,1013.6495
1690728129815,1013.64355
1690728129856,1013.64496
1690728129893,1013.6379
1690728129913,1013.6355
1690728129952,1013.6384
1690728129994,1013.63574
1690728130016,1013.62427
1690728130055,1013.6182
1690728130095,1013.61993
1690728130116,1013.6198
1690728130155,1013.6215
1690728130195,1013.6161
1690728130215,1013.6139
1690728130256,1013.61633
1690728130293,1013.6173
1690728130315,1013.6157
1690728130353,1013.6148
1690728130394,1013.615
1690728130418,1013.6234
1690728130454,1013.6222
1690728130494,1013.62317
1690728130513,1013.62006
1690728130555,1013.6023
1690728130595,1013.60077
1690728130614,1013.6008
1690728130655,1013.5924
1690728130692,1013.58325
1690728130714,1013.5823
1690728130754,1013.5773
1690728130793,1013.5713
1690728130814,1013.57983
1690728130856,1013.5778
1690728130893,1013.5908
1690728130912,1013.5901
1690728130952,1013.59296
1690728130996,1013.58875
1690728131015,1013.58496
1690728131055,1013.57715
1690728131094,1013.5813
1690728131112,1013.57495
1690728131155,1013.5604
1690728131195,1013.55566
1690728131215,1013.56165
1690728131256,1013.565
1690728131292,1013.558
1690728131313,1013.5521
1690728131352,1013.5522
1690728131393,1013.5463
1690728131413,1013.5495
1690728131452,1013.5523
1690728131495,1013.5431
1690728131514,1013.5478
1690728131551,1013.55695
1690728131594,1013.57227
1690728131613,1013.57666
1690728131652,1013.55676
1690728131693,1013.5293
1690728131715,1013.54803
1690728131756,1013.5499
1690728131793,1013.5445
1690728131815,1013.5501
1690728131851,1013.55865
1690728131891,1013.55383
1690728131915,1013.55304
1690728131953,1013.56195
1690728131992,1013.56116
1690728132015,1013.5652
1690728132052,1013.56006
1690728132093,1013.55255
1690728132114,1013.54626
1690728132153,1013.5519
1690728132194,1013.54614
1690728132213,1013.5348
1690728132252,1013.5325
1690728132294,1013.5372
1690728132314,1013.5343
1690728132351,1013.5272
1690728132391,1013.5267
1690728132430,1013.53406
1690728132451,1013.53467
1690728132491,1013.53796
1690728132512,1013.5465
1690728132554,1013.5402
1690728132592,1013.5443
1690728132615,1013.54553
1690728132654,1013.54517
1690728132693,1013.5519
1690728132713,1013.5441
1690728132753,1013.53345
1690728132792,1013.5376
1690728132813,1013.5448
1690728132850,1013.54443
1690728132890,1013.5408
1690728132910,1013.53406
1690728132954,1013.5408
1690728132993,1013.5372
1690728133016,1013.53644
1690728133056,1013.5378
1690728133090,1013.5447
1690728133113,1013.54504
1690728133153,1013.5426
1690728133193,1013.5341
1690728133213,1013.553
1690728133254,1013.5521
1690728133293,1013.54956
1690728133316,1013.545
1690728133370,1013.54517
1690728133391,1013.5419
1690728133410,1013.5454
1690728133450,1013.53845
1690728133492,1013.5396
1690728133515,1013.5425
1690728133549,1013.5465
1690728133591,1013.5534
1690728133612,1013.55286
1690728133652,1013.5613
1690728133692,1013.56036
1690728133716,1013.5587
1690728133753,1013.55597
1690728133792,1013.5552
1690728133810,1013.54706
1690728133855,1013.53076
1690728133891,1013.5375
1690728133911,1013.5378
1690728133954,1013.53534
1690728133991,1013.5271
1690728134011,1013.52936
1690728134053,1013.53827
1690728134093,1013.54504
1690728134113,1013.5389
1690728134151,1013.5552
1690728134190,1013.55347
1690728134213,1013.556
1690728134256,1013.5639
1690728134291,1013.55133
1690728134312,1013.5378
1690728134356,1013.54266
1690728134389,1013.5468
1690728134410,1013.54895
1690728134451,1013.5469
1690728134493,1013.55225
1690728134511,1013.5503
1690728134553,1013.5552
1690728134591,1013.5653
1690728134615,1013.55664
1690728134653,1013.55695
1690728134690,1013.56067
1690728134712,1013.5656
1690728134752,1013.56036
1690728134791,1013.57074
1690728134815,1013.573
1690728134852,1013.5526
1690728134890,1013.5401
1690728134910,1013.54956
1690728134951,1013.5492
1690728134991,1013.54767
1690728135010,1013.5438
1690728135052,1013.543
1690728135094,1013.53876
1690728135114,1013.5415
1690728135150,1013.5474
1690728135192,1013.5598
1690728135212,1013.5718
1690728135252,1013.57135
1690728135293,1013.5729
1690728135310,1013.5615
1690728135354,1013.5479
1690728135389,1013.54047
1690728135409,1013.5421
1690728135454,1013.5488
1690728135490,1013.54895
1690728135511,1013.5603
1690728135554,1013.55774
1690728135591,1013.5527
1690728135612,1013.56647
1690728135653,1013.57056
1690728135689,1013.5647
1690728135710,1013.57324
1690728135753,1013.57996
1690728135792,1013.5703
1690728135811,1013.5766
1690728135852,1013.5779
1690728135889,1013.57697
1690728135909,1013.5599
1690728135955,1013.5537
1690728135991,1013.5569
1690728136010,1013.55725
1690728136051,1013.5577
1690728136089,1013.5552
1690728136110,1013.5637
1690728136151,1013.5707
1690728136198,1013.58136
1690728136210,1013.57935
1690728136250,1013.5869
1690728136290,1013.59186
1690728136310,1013.5841
1690728136350,1013.57764
1690728136388,1013.5828
1690728136409,1013.5802
1690728136453,1013.5697
1690728136489,1013.5596
1690728136510,1013.55884
1690728136549,1013.552
1690728136590,1013.5573
1690728136611,1013.56714
1690728136649,1013.56396
1690728136693,1013.5645
1690728136708,1013.57056
1690728136752,1013.5731
1690728136790,1013.5755
1690728136811,1013.57294
1690728136850,1013.5769
1690728136888,1013.5808
1690728136909,1013.5797
1690728136950,1013.5781
1690728136990,1013.5774
1690728137010,1013.5683
1690728137052,1013.5541
1690728137089,1013.55383
1690728137109,1013.5679
1690728137150,1013.562
1690728137194,1013.55524
1690728137209,1013.5524
1690728137251,1013.5581
1690728137289,1013.5611
1690728137309,1013.56384
1690728137355,1013.56104
1690728137389,1013.56836
1690728137409,1013.5625
1690728137452,1013.5582
1690728137488,1013.5512
1690728137510,1013.5561
1690728137550,1013.5546
1690728137591,1013.5504
1690728137613,1013.5501
1690728137654,1013.54517
1690728137688,1013.55237
1690728137708,1013.5481
1690728137749,1013.55005
1690728137795,1013.55334
1690728137810,1013.55396
1690728137849,1013.5579
1690728137887,1013.5614
1690728137908,1013.5638
1690728137953,1013.567
1690728137989,1013.56757
1690728138010,1013.57056
1690728138055,1013.5693
1690728138088,1013.5689
1690728138110,1013.57434
1690728138150,1013.5685
1690728138189,1013.5562
1690728138212,1013.54297
1690728138250,1013.54785
1690728138288,1013.55054
1690728138309,1013.5388
1690728138349,1013.53735
1690728138387,1013.5374
1690728138407,1013.5437
1690728138451,1013.5473
1690728138488,1013.55457
1690728138509,1013.566
1690728138563,1013.56885
1690728138589,1013.56683
1690728138608,1013.55725
1690728138649,1013.5475
1690728138691,1013.5372
1690728138712,1013.52167
1690728138750,1013.5252
1690728138791,1013.53094
1690728138808,1013.5378
1690728138852,1013.5435
1690728138887,1013.53613
1690728138907,1013.52045
1690728138967,1013.5184
1690728138994,1013.5276
1690728139010,1013.53973
1690728139049,1013.54504
1690728139088,1013.55347
1690728139109,1013.55304
1690728139148,1013.556
1690728139188,1013.5588
1690728139208,1013.5569
1690728139249,1013.5478
1690728139291,1013.5297
1690728139307,1013.52423
1690728139350,1013.52954
1690728139388,1013.5242
1690728139407,1013.516
1690728139448,1013.52216
1690728139488,1013.5304
1690728139510,1013.53845
1690728139548,1013.5496
1690728139589,1013.56104
1690728139607,1013.5618
1690728139648,1013.55664
1690728139690,1013.54944
1690728139712,1013.55115
1690728139748,1013.55426
1690728139790,1013.5443
1690728139808,1013.53906
1690728139851,1013.5431
1690728139886,1013.5576
1690728139907,1013.54626
1690728139952,1013.5311
1690728139987,1013.5234
1690728140007,1013.52106
1690728140050,1013.5332
1690728140088,1013.5428
1690728140109,1013.5499
1690728140147,1013.5544
1690728140188,1013.5688
1690728140208,1013.57556
1690728140247,1013.5802
1690728140289,1013.5696
1690728140309,1013.5657
1690728140348,1013.55676
1690728140386,1013.5491
1690728140406,1013.5571
1690728140450,1013.56006
1690728140488,1013.5635
1690728140509,1013.5637
1690728140551,1013.5511
1690728140588,1013.5483
1690728140608,1013.5531
1690728140647,1013.5598
1690728140688,1013.5603
1690728140712,1013.55786
1690728140748,1013.5581
1690728140787,1013.5584
1690728140810,1013.55646
1690728140850,1013.562
1690728140886,1013.5726
1690728140907,1013.5584
1690728140947,1013.54346
1690728140987,1013.5476
1690728141008,1013.5643
1690728141049,1013.5643
1690728141087,1013.56396
1690728141107,1013.5622
1690728141148,1013.55145
1690728141189,1013.543
1690728141207,1013.55286
1690728141250,1013.56085
1690728141290,1013.5709
1690728141307,1013.56903
1690728141349,1013.56995
1690728141386,1013.567
1690728141406,1013.568
1690728141447,1013.5725
1690728141491,1013.5609
1690728141507,1013.5495
1690728141547,1013.5578
1690728141586,1013.5566
1690728141609,1013.56067
1690728141650,1013.5632
1690728141688,1013.56226
1690728141708,1013.551
1690728141747,1013.56287
1690728141787,1013.5622
1690728141807,1013.5588
1690728141849,1013.5647
1690728141886,1013.57153
1690728141906,1013.57263
1690728141946,1013.57306
1690728141986,1013.577
1690728142006,1013.5763
1690728142049,1013.56433
1690728142087,1013.5517
1690728142106,1013.54114
1690728142147,1013.5339
1690728142188,1013.53845
1690728142206,1013.53613
1690728142248,1013.54565
1690728142286,1013.5459
1690728142316,1013.5518
1690728142346,1013.5626
1690728142385,1013.57117
1690728142405,1013.56537
1690728142447,1013.56665
1690728142486,1013.5726
1690728142507,1013.5775
1690728142546,1013.58606
1690728142589,1013.58374
1690728142607,1013.5833
1690728142648,1013.57947
1690728142686,1013.5754
1690728142705,1013.5683
1690728142745,1013.56464
1690728142787,1013.56433
1690728142806,1013.56274
1690728142847,1013.5664
1690728142888,1013.5656
1690728142904,1013.5686
1690728142948,1013.567
1690728142989,1013.5729
1690728143005,1013.5753
1690728143046,1013.57404
1690728143087,1013.5816
1690728143109,1013.5878
1690728143145,1013.5906
1690728143188,1013.5911
1690728143209,1013.5797
1690728143246,1013.5639
1690728143285,1013.55023
1690728143308,1013.5502
1690728143346,1013.55347
1690728143385,1013.54913
1690728143405,1013.5575
1690728143444,1013.5667
1690728143485,1013.5664
1690728143506,1013.576
1690728143549,1013.578
1690728143585,1013.5769
1690728143606,1013.5842
1690728143647,1013.57404
1690728143685,1013.56836
1690728143708,1013.56995
1690728143748,1013.5647
1690728143789,1013.5569
1690728143806,1013.5594
1690728143850,1013.56946
1690728143885,1013.5704
1690728143905,1013.5657
1690728143945,1013.5632
1690728143989,1013.5687
1690728144007,1013.56177
1690728144046,1013.5651
1690728144088,1013.56396
1690728144106,1013.5747
1690728144148,1013.57166
1690728144188,1013.57117
1690728144209,1013.5754
1690728144245,1013.5723
1690728144285,1013.58704
1690728144304,1013.5851
1690728144347,1013.569
1690728144389,1013.5516
1690728144404,1013.5498
1690728144445,1013.5562
1690728144486,1013.5547
1690728144504,1013.55347
1690728144546,1013.5522
1690728144587,1013.55347
1690728144608,1013.5539
1690728144645,1013.5638
1690728144685,1013.5738
1690728144707,1013.58203
1690728144746,1013.58856
1690728144786,1013.585
1690728144806,1013.592
1690728144845,1013.5975
1690728144886,1013.5864
1690728144904,1013.569
1690728144945,1013.5634
1690728144985,1013.5587
1690728145005,1013.5632
1690728145050,1013.5574
1690728145085,1013.5544
1690728145106,1013.5594
1690728145148,1013.5623
1690728145185,1013.57446
1690728145206,1013.57446
1690728145246,1013.5726
1690728145284,1013.57184
1690728145306,1013.5831
1690728145347,1013.57794
1690728145385,1013.57214
1690728145405,1013.57306
1690728145443,1013.57666
1690728145484,1013.57947
1690728145505,1013.5674
1690728145545,1013.56116
1690728145584,1013.5686
1690728145604,1013.5551
1690728145644,1013.55066
1690728145684,1013.54834
1690728145704,1013.56396
1690728145746,1013.5698
1690728145786,1013.57635
1690728145806,1013.58026
1690728145846,1013.58484
1690728145885,1013.5832
1690728145903,1013.58655
1690728145943,1013.58673
1690728145985,1013.5843
1690728146005,1013.5764
1690728146055,1013.5603
1690728146083,1013.5593
1690728146104,1013.56775
1690728146144,1013.56494
1690728146184,1013.54974
1690728146207,1013.5558
1690728146246,1013.5552
1690728146284,1013.56726
1690728146304,1013.5698
1690728146348,1013.56384
1690728146385,1013.57007
1690728146403,1013.5689
1690728146445,1013.5709
1690728146486,1013.5739
1690728146505,1013.56934
1690728146547,1013.5706
1690728146596,1013.57825
1690728146605,1013.55164
1690728146646,1013.5405
1690728146685,1013.53033
1690728146704,1013.53516
1690728146746,1013.5353
1690728146784,1013.5428
1690728146805,1013.5481
1690728146843,1013.5577
1690728146887,1013.5633
1690728146903,1013.55884
1690728146944,1013.5636
1690728146984,1013.5725
1690728147026,1013.5637
1690728147044,1013.55865
1690728147084,1013.56525
1690728147107,1013.5675
1690728147146,1013.57086
1690728147186,1013.55206
1690728147223,1013.55835
1690728147244,1013.5648
1690728147283,1013.5568
1690728147306,1013.5571
1690728147347,1013.5403
1690728147383,1013.535
1690728147423,1013.535
1690728147443,1013.5497
1690728147486,1013.5621
1690728147506,1013.5698
1690728147544,1013.56555
1690728147585,1013.5631
1690728147627,1013.572
1690728147644,1013.5702
1690728147684,1013.5498
1690728147708,1013.53284
1690728147747,1013.5379
1690728147785,1013.54596
1690728147826,1013.5381
1690728147844,1013.539
1690728147883,1013.5416
1690728147925,1013.5313
1690728147943,1013.539
1690728147984,1013.5558
1690728148025,1013.5585
1690728148043,1013.5643
1690728148086,1013.5707
1690728148128,1013.56836
1690728148142,1013.5663
1690728148183,1013.5678
1690728148224,1013.55505
1690728148244,1013.54504
1690728148287,1013.5412
1690728148323,1013.54755
1690728148345,1013.5497
1690728148382,1013.5365
1690728148424,1013.53564
1690728148442,1013.5391
1690728148487,1013.54553
1690728148523,1013.5481
1690728148543,1013.5509
1690728148597,1013.56604
1690728148624,1013.5695
1690728148644,1013.5654
1690728148685,1013.5632
1690728148724,1013.5606
1690728148743,1013.55615
1690728148785,1013.5574
1690728148825,1013.5437
1690728148843,1013.54236
1690728148884,1013.54816
1690728148923,1013.5443
1690728148942,1013.54333
1690728148985,1013.5464
1690728149025,1013.5483
1690728149042,1013.54663
1690728149084,1013.5456
1690728149123,1013.5517
1690728149146,1013.55945
1690728149192,1013.56085
1690728149223,1013.5664
1690728149244,1013.5676
1690728149283,1013.56116
1690728149322,1013.5572
1690728149343,1013.5606
1690728149384,1013.5441
1690728149422,1013.531
1690728149443,1013.5441
1690728149484,1013.5565
1690728149523,1013.55585
1690728149543,1013.55304
1690728149585,1013.54767
1690728149624,1013.54565
1690728149644,1013.5554
1690728149684,1013.56024
1690728149723,1013.5609
1690728149743,1013.5706
1690728149784,1013.56964
1690728149824,1013.573
1690728149843,1013.57477
1690728149883,1013.5698
1690728149922,1013.5603
1690728149941,1013.547
1690728149982,1013.54956
1690728150024,1013.55005
1690728150045,1013.5406
1690728150084,1013.5358
1690728150122,1013.5391
1690728150142,1013.54535
1690728150185,1013.5582
1690728150224,1013.56287
1690728150243,1013.56854
1690728150286,1013.5693
1690728150322,1013.5725
1690728150342,1013.57825
1690728150384,1013.57715
1690728150422,1013.5843
1690728150442,1013.56696
1690728150486,1013.5555
1690728150521,1013.5524
1690728150542,1013.5689
1690728150585,1013.57434
1690728150624,1013.5588
1690728150642,1013.55164
1690728150682,1013.5454
1690728150722,1013.5486
1690728150742,1013.5554
1690728150783,1013.5625
1690728150824,1013.57697
1690728150842,1013.58655
1690728150888,1013.59186
1690728150920,1013.5867
1690728150941,1013.57654
1690728150984,1013.5747
1690728151026,1013.56323
1690728151041,1013.5507
1690728151083,1013.54956
1690728151123,1013.5559
1690728151141,1013.55347
1690728151183,1013.55115
1690728151223,1013.54736
1690728151247,1013.5479
1690728151282,1013.55115
1690728151324,1013.5602
1690728151341,1013.5632
1690728151384,1013.57025
1690728151422,1013.5678
1690728151446,1013.5734
1690728151485,1013.5789
1690728151521,1013.57825
1690728151545,1013.58014
1690728151582,1013.57764
1690728151622,1013.57227
1690728151651,1013.5632
1690728151684,1013.5752
1690728151720,1013.5799
1690728151741,1013.56915
1690728151782,1013.5625
1690728151821,1013.5507
1690728151841,1013.551
1690728151885,1013.56226
1690728151922,1013.57007
1690728151940,1013.5758
1690728151985,1013.5782
1690728152021,1013.577
1690728152041,1013.5823
1690728152083,1013.58746
1690728152125,1013.5908
1690728152143,1013.5759
1690728152182,1013.5661
1690728152223,1013.5753
1690728152242,1013.57745
1690728152280,1013.5783
1690728152323,1013.5747
1690728152342,1013.5773
1690728152385,1013.5792
1690728152421,1013.58276
1690728152440,1013.5844
1690728152480,1013.58405
1690728152520,1013.5801
1690728152540,1013.5807
1690728152582,1013.5833
1690728152622,1013.58734
1690728152642,1013.59735
1690728152683,1013.60254
1690728152721,1013.59845
1690728152744,1013.59686
1690728152784,1013.59033
1690728152821,1013.5955
1690728152844,1013.60474
1690728152894,1013.5996
1690728152921,1013.5864
1690728152941,1013.58704
1690728152989,1013.5851
1690728153020,1013.5898
1690728153043,1013.60443
1690728153081,1013.6122
1690728153124,1013.61816
1690728153141,1013.6194
1690728153182,1013.6188
1690728153221,1013.6296
1690728153240,1013.6338
1690728153282,1013.6158
1690728153321,1013.5992
1690728153342,1013.59186
1690728153380,1013.5952
1690728153420,1013.5933
1690728153441,1013.58606
1690728153483,1013.5856
1690728153520,1013.59326
1690728153542,1013.5919
1690728153582,1013.5914
1690728153619,1013.6013
1690728153639,1013.609
1690728153679,1013.6195
1690728153722,1013.62286
1690728153741,1013.63617
1690728153780,1013.62823
1690728153820,1013.62286
1690728153840,1013.61334
1690728153882,1013.60583
1690728153920,1013.6031
1690728153940,1013.62134
1690728153979,1013.62445
1690728154021,1013.61414
1690728154041,1013.6077
1690728154082,1013.6014
1690728154121,1013.5977
1690728154139,1013.60095
1690728154183,1013.6064
1690728154220,1013.61163
1690728154241,1013.61646
1690728154280,1013.61584
1690728154321,1013.6134
1690728154340,1013.6145
1690728154380,1013.61633
1690728154419,1013.61017
1690728154439,1013.61053
1690728154482,1013.6118
1690728154523,1013.6079
1690728154539,1013.60645
1690728154579,1013.6057
1690728154619,1013.6033
1690728154639,1013.59827
1690728154683,1013.6004
1690728154722,1013.5918
1690728154740,1013.6029
1690728154780,1013.6065
1690728154819,1013.6107
1690728154842,1013.6135
1690728154880,1013.61707
1690728154919,1013.619
1690728154938,1013.61847
1690728154986,1013.6117
1690728155020,1013.601
1690728155040,1013.5996
1690728155080,1013.6067
1690728155119,1013.6059
1690728155139,1013.6039
1690728155182,1013.60266
1690728155220,1013.6047
1690728155240,1013.59705
1690728155281,1013.59283
1690728155319,1013.59924
1690728155338,1013.6036
1690728155378,1013.59863
1690728155418,1013.6006
1690728155438,1013.59924
1690728155480,1013.59045
1690728155519,1013.5944
1690728155539,1013.5905
1690728155578,1013.58215
1690728155620,1013.5795
1690728155641,1013.5834
1690728155680,1013.57544
1690728155720,1013.569
1690728155740,1013.58
1690728155779,1013.5789
1690728155818,1013.58136
1690728155840,1013.58887
1690728155886,1013.5973
1690728155918,1013.6046
1690728155938,1013.61584
1690728155978,1013.618
1690728156021,1013.61145
1690728156038,1013.6167
1690728156080,1013.61487
1690728156119,1013.60785
1690728156139,1013.5966
1690728156180,1013.59607
1690728156221,1013.6008
1690728156241,1013.6122
1690728156283,1013.6081
1690728156321,1013.6139
1690728156338,1013.6177
1690728156383,1013.6178
1690728156419,1013.61804
1690728156438,1013.6112
1690728156479,1013.61694
1690728156518,1013.6293
1690728156538,1013.6257
1690728156580,1013.6209
1690728156621,1013.62506
1690728156640,1013.62036
1690728156679,1013.61456
1690728156718,1013.6165
1690728156739,1013.62415
1690728156780,1013.6252
1690728156819,1013.6207
1690728156839,1013.619
1690728156882,1013.61816
1690728156917,1013.617
1690728156938,1013.6258
1690728156979,1013.6299
1690728157022,1013.62524
1690728157039,1013.6251
1690728157079,1013.63196
1690728157118,1013.6418
1690728157139,1013.6392
1690728157180,1013.6383
1690728157220,1013.6368
1690728157240,1013.6232
1690728157279,1013.6176
1690728157320,1013.624
1690728157341,1013.6226
1690728157379,1013.6185
1690728157419,1013.61914
1690728157439,1013.6224
1690728157477,1013.6201
1690728157516,1013.6228
1690728157537,1013.6267
1690728157579,1013.6334
1690728157620,1013.63715
1690728157639,1013.63635
1690728157680,1013.6289
1690728157718,1013.62964
1690728157737,1013.63086
1690728157778,1013.62317
1690728157820,1013.60016
1690728157838,1013.5962
1690728157877,1013.6044
1690728157922,1013.5995
1690728157937,1013.6021
1690728157977,1013.59985
1690728158019,1013.6101
1690728158039,1013.6288
1690728158080,1013.6256
1690728158118,1013.62427
1690728158138,1013.6306
1690728158184,1013.6467
1690728158219,1013.63446
1690728158238,1013.6295
1690728158278,1013.6301
1690728158319,1013.6207
1690728158338,1013.6169
1690728158378,1013.6173
1690728158424,1013.61395
1690728158437,1013.6233
1690728158477,1013.6246
1690728158517,1013.6133
1690728158538,1013.6161
1690728158580,1013.6185
1690728158619,1013.6141
1690728158638,1013.6107
1690728158677,1013.6211
1690728158720,1013.63464
1690728158738,1013.63666
1690728158777,1013.637
1690728158817,1013.6354
1690728158839,1013.6306
1690728158879,1013.6355
1690728158917,1013.6426
1690728158936,1013.63025
1690728158978,1013.6226
1690728159017,1013.62
1690728159037,1013.6182
1690728159078,1013.6138
1690728159116,1013.6136
1690728159139,1013.61163
1690728159178,1013.62335
1690728159220,1013.63605
1690728159238,1013.64233
1690728159277,1013.6426
1690728159318,1013.63617
1690728159340,1013.6459
1690728159378,1013.656
1690728159420,1013.6649
1690728159436,1013.6623
1690728159476,1013.65283
1690728159518,1013.6395
1690728159538,1013.64136
1690728159578,1013.65405
1690728159617,1013.65027
1690728159639,1013.641
1690728159679,1013.6357
1690728159719,1013.6257
1690728159739,1013.62695
1690728159777,1013.63055
1690728159821,1013.6311
1690728159837,1013.6331
1690728159877,1013.6403
1690728159919,1013.64984
1690728159936,1013.64874
1690728159977,1013.64044
1690728160021,1013.6423
1690728160036,1013.64813
1690728160078,1013.637
1690728160124,1013.6334
1690728160141,1013.63245
1690728160178,1013.6289
1690728160217,1013.6262
1690728160237,1013.6187
1690728160277,1013.61926
1690728160315,1013.6157
1690728160336,1013.62787
1690728160377,1013.64526
1690728160417,1013.6537
1690728160436,1013.6527
1690728160475,1013.65326
1690728160518,1013.652
1690728160539,1013.6477
1690728160577,1013.63495
1690728160616,1013.635
1690728160636,1013.6237
1690728160678,1013.6259
1690728160717,1013.63904
1690728160736,1013.63654
1690728160777,1013.6328
1690728160816,1013.6294
1690728160838,1013.62885
1690728160879,1013.6299
1690728160916,1013.6353
1690728160944,1013.64417
1690728160976,1013.6471
1690728161018,1013.6471
1690728161036,1013.64795
1690728161078,1013.65173
1690728161118,1013.65765
1690728161140,1013.65027
1690728161178,1013.65845
1690728161219,1013.6378
1690728161237,1013.6337
1690728161275,1013.6345
1690728161317,1013.64105
1690728161336,1013.63727
1690728161377,1013.64197
1690728161414,1013.6501
1690728161435,1013.65094
1690728161475,1013.6499
1690728161520,1013.65
1690728161538,1013.652
1690728161576,1013.65515
1690728161619,1013.6588
1690728161636,1013.6707
1690728161677,1013.669
1690728161716,1013.66187
1690728161736,1013.6614
1690728161778,1013.6547
1690728161815,1013.64124
1690728161835,1013.64014
1690728161874,1013.64984
1690728161915,1013.6535
1690728161935,1013.6415
1690728161975,1013.63446
1690728162015,1013.6353
1690728162036,1013.65106
1690728162077,1013.6561
1690728162117,1013.657
1690728162137,1013.6597
1690728162175,1013.65625
1690728162216,1013.65894
1690728162235,1013.66736
1690728162277,1013.6767
1690728162316,1013.66797
1690728162336,1013.64905
1690728162380,1013.63556
1690728162416,1013.6321
1690728162436,1013.63086
1690728162476,1013.6259
1690728162516,1013.62695
1690728162537,1013.6264
1690728162576,1013.63086
1690728162617,1013.6245
1690728162636,1013.63074
1690728162676,1013.6325
1690728162716,1013.6397
1690728162738,1013.6291
1690728162775,1013.62634
1690728162819,1013.6367
1690728162841,1013.6469
1690728162876,1013.63513
1690728162916,1013.6222
1690728162938,1013.61255
1690728162974,1013.6256
1690728163018,1013.62286
1690728163035,1013.61633
1690728163075,1013.61115
1690728163116,1013.60596
1690728163135,1013.599
1690728163174,1013.60016
1690728163216,1013.6055
1690728163236,1013.6133
1690728163276,1013.6095
1690728163318,1013.6151
1690728163343,1013.61304
1690728163375,1013.62134
1690728163414,1013.62396
1690728163436,1013.63184
1690728163473,1013.6215
1690728163515,1013.6116
1690728163535,1013.61536
1690728163577,1013.6304
1690728163618,1013.62976
1690728163635,1013.62665
1690728163674,1013.6245
1690728163717,1013.6242
1690728163737,1013.6257
1690728163775,1013.6317
1690728163815,1013.6412
1690728163839,1013.6541
1690728163874,1013.647
1690728163914,1013.6467
1690728163934,1013.6475
1690728163974,1013.6527
1690728164015,1013.6494
1690728164034,1013.6311
1690728164075,1013.622
1690728164116,1013.62427
1690728164134,1013.61633
1690728164176,1013.6126
1690728164217,1013.60864
1690728164235,1013.61237
1690728164275,1013.6137
1690728164317,1013.6228
1690728164337,1013.63293
1690728164376,1013.6347
1690728164419,1013.63354
1690728164434,1013.63525
1690728164474,1013.636
1690728164514,1013.6404
1690728164534,1013.64343
1690728164575,1013.6344
1690728164614,1013.6274
1690728164636,1013.6132
1690728164674,1013.609
1690728164721,1013.6123
1690728164734,1013.60547
1690728164774,1013.5939
1690728164817,1013.5941
1690728164838,1013.6011
1690728164874,1013.6126
1690728164916,1013.61835
1690728164938,1013.6112
1690728164973,1013.6299
1690728165016,1013.6389
1690728165035,1013.6485
1690728165075,1013.6462
1690728165114,1013.6426
1690728165134,1013.6295
1690728165175,1013.61804
1690728165215,1013.6215
1690728165237,1013.6293
1690728165276,1013.6274
1690728165316,1013.61847
1690728165333,1013.6207
1690728165376,1013.6215
1690728165417,1013.62366
1690728165436,1013.6234
1690728165473,1013.6218
1690728165514,1013.6394
1690728165534,1013.64233
1690728165574,1013.63947
1690728165622,1013.63635
1690728165638,1013.6389
1690728165675,1013.63794
1690728165716,1013.6279
1690728165736,1013.6226
1690728165777,1013.62476
1690728165815,1013.6203
1690728165835,1013.60956
1690728165873,1013.60504
1690728165919,1013.6076
1690728165936,1013.6105
1690728165974,1013.6156
1690728166014,1013.6177
1690728166034,1013.6271
1690728166073,1013.63403
1690728166118,1013.6443
1690728166135,1013.6495
1690728166175,1013.6457
1690728166216,1013.64185
1690728166234,1013.6393
1690728166274,1013.6298
1690728166315,1013.6312
1690728166335,1013.63245
1690728166375,1013.6373
1690728166418,1013.6243
1690728166436,1013.6185
1690728166472,1013.6175
1690728166518,1013.6191
1690728166535,1013.6222
1690728166575,1013.6277
1690728166613,1013.639
1690728166635,1013.6421
1690728166676,1013.64014
1690728166716,1013.62634
1690728166734,1013.6273
1690728166774,1013.6247
1690728166813,1013.61194
1690728166833,1013.60803
1690728166872,1013.60547
1690728166920,1013.61536
1690728166934,1013.61664
1690728166973,1013.6007
1690728167014,1013.60236
1690728167032,1013.61035
1690728167073,1013.6211
1690728167117,1013.627
1690728167137,1013.6328
1690728167176,1013.62866
1690728167213,1013.63794
1690728167233,1013.6493
1690728167272,1013.6499
1690728167315,1013.6451
1690728167333,1013.64795
1690728167372,1013.6363
1690728167416,1013.6283
1690728167437,1013.62476
1690728167471,1013.6198
1690728167517,1013.61365
1690728167534,1013.6089
1690728167574,1013.6157
1690728167614,1013.61884
1690728167633,1013.63055
1690728167673,1013.63824
1690728167716,1013.64594
1690728167734,1013.6508
1690728167774,1013.6413
1690728167812,1013.6304
1690728167834,1013.6239
1690728167875,1013.62366
1690728167914,1013.60925
1690728167934,1013.5929
1690728167972,1013.5873
1690728168013,1013.5924
1690728168032,1013.5896
1690728168075,1013.594
1690728168114,1013.5962
1690728168133,1013.5906
1690728168173,1013.5945
1690728168213,1013.5979
1690728168232,1013.6103
1690728168273,1013.60675
1690728168315,1013.60815
1690728168334,1013.6188
1690728168374,1013.62244
1690728168412,1013.61346
1690728168431,1013.6021
1690728168472,1013.5945
1690728168515,1013.6063
1690728168535,1013.60986
1690728168575,1013.60864
1690728168612,1013.6087
1690728168632,1013.6035
1690728168670,1013.6112
1690728168714,1013.61304
1690728168733,1013.6279
1690728168772,1013.63306
1690728168812,1013.6394
1690728168853,1013.64526
1690728168873,1013.6387
1690728168913,1013.6334
1690728168951,1013.625
1690728168970,1013.6141
1690728169011,1013.59814
1690728169052,1013.5947
1690728169072,1013.59595
1690728169114,1013.5947
1690728169153,1013.59644
1690728169176,1013.5889
1690728169213,1013.58905
1690728169253,1013.59326
1690728169275,1013.5957
1690728169311,1013.60144
1690728169352,1013.60547
1690728169373,1013.609
1690728169412,1013.60443
1690728169450,1013.6076
1690728169471,1013.6085
1690728169514,1013.6144
1690728169550,1013.6137
1690728169571,1013.6017
1690728169614,1013.59674
1690728169653,1013.599
1690728169674,1013.60364
1690728169712,1013.58826
1690728169753,1013.5897
1690728169773,1013.59485
1690728169814,1013.6003
1690728169854,1013.6115
1690728169872,1013.6063
1690728169911,1013.611
1690728169950,1013.6144
1690728169970,1013.60693
1690728170013,1013.6018
1690728170056,1013.6001
1690728170074,1013.6038
1690728170112,1013.603
1690728170154,1013.5896
1690728170173,1013.5925
1690728170211,1013.58563
1690728170253,1013.58936
1690728170271,1013.5915
1690728170310,1013.58673
1690728170352,1013.58655
1690728170373,1013.5957
1690728170412,1013.6079
1690728170451,1013.6094
1690728170471,1013.6115
1690728170513,1013.6127
1690728170551,1013.6159
1690728170575,1013.61676
1690728170617,1013.62366
1690728170653,1013.62054
1690728170671,1013.6146
1690728170712,1013.59955
1690728170753,1013.59973
1690728170772,1013.60645
1690728170813,1013.61694
1690728170852,1013.6088
1690728170873,1013.6062
1690728170911,1013.6024
1690728170949,1013.6066
1690728170969,1013.6113
1690728171015,1013.6094
1690728171052,1013.6117
1690728171073,1013.6085
1690728171110,1013.6082
1690728171152,1013.60925
1690728171178,1013.60974
1690728171213,1013.61127
1690728171252,1013.60236
1690728171274,1013.59644
1690728171315,1013.6001
1690728171351,1013.5995
1690728171372,1013.6015
1690728171410,1013.6077
1690728171450,1013.605
1690728171469,1013.60785
1690728171512,1013.6164
1690728171552,1013.6246
1690728171570,1013.6154
1690728171610,1013.61707
1690728171650,1013.62335
1690728171673,1013.62646
1690728171710,1013.6265
1690728171752,1013.63513
1690728171771,1013.6388
1690728171812,1013.62463
1690728171852,1013.62006
1690728171870,1013.621
1690728171909,1013.62427
1690728171949,1013.6248
1690728171969,1013.6207
1690728172013,1013.607
1690728172050,1013.6106
1690728172069,1013.6068
1690728172110,1013.60706
1690728172151,1013.60547
1690728172171,1013.6157
1690728172213,1013.6323
1690728172249,1013.62885
1690728172270,1013.622
1690728172310,1013.63776
1690728172350,1013.62585
1690728172370,1013.6216
1690728172410,1013.62213
1690728172453,1013.64014
1690728172469,1013.62665
1690728172509,1013.61914
1690728172549,1013.6067
1690728172571,1013.6118
1690728172609,1013.62146
1690728172650,1013.6341
1690728172670,1013.63306
1690728172709,1013.63354
1690728172750,1013.64105
1690728172772,1013.6455
1690728172811,1013.6485
1690728172848,1013.64557
1690728172869,1013.63086
1690728172909,1013.62463
1690728172949,1013.6116
1690728172969,1013.6113
1690728173009,1013.60974
1690728173048,1013.60767
1690728173068,1013.5963
1690728173111,1013.59393
1690728173152,1013.5996
1690728173173,1013.6037
1690728173210,1013.6014
1690728173250,1013.58954
1690728173270,1013.59973
1690728173309,1013.61053
1690728173350,1013.61334
1690728173371,1013.6157
1690728173410,1013.6242
1690728173449,1013.62537
1690728173469,1013.6283
1690728173508,1013.62054
1690728173552,1013.62805
1690728173571,1013.6173
1690728173611,1013.6074
1690728173649,1013.6012
1690728173671,1013.5959
1690728173712,1013.5979
1690728173749,1013.59674
1690728173773,1013.6218
1690728173811,1013.6212
1690728173849,1013.6196
1690728173874,1013.6316
1690728173909,1013.63025
1690728173949,1013.6235
1690728173969,1013.6261
1690728174009,1013.6205
1690728174049,1013.61206
1690728174070,1013.6211
1690728174113,1013.62036
1690728174150,1013.6167
1690728174169,1013.61725
1690728174210,1013.60315
1690728174253,1013.60156
1690728174269,1013.6016
1690728174311,1013.6062
1690728174349,1013.6079
1690728174372,1013.6132
1690728174408,1013.6164
1690728174451,1013.6188
1690728174468,1013.614
1690728174508,1013.6122
1690728174548,1013.6161
1690728174568,1013.60815
1690728174608,1013.59326
1690728174649,1013.59686
1690728174670,1013.60254
1690728174711,1013.60156
1690728174749,1013.5927
1690728174769,1013.5962
1690728174810,1013.60144
1690728174854,1013.6078
1690728174872,1013.6098
1690728174909,1013.6074
1690728174949,1013.6078
1690728174967,1013.6043
1690728175008,1013.60767
1690728175047,1013.60986
1690728175070,1013.6164
1690728175111,1013.605
1690728175148,1013.5886
1690728175168,1013.5845
1690728175207,1013.5919
1690728175250,1013.58563
1690728175269,1013.58813
1690728175313,1013.5884
1690728175348,1013.5921
1690728175369,1013.60443
1690728175408,1013.6062
1690728175447,1013.60455
1690728175467,1013.6122
1690728175508,1013.6083
1690728175548,1013.59753
1690728175568,1013.60034
1690728175609,1013.60583
1690728175650,1013.6104
1690728175670,1013.58856
1690728175709,1013.581
1690728175749,1013.59033
1690728175773,1013.59595
1690728175810,1013.59344
1690728175850,1013.5757
1690728175868,1013.57965
1690728175912,1013.5841
1690728175950,1013.59515
1690728175967,1013.60535
1690728176007,1013.6106
1690728176053,1013.6197
1690728176068,1013.617
1690728176107,1013.6126
1690728176147,1013.6198
1690728176167,1013.62317
1690728176209,1013.60535
1690728176249,1013.58966
1690728176268,1013.599
1690728176308,1013.59467
1690728176347,1013.59143
1690728176367,1013.5847
1690728176407,1013.5775
1690728176446,1013.5853
1690728176467,1013.5974
1690728176506,1013.59625
1690728176546,1013.6023
1690728176570,1013.6009
1690728176609,1013.6044
1690728176647,1013.6057
1690728176667,1013.6056
1690728176707,1013.61035
1690728176749,1013.6039
1690728176767,1013.6016
1690728176807,1013.5939
1690728176851,1013.5938
1690728176867,1013.59705
1690728176910,1013.5863
1690728176946,1013.5932
1690728176966,1013.5921
1690728177009,1013.59143
1690728177048,1013.59436
1690728177068,1013.5839
1690728177107,1013.5823
1690728177148,1013.5917
1690728177166,1013.5935
1690728177209,1013.6049
1690728177248,1013.6027
1690728177268,1013.6079
1690728177307,1013.6091
1690728177349,1013.5957
1690728177366,1013.5841
1690728177409,1013.5907
1690728177446,1013.58545
1690728177466,1013.58264
1690728177508,1013.5735
1690728177549,1013.5871
1690728177566,1013.58167
1690728177610,1013.5895
1690728177650,1013.5981
1690728177666,1013.603
1690728177709,1013.6218
1690728177747,1013.6272
1690728177766,1013.61487
1690728177808,1013.5886
1690728177850,1013.5867
1690728177868,1013.58325
1690728177907,1013.5723
1690728177949,1013.56287
1690728177968,1013.55945
1690728178006,1013.5602
1690728178050,1013.56354
1690728178066,1013.5733
1690728178107,1013.5755
1690728178149,1013.5818
1690728178169,1013.59064
1690728178207,1013.5996
1690728178248,1013.6013
1690728178268,1013.596
1690728178307,1013.6064
1690728178348,1013.6034
1690728178368,1013.6021
1690728178408,1013.59814
1690728178450,1013.60315
1690728178467,1013.58496
1690728178506,1013.583
1690728178546,1013.59314
1690728178568,1013.5994
1690728178607,1013.59357
1690728178647,1013.58887
1690728178666,1013.59717
1690728178707,1013.60486
1690728178749,1013.6073
1690728178767,1013.5985
1690728178811,1013.59
1690728178847,1013.6011
1690728178867,1013.6023
1690728178909,1013.59827
1690728178951,1013.6043
1690728178965,1013.6032
1690728179007,1013.5942
1690728179047,1013.5748
1690728179069,1013.5878
1690728179106,1013.60095
1690728179149,1013.603
1690728179167,1013.5865
1690728179207,1013.57733
1690728179246,1013.58307
1690728179267,1013.59155
1690728179305,1013.60583
1690728179348,1013.60876
1690728179367,1013.6122
1690728179407,1013.61224
1690728179447,1013.6045
1690728179465,1013.6057
1690728179505,1013.6011
1690728179547,1013.5988
1690728179566,1013.59076
1690728179607,1013.57007
1690728179647,1013.584
1690728179667,1013.5947
1690728179706,1013.59644
1690728179749,1013.5868
1690728179768,1013.5866
1690728179807,1013.5864
1690728179845,1013.5945
1690728179868,1013.6071
1690728179905,1013.6094
1690728179946,1013.61316
1690728179966,1013.62494
1690728180007,1013.63196
1690728180053,1013.63086
1690728180066,1013.624
1690728180104,1013.6177
1690728180145,1013.6172
1690728180167,1013.5939
1690728180205,1013.5901
1690728180246,1013.6015
1690728180266,1013.6035
1690728180312,1013.6002
1690728180345,1013.60645
1690728180368,1013.6019
1690728180407,1013.5881
1690728180446,1013.5891
1690728180465,1013.5927
1690728180505,1013.59753
1690728180546,1013.6037
1690728180565,1013.6015
1690728180606,1013.5835
1690728180648,1013.5784
1690728180665,1013.57635
1690728180706,1013.5707
1690728180747,1013.56836
1690728180766,1013.567
1690728180806,1013.57495
1690728180845,1013.5758
1690728180864,1013.56354
1690728180906,1013.56305
1690728180948,1013.56464
1690728180965,1013.5575
1690728181005,1013.56464
1690728181046,1013.56854
1690728181065,1013.5785
1690728181106,1013.5912
1690728181149,1013.5882
1690728181164,1013.5937
1690728181208,1013.60046
1690728181247,1013.6034
1690728181266,1013.599
1690728181305,1013.5943
1690728181346,1013.5843
1690728181366,1013.57935
1690728181404,1013.58417
1690728181452,1013.5836
1690728181469,1013.58295
1690728181506,1013.5849
1690728181548,1013.59436
1690728181566,1013.6127
1690728181607,1013.61444
1690728181645,1013.6157
1690728181665,1013.6199
1690728181705,1013.63806
1690728181745,1013.6383
1690728181764,1013.634
1690728181807,1013.64075
1690728181846,1013.6365
1690728181865,1013.6249
1690728181905,1013.62244
1690728181946,1013.61804
1690728181964,1013.61707
1690728182004,1013.61035
1690728182049,1013.6073
1690728182064,1013.6092
1690728182105,1013.6242
1690728182146,1013.64
1690728182168,1013.6611
1690728182204,1013.6832
1690728182246,1013.6996
1690728182265,1013.71045
1690728182305,1013.7063
1690728182347,1013.7023
1690728182366,1013.71387
1690728182407,1013.69653
1690728182445,1013.6661
1690728182463,1013.656
1690728182504,1013.667
1690728182548,1013.6677
1690728182565,1013.6609
1690728182604,1013.65985
1690728182648,1013.6547
1690728182666,1013.6622
1690728182706,1013.6608
1690728182745,1013.6677
1690728182765,1013.6658
1690728182807,1013.68176
1690728182845,1013.6905
1690728182868,1013.6857
1690728182905,1013.6818
1690728182950,1013.683
1690728182963,1013.68054
1690728183003,1013.6721
1690728183054,1013.6608
1690728183068,1013.6626
1690728183105,1013.67194
1690728183145,1013.6647
1690728183166,1013.6503
1690728183204,1013.64935
1690728183247,1013.65076
1690728183267,1013.641
1690728183305,1013.6375
1690728183343,1013.6443
1690728183364,1013.6576
1690728183405,1013.6801
1690728183444,1013.67786
1690728183464,1013.69434
1690728183503,1013.70557
1690728183549,1013.7057
1690728183563,1013.71106
1690728183605,1013.7028
1690728183649,1013.71136
1690728183667,1013.712
1690728183704,1013.70593
1690728183746,1013.70435
1690728183767,1013.7036
1690728183802,1013.7162
1690728183845,1013.73737
1690728183865,1013.7627
1690728183903,1013.7726
1690728183943,1013.78107
1690728183964,1013.7841
1690728184003,1013.7877
1690728184049,1013.7856
1690728184064,1013.7898
1690728184104,1013.7807
1690728184144,1013.7607
1690728184164,1013.751
1690728184206,1013.7542
1690728184245,1013.7711
1690728184266,1013.7711
1690728184303,1013.7698
1690728184346,1013.7671
1690728184365,1013.7696
1690728184405,1013.78046
1690728184445,1013.7891
1690728184462,1013.78253
1690728184503,1013.78815
1690728184546,1013.7986
1690728184564,1013.8007
1690728184606,1013.8002
1690728184644,1013.8102
1690728184665,1013.8019
1690728184705,1013.7962
1690728184745,1013.80585
1690728184763,1013.8074
1690728184804,1013.8026
1690728184844,1013.8011
1690728184866,1013.8058
1690728184904,1013.8053
1690728184945,1013.799
1690728184962,1013.7956
1690728185002,1013.78986
1690728185045,1013.7907
1690728185068,1013.796
1690728185103,1013.786
1690728185145,1013.76556
1690728185164,1013.7379
1690728185203,1013.71405
1690728185246,1013.7039
1690728185268,1013.7113
1690728185303,1013.7041
1690728185342,1013.7277
1690728185364,1013.7407
1690728185406,1013.7367
1690728185450,1013.7246
1690728185472,1013.71515
1690728185502,1013.70264
1690728185542,1013.6913
1690728185562,1013.7005
1690728185604,1013.7063
1690728185643,1013.70404
1690728185662,1013.69354
1690728185702,1013.6953
1690728185742,1013.6905
1690728185763,1013.6865
1690728185803,1013.6995
1690728185846,1013.7008
1690728185862,1013.7005
1690728185903,1013.7063
1690728185946,1013.71814
1690728185966,1013.7282
1690728186003,1013.7427
1690728186043,1013.75476
1690728186062,1013.7638
1690728186103,1013.768
1690728186142,1013.7657
1690728186167,1013.7658
1690728186204,1013.7634
1690728186242,1013.7704
1690728186264,1013.77246
1690728186302,1013.7751
1690728186345,1013.77747
1690728186365,1013.78534
1690728186403,1013.78186
1690728186442,1013.7562
1690728186461,1013.74426
1690728186501,1013.7545
1690728186542,1013.7675
1690728186566,1013.7701
1690728186603,1013.76117
1690728186643,1013.759
1690728186664,1013.7574
1690728186702,1013.76385
1690728186747,1013.7673
1690728186763,1013.7821
1690728186804,1013.8014
1690728186842,1013.8207
1690728186862,1013.82605
1690728186901,1013.81824
1690728186944,1013.80347
1690728186961,1013.80835
1690728187002,1013.7941
1690728187042,1013.78754
1690728187061,1013.78766
1690728187101,1013.7737
1690728187143,1013.7351
1690728187164,1013.70404
1690728187201,1013.6821
1690728187242,1013.6725
1690728187264,1013.66003
1690728187302,1013.6538
1690728187342,1013.6499
1690728187363,1013.6562
1690728187402,1013.676
1690728187443,1013.6855
1690728187466,1013.6949
1690728187501,1013.694
1690728187541,1013.6903
1690728187562,1013.67535
1690728187601,1013.66235
1690728187642,1013.68176
1690728187661,1013.6874
1690728187701,1013.7017
1690728187743,1013.7167
1690728187762,1013.7261
1690728187804,1013.75775
1690728187843,1013.7888
1690728187860,1013.81995
1690728187901,1013.8315
1690728187942,1013.83325
1690728187965,1013.82104
1690728188000,1013.8198
1690728188044,1013.8374
1690728188065,1013.8624
1690728188100,1013.88367
1690728188142,1013.9
1690728188164,1013.92224
1690728188202,1013.93646
1690728188241,1013.947
1690728188263,1013.9549
1690728188302,1013.9381
1690728188343,1013.92395
1690728188362,1013.90704
1690728188401,1013.9054
1690728188443,1013.92206
1690728188462,1013.93713
1690728188500,1013.94714
1690728188541,1013.9515
1690728188561,1013.9567
1690728188604,1013.95026
1690728188642,1013.9109
1690728188660,1013.85333
1690728188701,1013.821
1690728188742,1013.78436
1690728188762,1013.76074
1690728188801,1013.7301
1690728188840,1013.7241
1690728188862,1013.7195
1690728188903,1013.7001
1690728188944,1013.68024
1690728188974,1013.67065
1690728188999,1013.68286
1690728189040,1013.70544
1690728189065,1013.7447
1690728189103,1013.7871
1690728189141,1013.81055
1690728189161,1013.81354
1690728189200,1013.7977
1690728189242,1013.78625
1690728189261,1013.78894
1690728189301,1013.78015
1690728189341,1013.77246
1690728189362,1013.761
1690728189400,1013.7718
1690728189443,1013.77686
1690728189465,1013.7745
1690728189500,1013.7718
1690728189540,1013.7694
1690728189562,1013.7799
1690728189602,1013.7826
1690728189640,1013.77966
1690728189662,1013.781
1690728189702,1013.7895
1690728189745,1013.7947
1690728189761,1013.79486
1690728189801,1013.7951
1690728189841,1013.7996
1690728189862,1013.78577
1690728189900,1013.7617
1690728189942,1013.7427
1690728189962,1013.739
1690728189999,1013.7285
1690728190042,1013.7119
1690728190060,1013.7019
1690728190100,1013.7057
1690728190140,1013.7075
1690728190160,1013.697
1690728190203,1013.68665
1690728190242,1013.68616
1690728190261,1013.69244
1690728190300,1013.68585
1690728190342,1013.6813
1690728190362,1013.6887
1690728190399,1013.6917
1690728190444,1013.6813
1690728190460,1013.6809
1690728190499,1013.6868
1690728190540,1013.68756
1690728190559,1013.67676
1690728190602,1013.64954
1690728190640,1013.63074
1690728190661,1013.63104
1690728190703,1013.62805
1690728190739,1013.62476
1690728190782,1013.62573
1690728190803,1013.6342
1690728190842,1013.65326
1690728190860,1013.65845
1690728190901,1013.652
1690728190940,1013.64777
1690728190978,1013.64404
1690728191000,1013.63464
1690728191039,1013.63934
1690728191080,1013.6729
1690728191100,1013.70264
1690728191140,1013.73047
1690728191180,1013.7628
1690728191200,1013.78314
1690728191241,1013.7792
1690728191279,1013.77405
1690728191300,1013.78516
1690728191342,1013.7948
1690728191385,1013.8157
1690728191400,1013.8161
1690728191442,1013.81396
1690728191480,1013.8129
1690728191498,1013.8071
1690728191539,1013.79175
1690728191579,1013.8008
1690728191599,1013.78815
1690728191640,1013.73535
1690728191680,1013.7201
1690728191699,1013.71387
1690728191740,1013.7127
1690728191781,1013.7255
1690728191799,1013.74133
1690728191840,1013.7649
1690728191880,1013.7986
1690728191899,1013.8196
1690728191941,1013.83234
1690728191982,1013.84985
1690728192001,1013.8542
1690728192038,1013.8465
1690728192080,1013.83936
1690728192102,1013.79877
1690728192141,1013.754
1690728192180,1013.7254
1690728192201,1013.7297
1690728192241,1013.7346
1690728192280,1013.7091
1690728192301,1013.69824
1690728192340,1013.6908
1690728192382,1013.70087
1690728192401,1013.7222
1690728192441,1013.7553
1690728192477,1013.7694
1690728192497,1013.7657
1690728192538,1013.7549
1690728192582,1013.7501
1690728192600,1013.74744
1690728192639,1013.74036
1690728192679,1013.72217
1690728192698,1013.6969
1690728192741,1013.7119
1690728192782,1013.7145
1690728192800,1013.70233
1690728192840,1013.67114
1690728192882,1013.6319
1690728192898,1013.65436
1690728192940,1013.68933
1690728192979,1013.71423
1690728192998,1013.7322
1690728193038,1013.7393
1690728193077,1013.7434
1690728193098,1013.7433
1690728193140,1013.7374
1690728193179,1013.735
1690728193199,1013.7223
1690728193246,1013.68384
1690728193278,1013.63403
1690728193298,1013.61847
1690728193341,1013.6132
1690728193380,1013.6199
1690728193398,1013.6357
1690728193441,1013.6457
1690728193479,1013.65216
1690728193499,1013.66064
1690728193537,1013.6695
1690728193579,1013.67786
1690728193598,1013.6663
1690728193639,1013.64966
1690728193680,1013.6093
1690728193702,1013.56714
1690728193738,1013.54315
1690728193781,1013.55133
1690728193798,1013.54736
1690728193839,1013.54724
1690728193880,1013.5948
1690728193902,1013.6469
1690728193939,1013.6774
1690728193979,1013.6948
1690728193998,1013.7056
1690728194038,1013.71643
1690728194080,1013.72406
1690728194097,1013.7075
1690728194139,1013.6818
1690728194182,1013.6565
1690728194197,1013.5981
1690728194238,1013.5536
1690728194280,1013.5474
1690728194299,1013.57336
1690728194340,1013.6142
1690728194387,1013.66376
1690728194398,1013.70734
1690728194441,1013.74927
1690728194485,1013.7693
1690728194496,1013.7601
1690728194537,1013.7478
1690728194578,1013.76263
1690728194597,1013.7723
1690728194640,1013.76575
1690728194679,1013.7517
1690728194703,1013.75745
1690728194740,1013.7711
1690728194778,1013.78577
1690728194797,1013.7598
1690728194838,1013.7496
1690728194882,1013.77234
1690728194900,1013.78424
1690728194939,1013.77856
1690728194979,1013.7545
1690728194996,1013.75977
1690728195037,1013.78345
1690728195080,1013.80566
1690728195098,1013.823
1690728195138,1013.85144
1690728195179,1013.8669
1690728195197,1013.87146
1690728195237,1013.8673
1690728195278,1013.8708
1690728195298,1013.87036
1690728195340,1013.87415
1690728195377,1013.88086
1690728195399,1013.88904
1690728195437,1013.8961
1690728195487,1013.8851
1690728195499,1013.88617
1690728195537,1013.8803
1690728195577,1013.87115
1690728195598,1013.89417
1690728195639,1013.9179
1690728195681,1013.92065
1690728195697,1013.9201
1690728195738,1013.9216
1690728195779,1013.9261
1690728195796,1013.916
1690728195839,1013.8965
1690728195877,1013.87286
1690728195898,1013.8461
1690728195940,1013.82367
1690728195984,1013.7982
1690728195997,1013.77924
1690728196037,1013.7517
1690728196078,1013.72614
1690728196099,1013.70966
1690728196139,1013.6844
1690728196179,1013.66864
1690728196200,1013.7021
1690728196238,1013.7188
1690728196279,1013.7206
1690728196298,1013.7383
1690728196338,1013.7507
1690728196376,1013.7576
1690728196399,1013.76514
1690728196438,1013.7749
1690728196482,1013.77496
1690728196496,1013.7684
1690728196536,1013.7696
1690728196590,1013.774
1690728196599,1013.7663
1690728196636,1013.7538
1690728196678,1013.7534
1690728196697,1013.74976
1690728196737,1013.7244
1690728196780,1013.72327
1690728196796,1013.7207
1690728196836,1013.71106
1690728196878,1013.69995
1690728196896,1013.6985
1690728196936,1013.68115
1690728196977,1013.664
1690728196997,1013.65344
1690728197035,1013.6524
1690728197077,1013.64343
1690728197100,1013.636
1690728197136,1013.6128
1690728197176,1013.5946
1690728197198,1013.58484
1690728197238,1013.5578
1690728197278,1013.5315
1690728197297,1013.535
1690728197338,1013.5465
1690728197377,1013.56335
1690728197398,1013.5758
1690728197437,1013.57635
1690728197480,1013.58594
1690728197497,1013.59454
1690728197536,1013.6264
1690728197579,1013.6378
1690728197598,1013.63336
1690728197637,1013.627
1690728197678,1013.6048
1690728197696,1013.5459
1690728197735,1013.5223
1690728197776,1013.5035
1690728197796,1013.51355
1690728197837,1013.51624
1690728197876,1013.52704
1690728197896,1013.555
1690728197935,1013.57404
1690728197976,1013.5812
1690728197995,1013.55725
1690728198036,1013.55756
1690728198082,1013.57495
1690728198095,1013.57477
1690728198135,1013.5771
1690728198179,1013.5833
1690728198196,1013.5942
1690728198237,1013.59906
1690728198277,1013.61633
1690728198296,1013.61584
1690728198336,1013.5978
1690728198377,1013.57983
1690728198395,1013.5593
1690728198438,1013.5194
1690728198476,1013.51166
1690728198494,1013.52985
1690728198535,1013.5204
1690728198579,1013.5073
1690728198595,1013.4934
1690728198638,1013.50323
1690728198676,1013.5357
1690728198698,1013.5857
1690728198736,1013.60925
1690728198775,1013.6301
1690728198796,1013.6378
1690728198836,1013.6374
1690728198877,1013.64215
1690728198895,1013.6536
1690728198936,1013.6631
1690728198978,1013.67096
1690728198994,1013.65173
1690728199035,1013.6288
1690728199076,1013.62415
1690728199096,1013.63025
1690728199137,1013.62585
1690728199175,1013.6247
1690728199195,1013.6233
1690728199237,1013.61743
1690728199275,1013.6201
1690728199295,1013.6166
1690728199337,1013.6103
1690728199377,1013.61694
1690728199398,1013.62646
1690728199437,1013.6161
1690728199475,1013.6045
1690728199494,1013.60706
1690728199535,1013.60205
1690728199577,1013.58826
1690728199599,1013.5647
1690728199635,1013.562
1690728199678,1013.5602
1690728199695,1013.54846
1690728199737,1013.5334
1690728199777,1013.5321
1690728199797,1013.5477
1690728199835,1013.57275
1690728199875,1013.59607
1690728199895,1013.63934
1690728199937,1013.6655
1690728199976,1013.6836
1690728199996,1013.698
1690728200034,1013.6935
1690728200084,1013.71423
1690728200096,1013.72345
1690728200136,1013.7225
1690728200176,1013.7154
1690728200195,1013.69415
1690728200235,1013.69415
1690728200274,1013.69403
1690728200294,1013.69336
1690728200337,1013.6999
1690728200378,1013.69904
1690728200394,1013.7009
1690728200444,1013.70514
1690728200474,1013.7066
1690728200494,1013.7093
1690728200533,1013.69763
1690728200576,1013.70013
1690728200595,1013.6909
1690728200639,1013.6767
1690728200674,1013.6588
1690728200695,1013.63196
1690728200736,1013.5822
1690728200776,1013.5255
1690728200795,1013.4925
1690728200835,1013.5136
1690728200874,1013.5563
1690728200896,1013.57904
1690728200936,1013.58417
1690728200975,1013.6022
1690728200995,1013.628
1690728201036,1013.6499
1690728201076,1013.6527
1690728201096,1013.66187
1690728201135,1013.6556
1690728201178,1013.6486
1690728201196,1013.64655
1690728201234,1013.6415
1690728201275,1013.64514
1690728201295,1013.6511
1690728201335,1013.6388
1690728201376,1013.63446
1690728201398,1013.63306
1690728201434,1013.62305
1690728201480,1013.6111
1690728201494,1013.607
1690728201535,1013.6085
1690728201576,1013.60443
1690728201594,1013.6081
1690728201636,1013.6089
1690728201676,1013.6092
1690728201693,1013.59924
1690728201737,1013.5872
1690728201777,1013.55334
1690728201794,1013.53
1690728201834,1013.5331
1690728201876,1013.5308
1690728201896,1013.48596
1690728201935,1013.45776
1690728201975,1013.4588
1690728201994,1013.4818
1690728202033,1013.49304
1690728202074,1013.5088
1690728202094,1013.51697
1690728202134,1013.52893
1690728202175,1013.53345
1690728202195,1013.5506
1690728202236,1013.5733
1690728202275,1013.59283
1690728202294,1013.6181
1690728202336,1013.6321
1690728202378,1013.6337
1690728202397,1013.6288
1690728202440,1013.6396
1690728202474,1013.6365
1690728202495,1013.6292
1690728202533,1013.62683
1690728202573,1013.6168
1690728202593,1013.59406
1690728202636,1013.58307
1690728202674,1013.5915
1690728202693,1013.60596
1690728202735,1013.60406
1690728202774,1013.5989
1690728202795,1013.59393
1690728202834,1013.58954
1690728202875,1013.5846
1690728202894,1013.57404
1690728202935,1013.565
1690728202973,1013.5583
1690728203002,1013.5525
1690728203033,1013.5305
1690728203072,1013.5082
1690728203095,1013.4924
1690728203139,1013.4834
1690728203175,1013.48706
1690728203194,1013.4847
1690728203236,1013.47925
1690728203274,1013.48157
1690728203296,1013.48083
1690728203335,1013.4606
1690728203372,1013.4572
1690728203395,1013.4666
1690728203433,1013.4724
1690728203475,1013.49396
1690728203495,1013.5088
1690728203532,1013.5292
1690728203573,1013.54047
1690728203594,1013.5436
1690728203634,1013.54956
1690728203675,1013.5654
1690728203696,1013.5635
1690728203737,1013.5535
1690728203773,1013.5413
1690728203793,1013.534
1690728203835,1013.5249
1690728203874,1013.52905
1690728203893,1013.5226
1690728203934,1013.5272
1690728203974,1013.53613
1690728203995,1013.5458
1690728204031,1013.55023
1690728204074,1013.54565
1690728204099,1013.5286
1690728204137,1013.52277
1690728204172,1013.51587
1690728204192,1013.52185
1690728204232,1013.5167
1690728204274,1013.5067
1690728204293,1013.50104
1690728204336,1013.4911
1690728204373,1013.5092
1690728204394,1013.51917
1690728204434,1013.53125
1690728204475,1013.5375
1690728204498,1013.5472
1690728204531,1013.57153
1690728204571,1013.5788
1690728204595,1013.59076
1690728204634,1013.59454
1690728204673,1013.5914
1690728204692,1013.59045
1690728204733,1013.5924
1690728204772,1013.59094
1690728204794,1013.5776
1690728204834,1013.5416
1690728204876,1013.5176
1690728204894,1013.50195
1690728204932,1013.48444
1690728204972,1013.4697
1690728204993,1013.43494
1690728205032,1013.4103
1690728205072,1013.4102
1690728205098,1013.4254
1690728205131,1013.43225
1690728205175,1013.4292
1690728205195,1013.44934
1690728205233,1013.468
1690728205273,1013.47577
1690728205294,1013.4769
1690728205332,1013.4956
1690728205374,1013.51685
1690728205394,1013.52637
1690728205434,1013.5248
1690728205472,1013.55853
1690728205499,1013.5875
1690728205530,1013.62695
1690728205572,1013.63806
1690728205604,1013.62103
1690728205631,1013.6031
1690728205672,1013.6045
1690728205691,1013.61774
1690728205732,1013.62164
1690728205771,1013.61536
1690728205791,1013.6251
1690728205834,1013.61804
1690728205872,1013.6052
1690728205892,1013.6216
1690728205931,1013.6512
1690728205976,1013.6808
1690728205995,1013.7047
1690728206030,1013.70935
1690728206072,1013.7191
1690728206096,1013.73926
1690728206130,1013.7445
1690728206174,1013.754
1690728206193,1013.7519
1690728206232,1013.75073
1690728206273,1013.754
1690728206292,1013.75073
1690728206331,1013.7467
1690728206375,1013.7393
1690728206394,1013.7121
1690728206434,1013.6946
1690728206472,1013.683
1690728206492,1013.68945
1690728206530,1013.6855
1690728206570,1013.6873
1690728206593,1013.6875
1690728206632,1013.68054
1690728206671,1013.67126
1690728206690,1013.659
1690728206734,1013.66296
1690728206771,1013.6671
1690728206791,1013.67395
1690728206830,1013.67224
1690728206870,1013.67755
1690728206891,1013.66724
1690728206930,1013.673
1690728206970,1013.6878
1690728206992,1013.68774
1690728207030,1013.6844
1690728207072,1013.6912
1690728207092,1013.6895
1690728207130,1013.6839
1690728207171,1013.68713
1690728207191,1013.6834
1690728207230,1013.68005
1690728207270,1013.67694
1690728207290,1013.6802
1690728207330,1013.6796
1690728207370,1013.698
1690728207391,1013.73267
1690728207432,1013.751
1690728207473,1013.762
1690728207490,1013.76825
1690728207529,1013.7651
1690728207570,1013.76776
1690728207590,1013.7855
1690728207634,1013.78577
1690728207672,1013.7826
1690728207690,1013.7764
1690728207732,1013.7628
1690728207772,1013.7564
1690728207791,1013.75354
1690728207833,1013.74554
1690728207872,1013.73645
1690728207890,1013.7395
1690728207930,1013.73865
1690728207971,1013.7193
1690728207992,1013.7174
1690728208030,1013.70416
1690728208069,1013.699
1690728208090,1013.6894
1690728208130,1013.681
1690728208172,1013.6733
1690728208192,1013.6808
1690728208229,1013.69434
1690728208269,1013.7087
1690728208292,1013.7215
1690728208330,1013.75336
1690728208378,1013.7759
1690728208392,1013.80005
1690728208431,1013.823
1690728208475,1013.8434
1690728208492,1013.8683
1690728208532,1013.8811
1690728208570,1013.87506
1690728208589,1013.86694
1690728208629,1013.8596
1690728208673,1013.8544
1690728208692,1013.85693
1690728208730,1013.871
1690728208770,1013.8736
1690728208790,1013.8718
1690728208829,1013.87585
1690728208872,1013.8758
1690728208890,1013.8703
1690728208931,1013.8534
1690728208971,1013.8401
1690728208990,1013.8338
1690728209033,1013.82355
1690728209069,1013.8266
1690728209089,1013.8236
1690728209131,1013.8277
1690728209170,1013.82837
1690728209191,1013.81683
1690728209231,1013.819
1690728209274,1013.8073
1690728209289,1013.7865
1690728209336,1013.77405
1690728209371,1013.77277
1690728209388,1013.7725
1690728209434,1013.7522
1690728209469,1013.74207
1690728209492,1013.73016
1690728209529,1013.71497
1690728209568,1013.70404
1690728209588,1013.69977
1690728209631,1013.70276
1690728209670,1013.71643
1690728209690,1013.7175
1690728209730,1013.728
1690728209770,1013.73987
1690728209791,1013.74445
1690728209830,1013.741
1690728209869,1013.744
1690728209889,1013.75397
1690728209930,1013.7592
1690728209969,1013.7606
1690728209992,1013.76514
1690728210028,1013.7717
1690728210069,1013.7587
1690728210090,1013.7472
1690728210128,1013.7494
1690728210169,1013.75
1690728210193,1013.7575
1690728210232,1013.75757
1690728210270,1013.7599
1690728210290,1013.7636
1690728210332,1013.7569
1690728210368,1013.7555
1690728210393,1013.753
1690728210430,1013.75385
1690728210472,1013.7528
1690728210489,1013.7444
1690728210529,1013.73486
1690728210568,1013.7251
1690728210589,1013.7156
1690728210629,1013.70544
1690728210672,1013.69574
1690728210692,1013.68866
1690728210734,1013.7014
1690728210769,1013.7012
1690728210790,1013.7097
1690728210833,1013.7086
1690728210869,1013.7112
1690728210889,1013.7111
1690728210929,1013.71387
1690728210967,1013.72156
1690728210988,1013.73175
1690728211031,1013.7236
1690728211068,1013.7236
1690728211088,1013.7369
1690728211128,1013.73596
1690728211171,1013.7246
1690728211195,1013.71716
1690728211229,1013.7094
1690728211272,1013.70746
1690728211288,1013.7098
1690728211329,1013.71545
1690728211368,1013.7219
1690728211393,1013.74524
1690728211428,1013.75476
1690728211469,1013.7575
1690728211489,1013.76025
1690728211527,1013.7666
1690728211567,1013.7712
1690728211588,1013.76636
1690728211628,1013.76245
1690728211668,1013.77795
1690728211688,1013.7895
1690728211731,1013.785
1690728211768,1013.7808
1690728211790,1013.7759
1690728211830,1013.78156
1690728211870,1013.775
1690728211887,1013.7756
1690728211928,1013.7735
1690728211969,1013.75977
1690728211987,1013.7556
1690728212029,1013.76575
1690728212067,1013.76324
1690728212088,1013.7692
1690728212127,1013.7549
1690728212168,1013.7534
1690728212188,1013.76685
1690728212228,1013.77295
1690728212267,1013.77124
1690728212288,1013.7717
1690728212331,1013.76294
1690728212370,1013.75366
1690728212391,1013.74536
1690728212428,1013.75256
1690728212468,1013.7547
1690728212508,1013.7539
1690728212528,1013.7508
1690728212567,1013.7479
1690728212616,1013.7522
1690728212629,1013.7521
1690728212668,1013.74304
1690728212707,1013.7483
1690728212730,1013.73486
1690728212768,1013.7102
1690728212809,1013.71313
1690728212830,1013.7137
1690728212869,1013.71277
1690728212906,1013.72314
1690728212928,1013.72766
1690728212969,1013.7457
1690728213017,1013.76154
1690728213026,1013.7744
1690728213067,1013.78864
1690728213110,1013.79865
1690728213128,1013.8011
1690728213170,1013.8001
1690728213189,1013.784
1690728213228,1013.7866
1690728213268,1013.77356
1690728213307,1013.75366
1690728213328,1013.7506
1690728213368,1013.76556
1690728213389,1013.76733
1690728213428,1013.7693
1690728213466,1013.7709
1690728213507,1013.77094
1690728213527,1013.76843
1690728213566,1013.76965
1690728213609,1013.7822
1690728213632,1013.7931
1690728213670,1013.8037
1690728213706,1013.81274
1690728213728,1013.81604
1690728213768,1013.81665
1690728213808,1013.82416
1690728213829,1013.81274
1690728213871,1013.7929
1690728213891,1013.7734
1690728213929,1013.7666
1690728213969,1013.7635
1690728214008,1013.755
1690728214026,1013.74677
1690728214066,1013.7379
1690728214107,1013.72974
1690728214134,1013.72565
1690728214167,1013.7397
1690728214210,1013.7389
1690728214232,1013.7368
1690728214267,1013.7412
1690728214309,1013.7401
1690728214328,1013.7445
1690728214368,1013.7461
1690728214407,1013.7536
1690728214426,1013.75073
1690728214468,1013.7459
1690728214509,1013.75446
1690728214525,1013.7697
1690728214566,1013.7775
1690728214607,1013.7706
1690728214625,1013.76605
1690728214667,1013.76355
1690728214708,1013.76184
1690728214730,1013.75977
1690728214766,1013.75336
1690728214807,1013.7569
1690728214827,1013.7429
1690728214868,1013.7424
1690728214908,1013.74585
1690728214928,1013.7394
1690728214971,1013.74396
1690728215010,1013.74194
1690728215035,1013.72864
1690728215066,1013.7235
1690728215108,1013.7218
1690728215127,1013.7176
1690728215166,1013.7175
1690728215209,1013.7182
1690728215226,1013.72644
1690728215269,1013.7304
1690728215306,1013.728
1690728215327,1013.7275
1690728215368,1013.7268
1690728215407,1013.73804
1690728215426,1013.7377
1690728215466,1013.74036
1690728215508,1013.75006
1690728215532,1013.7456
1690728215565,1013.72723
1690728215606,1013.71136
1690728215627,1013.7019
1690728215667,1013.6981
1690728215708,1013.7002
1690728215726,1013.6859
1690728215765,1013.683
1690728215806,1013.6748
1690728215828,1013.6693
1690728215868,1013.6861
1690728215907,1013.69403
1690728215926,1013.7019
1690728215967,1013.6971
1690728216006,1013.70374
1690728216025,1013.7024
1690728216065,1013.695
1690728216109,1013.6947
1690728216127,1013.6902
1690728216166,1013.66486
1690728216206,1013.65814
1690728216228,1013.6665
1690728216268,1013.6671
1690728216306,1013.6599
1690728216326,1013.65857
1690728216368,1013.659
1690728216409,1013.66455
1690728216426,1013.66705
1690728216467,1013.664
1690728216508,1013.6621
1690728216534,1013.6597
1690728216565,1013.66235
1690728216609,1013.65857
1690728216629,1013.65576
1690728216666,1013.65466
1690728216706,1013.64557
1690728216728,1013.6362
1690728216766,1013.6308
1690728216805,1013.6279
1690728216825,1013.63556
1690728216865,1013.64
1690728216906,1013.638
1690728216927,1013.64575
1690728216967,1013.6455
1690728217005,1013.6412
1690728217027,1013.6399
1690728217065,1013.6519
1690728217106,1013.6577
1690728217124,1013.6504
1690728217165,1013.65497
1690728217209,1013.65125
1690728217227,1013.6422
1690728217266,1013.63727
1690728217306,1013.64246
1690728217326,1013.6436
1690728217365,1013.6389
1690728217407,1013.6339
1690728217425,1013.6381
1690728217466,1013.632
1690728217511,1013.63635
1690728217527,1013.6384
1690728217564,1013.6416
1690728217610,1013.6414
1690728217625,1013.6361
1690728217665,1013.6349
1690728217706,1013.6461
1690728217727,1013.6514
1690728217764,1013.64526
1690728217805,1013.6424
1690728217829,1013.6392
1690728217865,1013.643
1690728217905,1013.63
1690728217926,1013.625
1690728217965,1013.63074
1690728218006,1013.6401
1690728218036,1013.6544
1690728218065,1013.6686
1690728218105,1013.67554
1690728218126,1013.6788
1690728218165,1013.6786
1690728218204,1013.68506
1690728218225,1013.6813
1690728218272,1013.6754
1690728218306,1013.6716
1690728218328,1013.67236
1690728218367,1013.6809
1690728218403,1013.6721
1690728218425,1013.66345
1690728218464,1013.664
1690728218506,1013.6568
1690728218526,1013.66254
1690728218564,1013.6723
1690728218604,1013.6714
1690728218625,1013.6727
1690728218664,1013.67566
1690728218707,1013.6699
1690728218726,1013.6715
1690728218766,1013.6828
1690728218806,1013.69495
1690728218826,1013.68475
1690728218868,1013.6934
1690728218905,1013.69434
1690728218924,1013.67883
1690728218965,1013.66785
1690728219006,1013.6718
1690728219028,1013.67914
1690728219064,1013.6787
1690728219106,1013.6862
1690728219132,1013.68665
1690728219168,1013.6835
1690728219206,1013.6787
1690728219226,1013.683
1690728219264,1013.6773
1690728219305,1013.67676
1690728219328,1013.66266
1690728219366,1013.65656
1690728219407,1013.6654
1690728219433,1013.65894
1690728219464,1013.65283
1690728219507,1013.64606
1690728219534,1013.6384
1690728219562,1013.6439
1690728219604,1013.6422
1690728219635,1013.6546
1690728219666,1013.6643
1690728219704,1013.67206
1690728219723,1013.6693
1690728219764,1013.6616
1690728219804,1013.66046
1690728219825,1013.668
1690728219864,1013.6703
1690728219908,1013.66925
1690728219928,1013.659
1690728219965,1013.6467
1690728220004,1013.6432
1690728220025,1013.645
1690728220065,1013.6457
1690728220105,1013.65295
1690728220129,1013.64935
1690728220164,1013.65125
1690728220206,1013.6583
1690728220227,1013.6643
1690728220264,1013.6754
1690728220303,1013.6766
1690728220325,1013.66736
1690728220365,1013.6648
1690728220406,1013.66547
1690728220425,1013.66565
1690728220464,1013.66113
1690728220504,1013.6574
1690728220526,1013.64856
1690728220562,1013.6549
1690728220604,1013.65393
1690728220633,1013.6561
1690728220665,1013.65594
1690728220707,1013.6582
1690728220724,1013.6748
1690728220766,1013.6875
1690728220805,1013.69006
1690728220823,1013.6886
1690728220866,1013.6856
1690728220903,1013.68463
1690728220926,1013.69727
1690728220964,1013.6908
1690728221006,1013.68774
1690728221026,1013.67804
1690728221062,1013.67035
1690728221102,1013.6643
1690728221122,1013.65857
1690728221165,1013.66016
1690728221205,1013.6615
1690728221224,1013.67065
1690728221263,1013.6826
1690728221307,1013.6919
1690728221322,1013.69635
1690728221365,1013.69855
1690728221402,1013.6993
1690728221423,1013.68933
1690728221466,1013.66187
1690728221505,1013.65283
1690728221525,1013.665
1690728221563,1013.665
1690728221603,1013.6643
1690728221633,1013.67004
1690728221662,1013.6631
1690728221703,1013.6658
1690728221724,1013.67773
1690728221768,1013.68036
1690728221803,1013.68066
1690728221824,1013.68445
1690728221866,1013.6919
1690728221904,1013.6903
1690728221925,1013.6831
1690728221963,1013.68
1690728222006,1013.6847
1690728222022,1013.672
1690728222061,1013.6678
1690728222102,1013.668
1690728222135,1013.66797
1690728222163,1013.66547
1690728222205,1013.6635
1690728222222,1013.661
1690728222262,1013.6647
1690728222303,1013.67487
1690728222324,1013.68665
1690728222366,1013.68787
1690728222403,1013.69507
1690728222425,1013.70966
1690728222464,1013.7185
1690728222503,1013.7262
1690728222523,1013.7116
1690728222562,1013.7146
1690728222602,1013.71326
1690728222628,1013.7156
1690728222662,1013.7152
1690728222706,1013.722
1690728222726,1013.7224
1690728222764,1013.73206
1690728222811,1013.7374
1690728222824,1013.7342
1690728222863,1013.73737
1690728222904,1013.7335
1690728222925,1013.7379
1690728222966,1013.7396
1690728223002,1013.73926
1690728223026,1013.74005
1690728223061,1013.7317
1690728223102,1013.72546
1690728223135,1013.72437
1690728223162,1013.7372
1690728223201,1013.736
1690728223226,1013.72687
1690728223264,1013.72
1690728223302,1013.719
1690728223322,1013.7229
1690728223363,1013.73315
1690728223403,1013.74164
1690728223423,1013.7479
1690728223462,1013.7433
1690728223503,1013.742
1690728223524,1013.7459
1690728223560,1013.74884
1690728223601,1013.75244
1690728223621,1013.7454
1690728223662,1013.7373
1690728223703,1013.74664
1690728223723,1013.7483
1690728223762,1013.7517
1690728223800,1013.7562
1690728223821,1013.7599
1690728223862,1013.763
1690728223904,1013.7608
1690728223924,1013.75116
1690728223962,1013.75903
1690728224003,1013.7635
1690728224024,1013.77734
1690728224061,1013.7882
1690728224102,1013.79706
1690728224129,1013.8015
1690728224161,1013.79785
1690728224205,1013.7881
1690728224223,1013.7792
1690728224263,1013.77203
1690728224306,1013.7607
1690728224322,1013.77124
1690728224363,1013.7691
1690728224404,1013.7643
1690728224423,1013.76807
1690728224463,1013.77594
1690728224503,1013.78186
1690728224524,1013.7885
1690728224560,1013.7852
1690728224601,1013.7806
1690728224621,1013.77576
1690728224661,1013.76
1690728224701,1013.7556
1690728224721,1013.7533
1690728224762,1013.7258
1690728224803,1013.7165
1690728224823,1013.7249
1690728224862,1013.7216
1690728224900,1013.71326
1690728224920,1013.7069
1690728224961,1013.7077
1690728225003,1013.7088
1690728225024,1013.7154
1690728225061,1013.7108
1690728225101,1013.7235
1690728225122,1013.7319
1690728225160,1013.7306
1690728225202,1013.7332
1690728225222,1013.7258
1690728225261,1013.7241
1690728225302,1013.7171
1690728225323,1013.71436
1690728225362,1013.71216
1690728225403,1013.7169
1690728225422,1013.71173
1690728225461,1013.70557
1690728225501,1013.702
1690728225521,1013.7116
1690728225562,1013.7141
1690728225600,1013.72076
1690728225622,1013.7206
1690728225663,1013.7151
1690728225701,1013.7065
1690728225720,1013.711
1690728225760,1013.7072
1690728225802,1013.6975
1690728225825,1013.688
1690728225859,1013.68304
1690728225903,1013.69
1690728225920,1013.6904
1690728225961,1013.678
1690728226001,1013.6777
1690728226023,1013.68036
1690728226060,1013.6753
1690728226100,1013.6762
1690728226123,1013.6902
1690728226160,1013.6942
1690728226200,1013.6924
1690728226223,1013.6898
1690728226260,1013.69275
1690728226301,1013.6941
1690728226324,1013.70074
1690728226361,1013.7032
1690728226402,1013.68896
1690728226422,1013.67804
1690728226461,1013.6806
1690728226500,1013.68036
1690728226526,1013.6751
1690728226559,1013.675
1690728226600,1013.6714
1690728226621,1013.67554
1690728226661,1013.6804
1690728226700,1013.6946
1690728226722,1013.7029
1690728226761,1013.70544
1690728226806,1013.7123
1690728226822,1013.71783
1690728226861,1013.711
1690728226900,1013.70667
1690728226919,1013.7125
1690728226962,1013.7009
1690728227002,1013.7013
1690728227020,1013.7085
1690728227063,1013.7136
1690728227099,1013.7019
1690728227119,1013.68634
1690728227159,1013.6802
1690728227202,1013.69
1690728227223,1013.68506
1690728227258,1013.6975
1690728227300,1013.7025
1690728227320,1013.7044
1690728227362,1013.70776
1690728227400,1013.71423
1690728227422,1013.72015
1690728227460,1013.70337
1690728227501,1013.68713
1690728227521,1013.6789
1690728227562,1013.6881
1690728227599,1013.69543
1690728227618,1013.6835
1690728227660,1013.6858
1690728227700,1013.68964
1690728227722,1013.6846
1690728227763,1013.68066
1690728227800,1013.6847
1690728227821,1013.68805
1690728227859,1013.6947
1690728227899,1013.6907
1690728227918,1013.70435
1690728227961,1013.70996
1690728227999,1013.70886
1690728228020,1013.70667
1690728228060,1013.7015
1690728228099,1013.70166
1690728228119,1013.70953
1690728228161,1013.7081
1690728228200,1013.69574
1690728228219,1013.6885
1690728228261,1013.6868
1690728228299,1013.67554
1690728228320,1013.686
1690728228360,1013.6932
1690728228400,1013.7029
1690728228419,1013.7133
1690728228460,1013.7089
1690728228502,1013.71014
1690728228519,1013.7239
1690728228560,1013.72766
1690728228598,1013.7145
1690728228618,1013.70825
1690728228658,1013.7251
1690728228701,1013.7335
1690728228723,1013.72186
1690728228762,1013.7143
1690728228798,1013.7173
1690728228819,1013.7021
1690728228860,1013.70306
1690728228901,1013.7084
1690728228921,1013.7112
1690728228960,1013.7197
1690728228999,1013.72943
1690728229019,1013.72504
1690728229059,1013.73004
1690728229098,1013.7258
1690728229119,1013.72015
1690728229158,1013.7152
1690728229198,1013.7107
1690728229218,1013.7174
1690728229259,1013.71204
1690728229303,1013.6935
1690728229319,1013.69653
1690728229362,1013.6884
1690728229399,1013.6913
1690728229418,1013.6999
1690728229460,1013.69366
1690728229499,1013.699
1690728229519,1013.7057
1690728229558,1013.7154
1690728229598,1013.7096
1690728229617,1013.7278
1690728229660,1013.72406
1690728229699,1013.70496
1690728229718,1013.6941
1690728229760,1013.6968
1690728229798,1013.6842
1690728229818,1013.67633
1690728229858,1013.6703
1690728229901,1013.6688
1690728229920,1013.6697
1690728229959,1013.6691
1690728230000,1013.677
1690728230018,1013.677
1690728230058,1013.67206
1690728230098,1013.67065
1690728230118,1013.67346
1690728230160,1013.6648
1690728230198,1013.6837
1690728230220,1013.6869
1690728230259,1013.68274
1690728230298,1013.67865
1690728230319,1013.679
1690728230358,1013.68835
1690728230398,1013.6787
1690728230419,1013.66547
1690728230459,1013.66797
1690728230501,1013.6672
1690728230521,1013.66516
1690728230556,1013.6665
1690728230596,1013.6673
1690728230617,1013.67004
1690728230660,1013.6702
1690728230697,1013.666
1690728230719,1013.66455
1690728230758,1013.6709
1690728230799,1013.66077
1690728230819,1013.63916
1690728230861,1013.6288
1690728230899,1013.64
1690728230918,1013.6505
1690728230958,1013.64465
1690728230997,1013.6399
1690728231019,1013.6344
1690728231058,1013.6378
1690728231097,1013.6415
1690728231117,1013.6351
1690728231157,1013.63916
1690728231199,1013.64105
1690728231219,1013.64484
1690728231261,1013.65137
1690728231302,1013.6562
1690728231318,1013.65906
1690728231357,1013.6671
1690728231398,1013.66284
1690728231418,1013.6583
1690728231459,1013.66345
1690728231499,1013.6666
1690728231519,1013.6659
1690728231556,1013.66003
1690728231596,1013.65265
1690728231617,1013.65265
1690728231659,1013.6554
1690728231697,1013.658
1690728231720,1013.6692
1690728231756,1013.67395
1690728231799,1013.67126
1690728231819,1013.67114
1690728231861,1013.6737
1690728231897,1013.66785
1690728231917,1013.66016
1690728231956,1013.66223
1690728232000,1013.66943
1690728232018,1013.66974
1690728232056,1013.673
1690728232097,1013.6791
1690728232117,1013.68805
1690728232156,1013.67676
1690728232198,1013.6769
1690728232217,1013.6865
1690728232258,1013.6818
1690728232297,1013.672
1690728232319,1013.6682
1690728232356,1013.6682
1690728232399,1013.6779
1690728232418,1013.6627
1690728232458,1013.6633
1690728232497,1013.6559
1690728232520,1013.6477
1690728232558,1013.65796
1690728232596,1013.65796
1690728232617,1013.658
1690728232659,1013.65204
1690728232697,1013.6453
1690728232718,1013.6455
1690728232758,1013.6451
1690728232798,1013.65356
1690728232821,1013.6584
1690728232857,1013.6727
1690728232896,1013.6723
1690728232920,1013.65686
1690728232961,1013.6586
1690728232998,1013.66394
1690728233017,1013.6583
1690728233062,1013.6461
1690728233096,1013.6467
1690728233116,1013.6552
1690728233158,1013.6626
1690728233197,1013.6533
1690728233217,1013.6583
1690728233257,1013.6583
1690728233299,1013.6617
1690728233321,1013.6671
1690728233356,1013.6737
1690728233397,1013.67
1690728233417,1013.6743
1690728233457,1013.6758
1690728233497,1013.6846
1690728233520,1013.68774
1690728233557,1013.68634
1690728233597,1013.6903
1690728233616,1013.6803
1690728233660,1013.66785
1690728233695,1013.6754
1690728233717,1013.66846
1690728233758,1013.6547
1690728233796,1013.66956
1690728233819,1013.6721
1690728233856,1013.6962
1690728233896,1013.6972
1690728233916,1013.71136
1690728233959,1013.71466
1690728233999,1013.7163
1690728234017,1013.7178
1690728234061,1013.7181
1690728234095,1013.7201
1690728234115,1013.7134
1690728234158,1013.70557
1690728234197,1013.70166
1690728234215,1013.7134
1690728234258,1013.71387
1690728234298,1013.70703
1690728234338,1013.6968
1690728234356,1013.70166
1690728234397,1013.7057
1690728234437,1013.70654
1690728234455,1013.7079
1690728234495,1013.70636
1690728234536,1013.70654
1690728234558,1013.7114
1690728234595,1013.71405
1690728234635,1013.7268
1690728234654,1013.72614
1690728234695,1013.7246
1690728234738,1013.73096
1690728234758,1013.73083
1690728234798,1013.7352
1690728234839,1013.7456
1690728234855,1013.75
1690728234898,1013.7457
1690728234942,1013.7449
1690728234956,1013.74677
1690728234997,1013.7448
1690728235037,1013.7508
1690728235058,1013.7667
1690728235094,1013.7693
1690728235136,1013.7751
1690728235157,1013.7727
1690728235197,1013.77527
1690728235235,1013.77563
1690728235258,1013.7748
1690728235297,1013.7617
1690728235316,1013.75854
1690728235355,1013.7605
1690728235399,1013.7542
1690728235436,1013.75543
1690728235458,1013.7461
1690728235495,1013.7428
1690728235536,1013.7302
1690728235562,1013.7373
1690728235594,1013.742
1690728235634,1013.7402
1690728235657,1013.744
1690728235698,1013.7446
1690728235737,1013.7529
1690728235756,1013.74457
1690728235797,1013.7431
1690728235837,1013.7342
1690728235858,1013.7331
1690728235899,1013.7309
1690728235935,1013.72797
1690728235957,1013.7212
1690728235997,1013.71936
1690728236035,1013.7122
1690728236058,1013.71576
1690728236096,1013.71875
1690728236135,1013.72534
1690728236158,1013.7296
1690728236196,1013.7251
1690728236234,1013.739
1690728236256,1013.74243
1690728236297,1013.73883
1690728236335,1013.7273
1690728236359,1013.72705
1690728236395,1013.728
1690728236438,1013.7206
1690728236456,1013.7221
1690728236495,1013.7193
1690728236536,1013.7012
1690728236557,1013.70166
1690728236594,1013.69855
1690728236634,1013.69885
1690728236653,1013.6916
1690728236695,1013.6941
1690728236736,1013.6964
1690728236755,1013.7007
1690728236794,1013.7078
1690728236835,1013.71295
1690728236856,1013.7134
1690728236898,1013.7092
1690728236935,1013.718
1690728236955,1013.7147
1690728236997,1013.70715
1690728237036,1013.7066
1690728237057,1013.697
1690728237094,1013.6911
1690728237137,1013.689
1690728237154,1013.685
1690728237195,1013.6791
1690728237236,1013.68933
1690728237255,1013.6929
1690728237296,1013.6964
1690728237334,1013.6971
1690728237357,1013.6991
1690728237395,1013.6956
1690728237436,1013.69934
1690728237455,1013.6973
1690728237494,1013.6831
1690728237534,1013.6731
1690728237553,1013.6763
1690728237592,1013.676
1690728237633,1013.6743
1690728237655,1013.6642
1690728237694,1013.6598
1690728237735,1013.6686
1690728237754,1013.6741
1690728237793,1013.67346
1690728237835,1013.6818
1690728237856,1013.6911
1690728237894,1013.6986
1690728237936,1013.7011
1690728237954,1013.702
1690728237994,1013.7003
1690728238034,1013.69104
1690728238054,1013.6817
1690728238094,1013.66724
1690728238135,1013.6731
1690728238153,1013.67596
1690728238196,1013.6731
1690728238234,1013.6743
1690728238255,1013.669
1690728238295,1013.66956
1690728238335,1013.6786
1690728238355,1013.68195
1690728238395,1013.6816
1690728238435,1013.68335
1690728238456,1013.68445
1690728238494,1013.6895
1690728238534,1013.69226
1690728238555,1013.6923
1690728238593,1013.68884
1690728238635,1013.66693
1690728238655,1013.6676
1690728238696,1013.6673
1690728238734,1013.6624
1690728238755,1013.66113
1690728238793,1013.6559
1690728238835,1013.65784
1690728238856,1013.65405
1690728238895,1013.65717
1690728238934,1013.673
1690728238955,1013.67847
1690728238996,1013.6768
1690728239034,1013.6819
1690728239055,1013.6831
1690728239093,1013.6686
1690728239133,1013.66174
1690728239152,1013.66473
1690728239195,1013.6565
1690728239235,1013.6581
1690728239253,1013.6667
1690728239296,1013.65753
1690728239335,1013.6674
1690728239355,1013.6541
1690728239405,1013.65186
1690728239435,1013.6507
1690728239454,1013.6492
1690728239493,1013.656
1690728239534,1013.6664
1690728239555,1013.6718
1690728239597,1013.68506
1690728239634,1013.6797
1690728239653,1013.68036
1690728239693,1013.68555
1690728239737,1013.6946
1690728239754,1013.68085
1690728239795,1013.6763
1690728239836,1013.68854
1690728239853,1013.6898
1690728239895,1013.69135
1690728239934,1013.6844
1690728239956,1013.68274
1690728239994,1013.6842
1690728240034,1013.6831
1690728240054,1013.69165
1690728240091,1013.69495
1690728240131,1013.70056
1690728240154,1013.70593
1690728240193,1013.70807
1690728240236,1013.7069
1690728240255,1013.7128
1690728240296,1013.71326
1690728240334,1013.7065
1690728240352,1013.7078
1690728240396,1013.71924
1690728240433,1013.71643
1690728240452,1013.71265
1690728240495,1013.7109
1690728240534,1013.7123
1690728240556,1013.709
1690728240592,1013.7115
1690728240633,1013.7113
1690728240655,1013.70636
1690728240693,1013.7042
1690728240737,1013.7087
1690728240755,1013.71045
1690728240794,1013.70703
1690728240834,1013.7146
1690728240851,1013.71387
1690728240892,1013.7092
1690728240936,1013.7104
1690728240954,1013.7153
1690728240995,1013.72296
1690728241033,1013.7162
1690728241054,1013.71277
1690728241094,1013.72156
1690728241131,1013.72675
1690728241155,1013.7354
1690728241192,1013.7417
1690728241234,1013.74866
1690728241252,1013.75256
1690728241294,1013.75116
1690728241333,1013.739
1690728241353,1013.73596
1690728241393,1013.74475
1690728241432,1013.74457
1690728241454,1013.72943
1690728241494,1013.7282
1690728241534,1013.731
1690728241557,1013.721
1690728241594,1013.7233
1690728241631,1013.72424
1690728241652,1013.7252
1690728241693,1013.7209
1690728241734,1013.7219
1690728241754,1013.7294
1690728241793,1013.7294
1690728241832,1013.7312
1690728241854,1013.7351
1690728241894,1013.7294
1690728241932,1013.7292
1690728241951,1013.731
1690728241992,1013.7269
1690728242032,1013.7047
1690728242052,1013.70654
1690728242093,1013.70996
1690728242132,1013.6938
1690728242152,1013.6989
1690728242191,1013.6988
1690728242238,1013.6953
1690728242251,1013.7057
1690728242291,1013.70135
1690728242338,1013.7067
1690728242352,1013.7141
1690728242394,1013.7285
1690728242432,1013.7324
1690728242458,1013.7289
1690728242492,1013.7275
1690728242533,1013.7154
1690728242552,1013.70056
1690728242592,1013.6991
1690728242630,1013.70886
1690728242649,1013.70935
