1690730639973,1013.3047
1690730639993,1013.2899
1690730640032,1013.28516
1690730640072,1013.29443
1690730640093,1013.29236
1690730640132,1013.29736
1690730640172,1013.2881
1690730640193,1013.29266
1690730640232,1013.31067
1690730640272,1013.32764
1690730640293,1013.32336
1690730640333,1013.3264
1690730640372,1013.3128
1690730640398,1013.31934
1690730640439,1013.3113
1690730640473,1013.30835
1690730640494,1013.31274
1690730640534,1013.32074
1690730640574,1013.3276
1690730640596,1013.31165
1690730640633,1013.3062
1690730640654,1013.2964
1690730640694,1013.3011
1690730640733,1013.3122
1690730640772,1013.3074
1690730640792,1013.3125
1690730640834,1013.3187
1690730640874,1013.3303
1690730640894,1013.33594
1690730640934,1013.33704
1690730640973,1013.3353
1690730640993,1013.3245
1690730641035,1013.33014
1690730641082,1013.3388
1690730641094,1013.3355
1690730641134,1013.331
1690730641174,1013.32025
1690730641194,1013.3195
1690730641236,1013.3253
1690730641278,1013.3237
1690730641293,1013.32324
1690730641334,1013.3166
1690730641373,1013.31573
1690730641394,1013.3038
1690730641435,1013.2991
1690730641474,1013.3021
1690730641494,1013.30597
1690730641532,1013.3071
1690730641572,1013.32214
1690730641592,1013.3261
1690730641638,1013.32153
1690730641672,1013.3108
1690730641694,1013.31146
1690730641732,1013.3072
1690730641772,1013.3096
1690730641791,1013.3031
1690730641834,1013.296
1690730641872,1013.2853
1690730641893,1013.2886
1690730641936,1013.28876
1690730641972,1013.29407
1690730641993,1013.28503
1690730642036,1013.2918
1690730642072,1013.29663
1690730642092,1013.2949
1690730642132,1013.29407
1690730642173,1013.3015
1690730642192,1013.3065
1690730642236,1013.30457
1690730642273,1013.29346
1690730642292,1013.29425
1690730642333,1013.2848
1690730642372,1013.2843
1690730642392,1013.2984
1690730642436,1013.2993
1690730642473,1013.2789
1690730642492,1013.27484
1690730642532,1013.2705
1690730642572,1013.2678
1690730642593,1013.25775
1690730642632,1013.2593
1690730642674,1013.2708
1690730642692,1013.27576
1690730642734,1013.2826
1690730642771,1013.29456
1690730642791,1013.29675
1690730642832,1013.2936
1690730642873,1013.29285
1690730642892,1013.2888
1690730642935,1013.2897
1690730642972,1013.28784
1690730642992,1013.2776
1690730643033,1013.27606
1690730643072,1013.2676
1690730643092,1013.2719
1690730643133,1013.27466
1690730643170,1013.27405
1690730643191,1013.2717
1690730643235,1013.26526
1690730643270,1013.2646
1690730643292,1013.2648
1690730643334,1013.2647
1690730643371,1013.26434
1690730643391,1013.2665
1690730643433,1013.2706
1690730643471,1013.2768
1690730643491,1013.2696
1690730643532,1013.2701
1690730643575,1013.26843
1690730643592,1013.2677
1690730643632,1013.26215
1690730643671,1013.2571
1690730643692,1013.25226
1690730643731,1013.2468
1690730643771,1013.24164
1690730643790,1013.2473
1690730643843,1013.2477
1690730643871,1013.2516
1690730643891,1013.24634
1690730643930,1013.24475
1690730643972,1013.2536
1690730643992,1013.24866
1690730644031,1013.2471
1690730644071,1013.249
1690730644092,1013.2439
1690730644132,1013.2494
1690730644174,1013.25574
1690730644192,1013.25775
1690730644232,1013.2534
1690730644271,1013.2575
1690730644291,1013.2505
1690730644334,1013.24445
1690730644371,1013.2398
1690730644391,1013.2433
1690730644431,1013.2439
1690730644473,1013.24036
1690730644492,1013.2311
1690730644530,1013.2296
1690730644572,1013.22675
1690730644593,1013.2325
1690730644630,1013.23285
1690730644670,1013.22925
1690730644692,1013.225
1690730644731,1013.2201
1690730644770,1013.2338
1690730644790,1013.2344
1690730644830,1013.2372
1690730644870,1013.23706
1690730644891,1013.238
1690730644930,1013.23346
1690730644973,1013.2311
1690730644990,1013.2394
1690730645030,1013.23346
1690730645072,1013.22015
1690730645090,1013.22015
1690730645131,1013.22144
1690730645170,1013.2231
1690730645191,1013.22943
1690730645229,1013.2231
1690730645270,1013.2271
1690730645289,1013.2219
1690730645332,1013.2303
1690730645372,1013.22876
1690730645392,1013.22437
1690730645430,1013.2245
1690730645470,1013.2405
1690730645492,1013.24994
1690730645530,1013.2449
1690730645575,1013.23676
1690730645594,1013.2283
1690730645631,1013.2274
1690730645671,1013.2302
1690730645691,1013.2262
1690730645730,1013.22064
1690730645770,1013.2106
1690730645790,1013.2053
1690730645830,1013.2102
1690730645870,1013.22186
1690730645890,1013.2235
1690730645931,1013.2234
1690730645970,1013.2067
1690730645993,1013.1974
1690730646030,1013.19775
1690730646071,1013.1953
1690730646093,1013.2037
1690730646130,1013.20764
1690730646172,1013.2087
1690730646190,1013.21924
1690730646231,1013.2209
1690730646269,1013.2212
1690730646289,1013.21606
1690730646332,1013.2142
1690730646370,1013.2058
1690730646391,1013.19946
1690730646429,1013.1925
1690730646471,1013.18677
1690730646491,1013.18286
1690730646529,1013.18036
1690730646571,1013.1661
1690730646589,1013.1654
1690730646631,1013.17957
1690730646669,1013.17584
1690730646690,1013.18427
1690730646730,1013.18646
1690730646773,1013.19916
1690730646789,1013.20416
1690730646829,1013.1959
1690730646870,1013.1948
1690730646889,1013.19464
1690730646929,1013.1946
1690730646970,1013.1899
1690730646990,1013.18677
1690730647030,1013.1676
1690730647069,1013.15485
1690730647090,1013.1555
1690730647130,1013.1664
1690730647172,1013.1675
1690730647190,1013.1498
1690730647230,1013.1576
1690730647269,1013.1583
1690730647288,1013.1632
1690730647329,1013.16925
1690730647370,1013.1738
1690730647389,1013.1693
1690730647429,1013.1726
1690730647469,1013.1736
1690730647489,1013.17004
1690730647530,1013.1647
1690730647568,1013.16284
1690730647588,1013.1627
1690730647631,1013.151
1690730647672,1013.1631
1690730647690,1013.17316
1690730647729,1013.1672
1690730647769,1013.1644
1690730647788,1013.1664
1690730647829,1013.1603
1690730647870,1013.15375
1690730647889,1013.1493
1690730647929,1013.1497
1690730647972,1013.1542
1690730647990,1013.16425
1690730648029,1013.16296
1690730648069,1013.15985
1690730648089,1013.15375
1690730648130,1013.1509
1690730648168,1013.14453
1690730648188,1013.1461
1690730648230,1013.1394
1690730648267,1013.13965
1690730648288,1013.13904
1690730648328,1013.1348
1690730648370,1013.1381
1690730648388,1013.12897
1690730648432,1013.1295
1690730648468,1013.13336
1690730648490,1013.1303
1690730648528,1013.12585
1690730648569,1013.1306
1690730648589,1013.13
1690730648628,1013.1341
1690730648671,1013.13586
1690730648691,1013.1318
1690730648730,1013.1253
1690730648768,1013.1294
1690730648787,1013.12134
1690730648828,1013.1103
1690730648868,1013.1121
1690730648889,1013.10504
1690730648930,1013.1091
1690730648968,1013.1108
1690730648989,1013.1214
1690730649028,1013.1181
1690730649070,1013.11444
1690730649090,1013.1123
1690730649129,1013.1101
1690730649168,1013.1096
1690730649190,1013.1062
1690730649230,1013.1069
1690730649268,1013.1069
1690730649287,1013.10547
1690730649329,1013.1077
1690730649369,1013.10815
1690730649387,1013.10913
1690730649429,1013.1105
1690730649468,1013.10754
1690730649489,1013.1056
1690730649529,1013.12396
1690730649567,1013.12646
1690730649588,1013.1304
1690730649633,1013.12964
1690730649669,1013.1286
1690730649688,1013.1193
1690730649728,1013.10974
1690730649768,1013.10254
1690730649787,1013.1048
1690730649827,1013.1044
1690730649870,1013.1117
1690730649888,1013.1135
1690730649929,1013.1096
1690730649969,1013.101
1690730649988,1013.1041
1690730650028,1013.11035
1690730650071,1013.1082
1690730650092,1013.1145
1690730650127,1013.10815
1690730650170,1013.1079
1690730650188,1013.1096
1690730650256,1013.1133
1690730650267,1013.1052
1690730650287,1013.10016
1690730650328,1013.09766
1690730650373,1013.0886
1690730650387,1013.0874
1690730650428,1013.077
1690730650471,1013.0773
1690730650489,1013.0847
1690730650528,1013.0856
1690730650571,1013.0821
1690730650587,1013.0861
1690730650630,1013.0852
1690730650668,1013.08575
1690730650688,1013.0911
1690730650727,1013.0871
1690730650767,1013.0929
1690730650787,1013.0935
1690730650826,1013.0963
1690730650871,1013.0951
1690730650889,1013.09247
1690730650928,1013.0918
1690730650969,1013.0853
1690730650988,1013.0792
1690730651028,1013.0769
1690730651068,1013.072
1690730651089,1013.0763
1690730651127,1013.0713
1690730651167,1013.07
1690730651188,1013.0674
1690730651229,1013.0615
1690730651267,1013.07227
1690730651287,1013.07355
1690730651328,1013.08136
1690730651369,1013.0768
1690730651387,1013.0725
1690730651427,1013.07446
1690730651468,1013.0701
1690730651487,1013.071
1690730651527,1013.07074
1690730651566,1013.0664
1690730651586,1013.05505
1690730651627,1013.0456
1690730651668,1013.0436
1690730651688,1013.0424
1690730651730,1013.0476
1690730651767,1013.048
1690730651786,1013.0401
1690730651826,1013.0409
1690730651868,1013.0411
1690730651887,1013.03986
1690730651927,1013.03796
1690730651966,1013.0446
1690730651988,1013.0571
1690730652029,1013.05597
1690730652066,1013.0426
1690730652087,1013.0281
1690730652127,1013.036
1690730652170,1013.0313
1690730652187,1013.0242
1690730652228,1013.016
1690730652266,1013.0165
1690730652286,1013.02014
1690730652326,1013.0194
1690730652369,1013.01556
1690730652391,1013.01166
1690730652429,1013.0157
1690730652466,1013.0229
1690730652486,1013.02344
1690730652528,1013.0183
1690730652569,1013.01697
1690730652587,1013.0266
1690730652628,1013.02673
1690730652667,1013.0348
1690730652688,1013.0344
1690730652727,1013.03656
1690730652766,1013.03723
1690730652786,1013.0334
1690730652826,1013.01697
1690730652867,1013.01135
1690730652886,1013.0086
1690730652925,1013.0119
1690730652967,1013.0132
1690730652986,1013.0137
1690730653029,1013.0065
1690730653068,1012.99866
1690730653086,1013.0005
1690730653126,1012.99817
1690730653168,1012.996
1690730653186,1012.99603
1690730653227,1012.99786
1690730653268,1013.00415
1690730653286,1013.0069
1690730653325,1013.00305
1690730653367,1012.9952
1690730653387,1012.99725
1690730653426,1012.9994
1690730653467,1012.9967
1690730653489,1012.99536
1690730653526,1012.9886
1690730653566,1012.98334
1690730653591,1012.9758
1690730653627,1012.97064
1690730653667,1012.9659
1690730653686,1012.96783
1690730653725,1012.9703
1690730653766,1012.97327
1690730653785,1012.97644
1690730653825,1012.9803
1690730653866,1012.9821
1690730653885,1012.9831
1690730653926,1012.98737
1690730653967,1012.99335
1690730653987,1012.9883
1690730654026,1012.98584
1690730654066,1012.992
1690730654086,1012.98627
1690730654127,1012.97015
1690730654166,1012.9645
1690730654187,1012.9646
1690730654225,1012.9612
1690730654268,1012.95654
1690730654287,1012.9526
1690730654325,1012.95795
1690730654365,1012.9514
1690730654385,1012.9468
1690730654427,1012.9442
1690730654465,1012.9451
1690730654485,1012.9483
1690730654527,1012.94946
1690730654566,1012.9491
1690730654585,1012.9531
1690730654624,1012.9601
1690730654666,1012.9623
1690730654685,1012.96326
1690730654727,1012.9625
1690730654766,1012.97314
1690730654786,1012.97485
1690730654825,1012.95844
1690730654865,1012.94775
1690730654885,1012.93866
1690730654925,1012.9387
1690730654965,1012.9337
1690730654985,1012.9309
1690730655025,1012.9343
1690730655066,1012.94214
1690730655087,1012.93317
1690730655127,1012.9358
1690730655165,1012.94104
1690730655186,1012.937
1690730655225,1012.93884
1690730655266,1012.9417
1690730655287,1012.94415
1690730655324,1012.94037
1690730655365,1012.9353
1690730655386,1012.9413
1690730655424,1012.93787
1690730655466,1012.9395
1690730655486,1012.9441
1690730655526,1012.9352
1690730655565,1012.9273
1690730655585,1012.9288
1690730655625,1012.92584
1690730655669,1012.91907
1690730655685,1012.9176
1690730655726,1012.9174
1690730655767,1012.91797
1690730655787,1012.9286
1690730655824,1012.9283
1690730655864,1012.93555
1690730655886,1012.9378
1690730655925,1012.93146
1690730655966,1012.93585
1690730655985,1012.9386
1690730656024,1012.93976
1690730656066,1012.9449
1690730656084,1012.9436
1690730656125,1012.939
1690730656167,1012.93646
1690730656185,1012.9329
1690730656225,1012.9449
1690730656267,1012.9523
1690730656287,1012.9477
1690730656323,1012.9356
1690730656364,1012.9326
1690730656394,1012.92584
1690730656424,1012.92773
1690730656465,1012.93884
1690730656485,1012.93475
1690730656525,1012.93994
1690730656582,1012.93726
1690730656583,1012.93384
1690730656624,1012.94434
1690730656666,1012.9404
1690730656685,1012.9372
1690730656727,1012.94147
1690730656768,1012.94635
1690730656785,1012.94574
1690730656823,1012.94714
1690730656865,1012.9411
1690730656894,1012.9294
1690730656923,1012.9179
1690730656964,1012.92084
1690730656986,1012.92426
1690730657026,1012.93726
1690730657065,1012.9279
1690730657085,1012.92865
1690730657127,1012.9302
1690730657168,1012.9199
1690730657184,1012.9235
1690730657227,1012.92194
1690730657265,1012.91925
1690730657285,1012.9265
1690730657324,1012.9155
1690730657364,1012.9181
1690730657392,1012.9118
1690730657424,1012.9203
1690730657468,1012.9339
1690730657484,1012.92944
1690730657524,1012.9221
1690730657566,1012.9215
1690730657585,1012.9065
1690730657624,1012.89935
1690730657665,1012.901
1690730657684,1012.9078
1690730657725,1012.9179
1690730657765,1012.91425
1690730657783,1012.9072
1690730657824,1012.897
1690730657863,1012.8941
1690730657898,1012.90063
1690730657924,1012.9003
1690730657963,1012.9064
1690730657984,1012.90906
1690730658026,1012.906
1690730658063,1012.90515
1690730658086,1012.89197
1690730658126,1012.89246
1690730658164,1012.8926
1690730658184,1012.89526
1690730658227,1012.8849
1690730658265,1012.883
1690730658284,1012.8802
1690730658323,1012.8729
1690730658364,1012.87744
1690730658383,1012.88464
1690730658425,1012.8847
1690730658464,1012.8784
1690730658484,1012.8743
1690730658524,1012.8688
1690730658563,1012.85535
1690730658584,1012.8467
1690730658623,1012.85376
1690730658665,1012.8542
1690730658686,1012.8626
1690730658725,1012.85986
1690730658765,1012.85834
1690730658783,1012.8634
1690730658823,1012.8487
1690730658865,1012.83575
1690730658882,1012.8212
1690730658925,1012.8253
1690730658963,1012.8232
1690730658983,1012.82275
1690730659023,1012.82245
1690730659068,1012.8247
1690730659085,1012.8216
1690730659123,1012.8169
1690730659163,1012.8114
1690730659183,1012.8103
1690730659223,1012.8154
1690730659263,1012.81323
1690730659283,1012.80896
1690730659322,1012.80615
1690730659363,1012.7991
1690730659389,1012.7894
1690730659423,1012.7838
1690730659463,1012.78296
1690730659484,1012.7803
1690730659524,1012.76587
1690730659565,1012.75806
1690730659582,1012.76666
1690730659623,1012.7727
1690730659664,1012.7771
1690730659686,1012.7676
1690730659722,1012.76544
1690730659763,1012.7711
1690730659783,1012.76855
1690730659822,1012.7641
1690730659863,1012.7597
1690730659886,1012.75977
1690730659922,1012.7616
1690730659963,1012.76526
1690730659982,1012.76953
1690730660023,1012.77563
1690730660063,1012.78033
1690730660083,1012.77625
1690730660123,1012.77966
1690730660162,1012.77216
1690730660183,1012.7662
1690730660224,1012.76245
1690730660263,1012.76166
1690730660282,1012.7528
1690730660322,1012.75726
1690730660362,1012.7547
1690730660381,1012.74817
1690730660422,1012.75665
1690730660464,1012.75806
1690730660482,1012.76404
1690730660523,1012.7636
1690730660563,1012.7629
1690730660583,1012.75726
1690730660623,1012.7616
1690730660664,1012.7604
1690730660683,1012.7511
1690730660722,1012.75696
1690730660762,1012.7566
1690730660785,1012.7484
1690730660821,1012.7634
1690730660862,1012.75934
1690730660882,1012.7552
1690730660921,1012.7516
1690730660962,1012.74146
1690730660982,1012.7388
1690730661024,1012.74475
1690730661064,1012.7471
1690730661082,1012.7502
1690730661124,1012.7591
1690730661161,1012.7598
1690730661182,1012.7682
1690730661222,1012.754
1690730661262,1012.7551
1690730661282,1012.75464
1690730661323,1012.7601
1690730661362,1012.75305
1690730661381,1012.7575
1690730661425,1012.7555
1690730661465,1012.75
1690730661483,1012.749
1690730661523,1012.7501
1690730661562,1012.74695
1690730661583,1012.74146
1690730661621,1012.73816
1690730661662,1012.7361
1690730661683,1012.73193
1690730661724,1012.73975
1690730661761,1012.7451
1690730661782,1012.74976
1690730661823,1012.7543
1690730661861,1012.74664
1690730661881,1012.7444
1690730661920,1012.7423
1690730661961,1012.7363
1690730662006,1012.73
1690730662021,1012.739
1690730662062,1012.7406
1690730662101,1012.7356
1690730662121,1012.7368
1690730662163,1012.7342
1690730662201,1012.7282
1690730662221,1012.7218
1690730662262,1012.7194
1690730662301,1012.71606
1690730662322,1012.7174
1690730662360,1012.71497
1690730662404,1012.7249
1690730662424,1012.72473
1690730662462,1012.72925
1690730662501,1012.74023
1690730662522,1012.73083
1690730662562,1012.7246
1690730662601,1012.72363
1690730662623,1012.7301
1690730662662,1012.7229
1690730662703,1012.71594
1690730662720,1012.709
1690730662770,1012.7033
1690730662807,1012.7002
1690730662822,1012.7021
1690730662861,1012.69586
1690730662904,1012.6931
1690730662921,1012.694
1690730662960,1012.6956
1690730663003,1012.70166
1690730663020,1012.70374
1690730663062,1012.70703
1690730663100,1012.70734
1690730663123,1012.7163
1690730663165,1012.72266
1690730663201,1012.71204
1690730663222,1012.7001
1690730663262,1012.68866
1690730663301,1012.67285
1690730663321,1012.6628
1690730663360,1012.6666
1690730663403,1012.6683
1690730663421,1012.6688
1690730663460,1012.6764
1690730663499,1012.67706
1690730663520,1012.6677
1690730663560,1012.665
1690730663600,1012.65967
1690730663621,1012.6618
1690730663660,1012.6643
1690730663701,1012.6628
1690730663721,1012.66675
1690730663760,1012.6732
1690730663800,1012.6783
1690730663819,1012.6791
1690730663859,1012.6756
1690730663901,1012.6753
1690730663921,1012.6742
1690730663959,1012.66486
1690730664000,1012.6717
1690730664025,1012.6636
1690730664059,1012.658
1690730664100,1012.65314
1690730664120,1012.6517
1690730664159,1012.6465
1690730664200,1012.651
1690730664220,1012.6522
1690730664261,1012.65533
1690730664301,1012.6478
1690730664319,1012.64215
1690730664359,1012.6405
1690730664411,1012.64624
1690730664424,1012.6405
1690730664461,1012.6382
1690730664500,1012.6389
1690730664520,1012.64545
1690730664561,1012.6395
1690730664602,1012.6339
1690730664622,1012.6394
1690730664662,1012.6471
1690730664700,1012.6489
1690730664720,1012.6435
1690730664760,1012.63416
1690730664800,1012.6256
1690730664819,1012.6369
1690730664859,1012.62415
1690730664902,1012.6231
1690730664920,1012.62085
1690730664960,1012.62836
1690730665001,1012.6293
1690730665020,1012.6248
1690730665060,1012.6312
1690730665099,1012.62756
1690730665123,1012.625
1690730665160,1012.62756
1690730665200,1012.63135
1690730665221,1012.63556
1690730665259,1012.6355
1690730665300,1012.6311
1690730665320,1012.6474
1690730665359,1012.64545
1690730665400,1012.63184
1690730665419,1012.6276
1690730665459,1012.6251
1690730665500,1012.6315
1690730665523,1012.62317
1690730665559,1012.6269
1690730665601,1012.629
1690730665619,1012.6219
1690730665658,1012.6156
1690730665700,1012.61926
1690730665719,1012.6127
1690730665759,1012.6213
1690730665800,1012.6219
1690730665820,1012.6286
1690730665859,1012.6316
1690730665901,1012.634
1690730665924,1012.6399
1690730665959,1012.63794
1690730665998,1012.64343
1690730666018,1012.63367
1690730666058,1012.6285
1690730666098,1012.6281
1690730666120,1012.6188
1690730666159,1012.6124
1690730666200,1012.6217
1690730666220,1012.62946
1690730666261,1012.6282
1690730666299,1012.614
1690730666319,1012.61536
1690730666359,1012.6086
1690730666400,1012.61316
1690730666421,1012.6209
1690730666459,1012.63184
1690730666501,1012.6375
1690730666523,1012.64
1690730666558,1012.6265
1690730666599,1012.6223
1690730666619,1012.6144
1690730666659,1012.6165
1690730666701,1012.61536
1690730666720,1012.6089
1690730666760,1012.6101
1690730666798,1012.60254
1690730666820,1012.6058
1690730666858,1012.5996
1690730666898,1012.6053
1690730666920,1012.5995
1690730666959,1012.6044
1690730667000,1012.6028
1690730667018,1012.60565
1690730667060,1012.61475
1690730667103,1012.6224
1690730667119,1012.615
1690730667159,1012.6116
1690730667199,1012.6154
1690730667223,1012.61926
1690730667258,1012.6191
1690730667300,1012.604
1690730667324,1012.6005
1690730667358,1012.6007
1690730667398,1012.5991
1690730667422,1012.59985
1690730667459,1012.59924
1690730667498,1012.5934
1690730667522,1012.58984
1690730667559,1012.58276
1690730667598,1012.5746
1690730667619,1012.58075
1690730667659,1012.58203
1690730667698,1012.5893
1690730667720,1012.5992
1690730667759,1012.5892
1690730667797,1012.58374
1690730667819,1012.5809
1690730667857,1012.5759
1690730667897,1012.5675
1690730667920,1012.56647
1690730667958,1012.56494
1690730667999,1012.5603
1690730668019,1012.5652
1690730668059,1012.5636
1690730668099,1012.5549
1690730668117,1012.55707
1690730668159,1012.56085
1690730668197,1012.5689
1690730668218,1012.5776
1690730668259,1012.5792
1690730668298,1012.5825
1690730668321,1012.5667
1690730668358,1012.5532
1690730668398,1012.5491
1690730668421,1012.5497
1690730668458,1012.5484
1690730668501,1012.5441
1690730668517,1012.5356
1690730668559,1012.5424
1690730668597,1012.5427
1690730668618,1012.5376
1690730668660,1012.53345
1690730668697,1012.5419
1690730668718,1012.54175
1690730668759,1012.54376
1690730668797,1012.5482
1690730668826,1012.5503
1690730668857,1012.54785
1690730668898,1012.5532
1690730668917,1012.54913
1690730668958,1012.5404
1690730668997,1012.5369
1690730669019,1012.535
1690730669060,1012.5357
1690730669099,1012.532
1690730669124,1012.53296
1690730669160,1012.537
1690730669198,1012.52905
1690730669219,1012.5325
1690730669258,1012.52985
1690730669299,1012.53
1690730669319,1012.54016
1690730669357,1012.53467
1690730669397,1012.5301
1690730669417,1012.53406
1690730669458,1012.5233
1690730669497,1012.522
1690730669517,1012.5281
1690730669558,1012.5205
1690730669597,1012.51953
1690730669617,1012.52045
1690730669658,1012.51855
1690730669697,1012.5151
1690730669716,1012.51
1690730669757,1012.5112
1690730669796,1012.5064
1690730669823,1012.4994
1690730669857,1012.49414
1690730669897,1012.4951
1690730669917,1012.50226
1690730669958,1012.513
1690730669997,1012.51666
1690730670021,1012.5125
1690730670058,1012.5156
1690730670099,1012.5119
1690730670117,1012.5034
1690730670157,1012.4896
1690730670197,1012.48755
1690730670217,1012.4796
1690730670258,1012.48444
1690730670298,1012.4827
1690730670317,1012.4786
1690730670355,1012.4818
1690730670396,1012.4808
1690730670419,1012.4808
1690730670457,1012.47656
1690730670497,1012.4794
1690730670516,1012.4872
1690730670558,1012.4846
1690730670598,1012.4842
1690730670617,1012.47485
1690730670656,1012.48175
1690730670696,1012.4868
1690730670717,1012.49084
1690730670757,1012.494
1690730670797,1012.4965
1690730670818,1012.49023
1690730670856,1012.48395
1690730670896,1012.48285
1690730670918,1012.47424
1690730670956,1012.4657
1690730670998,1012.45764
1690730671018,1012.4642
1690730671057,1012.45715
1690730671098,1012.45874
1690730671119,1012.46716
1690730671156,1012.45935
1690730671196,1012.45306
1690730671216,1012.45526
1690730671256,1012.45355
1690730671295,1012.4529
1690730671316,1012.4573
1690730671355,1012.44916
1690730671396,1012.4494
1690730671416,1012.44336
1690730671456,1012.4505
1690730671497,1012.4503
1690730671516,1012.4634
1690730671559,1012.4661
1690730671600,1012.4624
1690730671617,1012.4593
1690730671657,1012.458
1690730671696,1012.458
1690730671715,1012.4591
1690730671756,1012.45593
1690730671797,1012.454
1690730671818,1012.4522
1690730671856,1012.4639
1690730671896,1012.46313
1690730671916,1012.4586
1690730671956,1012.45764
1690730671997,1012.45685
1690730672017,1012.45557
1690730672057,1012.462
1690730672097,1012.46387
1690730672118,1012.4611
1690730672160,1012.46716
1690730672195,1012.46423
1690730672216,1012.4603
1690730672257,1012.46747
1690730672295,1012.47107
1690730672315,1012.4657
1690730672355,1012.4663
1690730672397,1012.46484
1690730672417,1012.45984
1690730672455,1012.45667
1690730672496,1012.4586
1690730672516,1012.4676
1690730672556,1012.4546
1690730672596,1012.4479
1690730672616,1012.43726
1690730672655,1012.43713
1690730672695,1012.4346
1690730672716,1012.42474
1690730672758,1012.4259
1690730672795,1012.432
1690730672815,1012.4376
1690730672855,1012.4332
1690730672895,1012.4309
1690730672915,1012.43726
1690730672956,1012.4281
1690730672995,1012.4281
1690730673016,1012.42487
1690730673055,1012.42017
1690730673095,1012.42847
1690730673115,1012.4291
1690730673160,1012.4281
1690730673197,1012.427
1690730673217,1012.4202
1690730673256,1012.41785
1690730673295,1012.41626
1690730673318,1012.41907
1690730673355,1012.414
1690730673397,1012.4109
1690730673415,1012.4234
1690730673455,1012.42456
1690730673495,1012.42126
1690730673517,1012.41956
1690730673555,1012.414
1690730673597,1012.4119
1690730673615,1012.4089
1690730673656,1012.4117
1690730673695,1012.40564
1690730673716,1012.41345
1690730673755,1012.4217
1690730673796,1012.4168
1690730673819,1012.4054
1690730673854,1012.3909
1690730673895,1012.38586
1690730673916,1012.3899
1690730673956,1012.39453
1690730673997,1012.3879
1690730674014,1012.39233
1690730674056,1012.3932
1690730674095,1012.38586
1690730674115,1012.37775
1690730674157,1012.38904
1690730674195,1012.39343
1690730674214,1012.39105
1690730674255,1012.3971
1690730674294,1012.3993
1690730674333,1012.4021
1690730674354,1012.4011
1690730674395,1012.39966
1690730674418,1012.405
1690730674454,1012.39734
1690730674495,1012.3884
1690730674515,1012.38135
1690730674556,1012.3862
1690730674594,1012.3865
1690730674614,1012.39795
1690730674655,1012.3911
1690730674696,1012.3795
1690730674714,1012.3761
1690730674754,1012.37946
1690730674794,1012.37897
1690730674816,1012.3767
1690730674854,1012.37976
1690730674894,1012.3831
1690730674915,1012.38513
1690730674955,1012.3812
1690730674995,1012.38464
1690730675016,1012.3792
1690730675054,1012.3778
1690730675097,1012.3753
1690730675116,1012.37
1690730675154,1012.3651
1690730675197,1012.3628
1690730675214,1012.3662
1690730675254,1012.3656
1690730675295,1012.3627
1690730675315,1012.3555
1690730675354,1012.35394
1690730675396,1012.34814
1690730675416,1012.3475
1690730675455,1012.3457
1690730675495,1012.3494
1690730675514,1012.35315
1690730675555,1012.35455
1690730675594,1012.35754
1690730675614,1012.35846
1690730675654,1012.35925
1690730675695,1012.36755
1690730675715,1012.366
1690730675754,1012.352
1690730675795,1012.355
1690730675814,1012.3512
1690730675854,1012.3517
1690730675893,1012.33435
1690730675913,1012.33716
1690730675953,1012.3397
1690730675995,1012.33276
1690730676014,1012.3374
1690730676053,1012.3336
1690730676095,1012.3355
1690730676113,1012.33655
1690730676154,1012.3479
1690730676194,1012.3463
1690730676214,1012.3374
1690730676254,1012.3406
1690730676296,1012.3428
1690730676313,1012.3435
1690730676353,1012.3312
1690730676394,1012.3322
1690730676419,1012.3426
1690730676453,1012.3569
1690730676495,1012.35895
1690730676517,1012.3526
1690730676556,1012.3522
1690730676595,1012.34174
1690730676615,1012.32526
1690730676652,1012.3182
1690730676697,1012.3184
1690730676714,1012.3262
1690730676754,1012.32153
1690730676794,1012.32135
1690730676814,1012.3261
1690730676854,1012.32635
1690730676894,1012.3258
1690730676915,1012.3239
1690730676952,1012.321
1690730676994,1012.3213
1690730677015,1012.3191
1690730677053,1012.3234
1690730677095,1012.3285
1690730677113,1012.3283
1690730677154,1012.3242
1690730677196,1012.31744
1690730677213,1012.3207
1690730677255,1012.31726
1690730677293,1012.3128
1690730677315,1012.3104
1690730677352,1012.3068
1690730677393,1012.30493
1690730677414,1012.29016
1690730677454,1012.28674
1690730677494,1012.28534
1690730677515,1012.2891
1690730677554,1012.29803
1690730677595,1012.3066
1690730677616,1012.29834
1690730677653,1012.29663
1690730677694,1012.3002
1690730677713,1012.2953
1690730677753,1012.2952
1690730677793,1012.293
1690730677814,1012.29565
1690730677853,1012.29565
1690730677893,1012.28894
1690730677914,1012.2809
1690730677954,1012.2793
1690730677994,1012.2788
1690730678014,1012.27234
1690730678054,1012.27057
1690730678094,1012.26624
1690730678113,1012.2658
1690730678153,1012.28394
1690730678196,1012.2857
1690730678213,1012.2832
1690730678254,1012.2796
1690730678292,1012.2821
1690730678314,1012.2881
1690730678351,1012.2888
1690730678391,1012.2828
1690730678412,1012.2884
1690730678452,1012.2827
1690730678495,1012.2848
1690730678515,1012.27686
1690730678552,1012.26544
1690730678593,1012.25586
1690730678612,1012.2589
1690730678651,1012.2647
1690730678692,1012.25256
1690730678713,1012.2449
1690730678752,1012.2493
1690730678793,1012.24927
1690730678814,1012.24585
1690730678853,1012.2544
1690730678893,1012.25836
1690730678912,1012.26764
1690730678951,1012.27747
1690730678992,1012.2801
1690730679013,1012.28235
1690730679052,1012.27905
1690730679092,1012.2671
1690730679112,1012.26355
1690730679153,1012.2513
1690730679193,1012.24817
1690730679212,1012.2484
1690730679252,1012.2444
1690730679293,1012.24
1690730679313,1012.2447
1690730679353,1012.2512
1690730679391,1012.2587
1690730679411,1012.2611
1690730679452,1012.26306
1690730679492,1012.2671
1690730679512,1012.27026
1690730679554,1012.2643
1690730679591,1012.2605
1690730679612,1012.2574
1690730679653,1012.26587
1690730679694,1012.2602
1690730679713,1012.248
1690730679751,1012.2429
1690730679791,1012.24805
1690730679811,1012.2567
1690730679851,1012.26404
1690730679891,1012.2519
1690730679911,1012.25525
1690730679951,1012.2527
1690730679993,1012.25134
1690730680012,1012.24805
1690730680051,1012.2374
1690730680091,1012.2418
1690730680112,1012.24854
1690730680152,1012.2446
1690730680194,1012.242
1690730680212,1012.2427
1690730680253,1012.2491
1690730680292,1012.25275
1690730680312,1012.2422
1690730680351,1012.23035
1690730680391,1012.2356
1690730680410,1012.24194
1690730680451,1012.24396
1690730680492,1012.24164
1690730680511,1012.2504
1690730680552,1012.24744
1690730680593,1012.24054
1690730680612,1012.23834
1690730680652,1012.2287
1690730680691,1012.22394
1690730680713,1012.2207
1690730680751,1012.2212
1690730680791,1012.2188
1690730680812,1012.2069
1690730680850,1012.2126
1690730680890,1012.2134
1690730680910,1012.2174
1690730680950,1012.21606
1690730680992,1012.2254
1690730681012,1012.22473
1690730681052,1012.22986
1690730681092,1012.2276
1690730681113,1012.224
1690730681152,1012.23
1690730681191,1012.22754
1690730681211,1012.22797
1690730681251,1012.2324
1690730681290,1012.2342
1690730681310,1012.2342
1690730681352,1012.2409
1690730681390,1012.23737
1690730681410,1012.22876
1690730681452,1012.2262
1690730681491,1012.2252
1690730681510,1012.2284
1690730681553,1012.2313
1690730681592,1012.22314
1690730681612,1012.2217
1690730681650,1012.2151
1690730681689,1012.2161
1690730681711,1012.2129
1690730681752,1012.21716
1690730681790,1012.21936
1690730681810,1012.2216
1690730681852,1012.22485
1690730681890,1012.21313
1690730681910,1012.2077
1690730681951,1012.1995
1690730681991,1012.1959
1690730682010,1012.1949
1690730682050,1012.2016
1690730682090,1012.2031
1690730682110,1012.19885
1690730682150,1012.19946
1690730682192,1012.19446
1690730682212,1012.1913
1690730682250,1012.19464
1690730682290,1012.1928
1690730682310,1012.2018
1690730682349,1012.2065
1690730682390,1012.2173
1690730682410,1012.21295
1690730682451,1012.19995
1690730682490,1012.19385
1690730682510,1012.1975
1690730682552,1012.18475
1690730682590,1012.1783
1690730682609,1012.17114
1690730682650,1012.18164
1690730682691,1012.19196
1690730682709,1012.18713
1690730682750,1012.18134
1690730682791,1012.1741
1690730682811,1012.17236
1690730682849,1012.1852
1690730682889,1012.1833
1690730682909,1012.1771
1690730682949,1012.17804
1690730682989,1012.1726
1690730683013,1012.17163
1690730683050,1012.16486
1690730683090,1012.1647
1690730683112,1012.17474
1690730683150,1012.17084
1690730683190,1012.16364
1690730683210,1012.1687
1690730683252,1012.16644
1690730683290,1012.16626
1690730683310,1012.15356
1690730683348,1012.15485
1690730683389,1012.156
1690730683410,1012.15894
1690730683452,1012.16174
1690730683490,1012.16656
1690730683511,1012.16455
1690730683549,1012.16144
1690730683590,1012.1607
1690730683611,1012.16016
1690730683649,1012.15826
1690730683690,1012.1598
1690730683730,1012.1575
1690730683750,1012.1568
1690730683789,1012.16534
1690730683830,1012.15155
1690730683851,1012.13873
1690730683888,1012.1349
1690730683929,1012.13477
1690730683952,1012.1349
1690730683989,1012.13586
1690730684010,1012.1355
1690730684051,1012.13513
1690730684090,1012.12976
1690730684130,1012.1284
1690730684153,1012.1297
1690730684189,1012.1401
1690730684232,1012.1399
1690730684248,1012.1382
1690730684290,1012.1409
1690730684330,1012.1386
1690730684350,1012.1332
1690730684388,1012.1406
1690730684428,1012.1374
1690730684449,1012.12866
1690730684488,1012.12976
1690730684531,1012.1272
1690730684552,1012.1193
1690730684590,1012.1196
1690730684629,1012.11633
1690730684649,1012.1122
1690730684689,1012.1112
1690730684730,1012.1123
1690730684752,1012.12634
1690730684788,1012.12616
1690730684830,1012.1368
1690730684850,1012.13824
1690730684888,1012.1383
1690730684930,1012.13477
1690730684948,1012.13855
1690730684989,1012.14435
1690730685029,1012.1485
1690730685049,1012.15344
1690730685090,1012.1494
1690730685129,1012.1429
1690730685150,1012.1277
1690730685189,1012.1161
1690730685231,1012.1037
1690730685251,1012.11035
1690730685289,1012.1054
1690730685332,1012.09033
1690730685356,1012.0906
1690730685387,1012.09985
1690730685428,1012.09436
1690730685454,1012.0878
1690730685488,1012.0893
1690730685529,1012.0919
1690730685549,1012.0809
1690730685589,1012.07465
1690730685628,1012.07526
1690730685649,1012.08636
1690730685691,1012.08417
1690730685730,1012.0755
1690730685748,1012.0756
1690730685790,1012.0666
1690730685829,1012.0586
1690730685849,1012.0571
1690730685889,1012.0561
1690730685929,1012.04706
1690730685949,1012.04944
1690730685988,1012.04785
1690730686028,1012.05035
1690730686049,1012.0452
1690730686088,1012.0487
1690730686128,1012.04456
1690730686149,1012.04614
1690730686189,1012.0408
1690730686230,1012.0486
1690730686248,1012.05
1690730686290,1012.0494
1690730686327,1012.04584
1690730686347,1012.0439
1690730686388,1012.0492
1690730686428,1012.0467
1690730686448,1012.0447
1690730686488,1012.0426
1690730686529,1012.0465
1690730686548,1012.04913
1690730686588,1012.0487
1690730686630,1012.05005
1690730686647,1012.0628
1690730686687,1012.04614
1690730686727,1012.04974
1690730686750,1012.0525
1690730686787,1012.0536
1690730686827,1012.04767
1690730686857,1012.05414
1690730686887,1012.05457
1690730686928,1012.0532
1690730686950,1012.0565
1690730686988,1012.0515
1690730687029,1012.0569
1690730687053,1012.0591
1690730687088,1012.0672
1690730687128,1012.0685
1690730687149,1012.06055
1690730687188,1012.05725
1690730687227,1012.05554
1690730687248,1012.06323
1690730687288,1012.05347
1690730687328,1012.0476
1690730687347,1012.0408
1690730687386,1012.0426
1690730687427,1012.0367
1690730687451,1012.0311
1690730687487,1012.0355
1690730687527,1012.0398
1690730687548,1012.03955
1690730687588,1012.04004
1690730687627,1012.0338
1690730687648,1012.0327
1690730687688,1012.0403
1690730687730,1012.0374
1690730687747,1012.03534
1690730687788,1012.03735
1690730687829,1012.04645
1690730687850,1012.04156
1690730687887,1012.03723
1690730687927,1012.0308
1690730687953,1012.0282
1690730687989,1012.0273
1690730688029,1012.0225
1690730688047,1012.02545
1690730688087,1012.0222
1690730688129,1012.01196
1690730688153,1012.0178
1690730688187,1012.00696
1690730688229,1012.0058
1690730688247,1012.0078
1690730688287,1012.0084
1690730688327,1012.01483
1690730688346,1012.01117
1690730688386,1012.00867
1690730688426,1012.0049
1690730688454,1012.0081
1690730688486,1012.0059
1690730688529,1012.002
1690730688546,1011.99915
1690730688587,1011.99243
1690730688628,1011.9867
1690730688650,1011.99524
1690730688686,1011.98706
1690730688726,1011.9828
1690730688747,1011.9789
1690730688791,1011.98566
1690730688827,1011.9785
1690730688848,1011.9855
1690730688886,1011.9761
1690730688926,1011.9721
1690730688950,1011.97656
1690730688988,1011.979
1690730689028,1011.9774
1690730689047,1011.983
1690730689090,1011.9807
1690730689127,1011.9784
1690730689147,1011.9802
1690730689187,1011.9741
1690730689228,1011.9621
1690730689251,1011.9601
1690730689287,1011.96497
1690730689326,1011.9617
1690730689346,1011.96173
1690730689385,1011.96716
1690730689426,1011.9677
1690730689448,1011.9623
1690730689486,1011.96576
1690730689527,1011.96716
1690730689548,1011.96643
1690730689586,1011.9689
1690730689627,1011.96967
1690730689647,1011.9652
1690730689686,1011.9785
1690730689727,1011.96967
1690730689748,1011.9698
1690730689786,1011.9639
1690730689827,1011.9537
1690730689847,1011.94165
1690730689886,1011.9429
1690730689925,1011.9371
1690730689947,1011.9369
1690730689988,1011.9403
1690730690030,1011.94
1690730690048,1011.9342
1690730690086,1011.93604
1690730690125,1011.9487
1690730690146,1011.94836
1690730690187,1011.9457
1690730690228,1011.9491
1690730690245,1011.95447
1690730690286,1011.94666
1690730690327,1011.948
1690730690347,1011.9518
1690730690385,1011.9465
1690730690426,1011.94836
1690730690447,1011.94257
1690730690485,1011.95447
1690730690528,1011.95526
1690730690545,1011.94135
1690730690585,1011.937
1690730690626,1011.9374
1690730690646,1011.92957
1690730690685,1011.9253
1690730690728,1011.9331
1690730690749,1011.9285
1690730690790,1011.92914
1690730690825,1011.9239
1690730690845,1011.9298
1690730690885,1011.936
1690730690925,1011.93884
1690730690945,1011.93835
1690730690985,1011.94116
1690730691026,1011.9376
1690730691048,1011.9294
1690730691085,1011.92883
1690730691127,1011.9289
1690730691146,1011.92676
1690730691191,1011.9238
1690730691225,1011.9291
1690730691247,1011.9424
1690730691286,1011.9387
1690730691336,1011.931
1690730691344,1011.92896
1690730691385,1011.9298
1690730691425,1011.9282
1690730691446,1011.91974
1690730691486,1011.9111
1690730691525,1011.91614
1690730691546,1011.91296
1690730691587,1011.9088
1690730691624,1011.90356
1690730691645,1011.90314
1690730691685,1011.90204
1690730691724,1011.90094
1690730691745,1011.91077
1690730691785,1011.90405
1690730691825,1011.9059
1690730691845,1011.90015
1690730691886,1011.8902
1690730691924,1011.8935
1690730691945,1011.8864
1690730691984,1011.8885
1690730692025,1011.88995
1690730692046,1011.8849
1690730692085,1011.8782
1690730692125,1011.878
1690730692144,1011.8738
1690730692185,1011.8765
1690730692225,1011.8766
1690730692244,1011.881
1690730692285,1011.8753
1690730692326,1011.8748
1690730692347,1011.8769
1690730692384,1011.87756
1690730692425,1011.88947
1690730692446,1011.8918
1690730692486,1011.89014
1690730692524,1011.8889
1690730692544,1011.8789
1690730692586,1011.8657
1690730692625,1011.8602
1690730692645,1011.8556
1690730692686,1011.85986
1690730692726,1011.8694
1690730692744,1011.86914
1690730692786,1011.8673
1690730692824,1011.86334
1690730692844,1011.8575
1690730692885,1011.8519
1690730692924,1011.85046
1690730692946,1011.84863
1690730692984,1011.8564
1690730693025,1011.8587
1690730693044,1011.8538
1690730693084,1011.8506
1690730693126,1011.8459
1690730693148,1011.8491
1690730693185,1011.8506
1690730693224,1011.8446
1690730693244,1011.837
1690730693284,1011.82983
1690730693324,1011.8357
1690730693345,1011.8409
1690730693383,1011.8333
1690730693424,1011.83154
1690730693446,1011.8308
1690730693485,1011.8292
1690730693524,1011.83215
1690730693545,1011.8425
1690730693584,1011.8423
1690730693624,1011.8415
1690730693643,1011.8402
1690730693685,1011.8353
1690730693725,1011.83575
1690730693753,1011.83765
1690730693786,1011.83484
1690730693826,1011.82886
1690730693847,1011.8179
1690730693885,1011.8086
1690730693923,1011.8046
1690730693944,1011.8077
1690730693986,1011.8126
1690730694024,1011.8141
1690730694044,1011.8108
1690730694085,1011.8113
1690730694125,1011.82324
1690730694145,1011.82477
1690730694183,1011.8179
1690730694223,1011.8128
1690730694243,1011.8154
1690730694284,1011.8052
1690730694324,1011.8048
1690730694346,1011.8056
1690730694383,1011.81006
1690730694422,1011.81665
1690730694444,1011.8189
1690730694483,1011.8136
1690730694524,1011.816
1690730694544,1011.814
1690730694583,1011.81714
1690730694624,1011.814
1690730694646,1011.8026
1690730694683,1011.7916
1690730694723,1011.78687
1690730694745,1011.78516
1690730694784,1011.78845
1690730694824,1011.79846
1690730694844,1011.7936
1690730694885,1011.79376
1690730694922,1011.7864
1690730694946,1011.78577
1690730694983,1011.8003
1690730695023,1011.79065
1690730695043,1011.7802
1690730695083,1011.77936
1690730695124,1011.7828
1690730695145,1011.78156
1690730695183,1011.7815
1690730695225,1011.7715
1690730695245,1011.77295
1690730695283,1011.7848
1690730695323,1011.7913
1690730695345,1011.79395
1690730695386,1011.79224
1690730695422,1011.7987
1690730695443,1011.8029
1690730695483,1011.7915
1690730695524,1011.79224
1690730695544,1011.79944
1690730695585,1011.7853
1690730695623,1011.7783
1690730695643,1011.77075
1690730695683,1011.76953
1690730695724,1011.76996
1690730695742,1011.76666
1690730695784,1011.7617
1690730695825,1011.76904
1690730695844,1011.76776
1690730695883,1011.7667
1690730695922,1011.7667
1690730695946,1011.7677
1690730695984,1011.77167
1690730696024,1011.7668
1690730696045,1011.76416
1690730696083,1011.7646
1690730696123,1011.7606
1690730696143,1011.76306
1690730696186,1011.7546
1690730696223,1011.7607
1690730696243,1011.7605
1690730696283,1011.75903
1690730696321,1011.76245
1690730696341,1011.7673
1690730696381,1011.76105
1690730696423,1011.76135
1690730696444,1011.7672
1690730696482,1011.76746
1690730696522,1011.761
1690730696543,1011.75
1690730696582,1011.7525
1690730696625,1011.7515
1690730696646,1011.75574
1690730696682,1011.74817
1690730696721,1011.7545
1690730696744,1011.76184
1690730696782,1011.7523
1690730696823,1011.7487
1690730696845,1011.73724
1690730696887,1011.72815
1690730696922,1011.71686
1690730696943,1011.72455
1690730696985,1011.72424
1690730697022,1011.72394
1690730697043,1011.7335
1690730697082,1011.736
1690730697123,1011.7329
1690730697143,1011.7252
1690730697184,1011.7248
1690730697222,1011.7307
1690730697243,1011.725
1690730697282,1011.7222
1690730697323,1011.72626
1690730697342,1011.725
1690730697384,1011.7238
1690730697421,1011.7209
1690730697443,1011.7203
1690730697488,1011.7185
1690730697522,1011.70526
1690730697543,1011.69714
1690730697582,1011.7029
1690730697622,1011.70123
1690730697646,1011.6981
1690730697682,1011.70514
1690730697722,1011.70636
1690730697742,1011.70825
1690730697782,1011.7115
1690730697822,1011.7154
1690730697842,1011.72125
1690730697884,1011.7211
1690730697920,1011.7144
1690730697941,1011.71204
1690730697983,1011.7229
1690730698024,1011.7232
1690730698042,1011.7074
1690730698082,1011.7052
1690730698122,1011.7014
1690730698142,1011.69305
1690730698182,1011.7026
1690730698221,1011.7017
1690730698243,1011.6945
1690730698282,1011.68805
1690730698322,1011.68225
1690730698342,1011.6798
1690730698381,1011.67633
1690730698422,1011.6808
1690730698442,1011.68494
1690730698481,1011.67725
1690730698521,1011.68176
1690730698543,1011.6834
1690730698583,1011.68567
1690730698625,1011.6829
1690730698642,1011.6966
1690730698683,1011.6963
1690730698721,1011.6948
1690730698742,1011.68585
1690730698783,1011.68665
1690730698822,1011.6825
1690730698842,1011.68164
1690730698887,1011.68274
1690730698920,1011.6869
1690730698940,1011.6809
1690730698981,1011.682
1690730699022,1011.6817
1690730699042,1011.6809
1690730699081,1011.67554
1690730699121,1011.67413
1690730699141,1011.6727
1690730699181,1011.6832
1690730699224,1011.68365
1690730699240,1011.68036
1690730699282,1011.67676
1690730699321,1011.6694
1690730699341,1011.6692
1690730699386,1011.6706
1690730699420,1011.6644
1690730699440,1011.6594
1690730699480,1011.6535
1690730699521,1011.6461
1690730699541,1011.6502
1690730699581,1011.6588
1690730699621,1011.654
1690730699642,1011.65
1690730699682,1011.64795
1690730699720,1011.6407
1690730699741,1011.6407
1690730699781,1011.6447
1690730699821,1011.65515
1690730699841,1011.65814
1690730699894,1011.6559
1690730699920,1011.6628
1690730699940,1011.65546
1690730699983,1011.6589
1690730700021,1011.65967
1690730700041,1011.6698
1690730700080,1011.66406
1690730700122,1011.6631
1690730700139,1011.65594
1690730700181,1011.6511
1690730700220,1011.6548
1690730700240,1011.65173
1690730700280,1011.6434
1690730700323,1011.64185
1690730700341,1011.6457
1690730700381,1011.6398
1690730700420,1011.64307
1690730700439,1011.63513
1690730700483,1011.63635
1690730700520,1011.6353
1690730700540,1011.629
1690730700582,1011.62933
1690730700621,1011.6369
1690730700641,1011.6495
1690730700682,1011.65894
1690730700720,1011.65295
1690730700740,1011.6444
1690730700781,1011.6308
1690730700819,1011.6284
1690730700840,1011.62085
1690730700887,1011.61487
1690730700919,1011.6189
1690730700939,1011.6116
1690730700983,1011.6119
1690730701020,1011.6165
1690730701041,1011.6165
1690730701080,1011.61707
1690730701121,1011.6124
1690730701140,1011.60864
1690730701181,1011.60657
1690730701219,1011.61926
1690730701240,1011.6285
1690730701281,1011.63574
1690730701332,1011.64716
1690730701338,1011.6534
1690730701379,1011.6503
1690730701420,1011.64606
1690730701440,1011.6269
1690730701483,1011.5968
1690730701519,1011.58154
1690730701540,1011.58386
1690730701579,1011.58966
1690730701620,1011.5913
1690730701639,1011.5886
1690730701681,1011.586
1690730701719,1011.59375
1690730701739,1011.59454
1690730701779,1011.59326
1690730701820,1011.59973
1690730701840,1011.60315
1690730701879,1011.6024
1690730701919,1011.6046
1690730701939,1011.6043
1690730701981,1011.5999
1690730702019,1011.5923
1690730702040,1011.5979
1690730702080,1011.60144
1690730702119,1011.6072
1690730702139,1011.6024
1690730702180,1011.6104
1690730702219,1011.6079
1690730702238,1011.6007
1690730702279,1011.6052
1690730702321,1011.5984
1690730702341,1011.5892
1690730702380,1011.5958
1690730702418,1011.60144
1690730702438,1011.6017
1690730702482,1011.603
1690730702519,1011.595
1690730702539,1011.5914
1690730702580,1011.5974
1690730702620,1011.59766
1690730702640,1011.6081
1690730702680,1011.6128
1690730702719,1011.61273
1690730702743,1011.6117
1690730702779,1011.60486
1690730702818,1011.6065
1690730702840,1011.60754
1690730702878,1011.6122
1690730702920,1011.61316
1690730702938,1011.6238
1690730702979,1011.6244
1690730703020,1011.6208
1690730703040,1011.614
1690730703080,1011.6138
1690730703119,1011.61755
1690730703138,1011.62146
1690730703178,1011.6307
1690730703219,1011.6279
1690730703239,1011.6237
1690730703280,1011.6279
1690730703319,1011.6333
1690730703339,1011.6322
1690730703379,1011.63477
1690730703419,1011.63635
1690730703438,1011.62463
1690730703479,1011.6379
1690730703519,1011.6437
1690730703539,1011.6302
1690730703582,1011.62384
1690730703618,1011.6213
1690730703638,1011.619
1690730703681,1011.61914
1690730703719,1011.618
1690730703739,1011.62494
1690730703779,1011.6238
1690730703819,1011.6327
1690730703839,1011.6235
1690730703878,1011.61725
1690730703918,1011.6146
1690730703938,1011.6146
1690730703979,1011.6182
1690730704018,1011.62683
1690730704038,1011.62506
1690730704079,1011.617
1690730704119,1011.6125
1690730704142,1011.6111
1690730704178,1011.6172
1690730704219,1011.62286
1690730704238,1011.6233
1690730704278,1011.6099
1690730704318,1011.62537
1690730704338,1011.62067
1690730704379,1011.6317
1690730704419,1011.62463
1690730704437,1011.62646
1690730704478,1011.6217
1690730704517,1011.61786
1690730704537,1011.63165
