1690730052795,1011.67065
1690730052816,1011.6241
1690730052855,1011.6196
1690730052895,1011.60913
1690730052915,1011.5999
1690730052955,1011.6075
1690730052995,1011.6184
1690730053016,1011.6184
1690730053055,1011.6189
1690730053095,1011.62134
1690730053116,1011.6289
1690730053155,1011.63403
1690730053195,1011.6316
1690730053217,1011.63336
1690730053259,1011.63293
1690730053300,1011.6355
1690730053315,1011.63116
1690730053355,1011.63617
1690730053402,1011.6367
1690730053421,1011.639
1690730053456,1011.6416
1690730053498,1011.6526
1690730053517,1011.6475
1690730053557,1011.6423
1690730053596,1011.64276
1690730053616,1011.64014
1690730053656,1011.6372
1690730053695,1011.6451
1690730053719,1011.6477
1690730053756,1011.6438
1690730053796,1011.6483
1690730053816,1011.6399
1690730053856,1011.63525
1690730053895,1011.63855
1690730053915,1011.6509
1690730053955,1011.6533
1690730053996,1011.6478
1690730054016,1011.6556
1690730054056,1011.65735
1690730054097,1011.6504
1690730054116,1011.653
1690730054157,1011.6565
1690730054195,1011.6508
1690730054215,1011.6473
1690730054257,1011.6475
1690730054295,1011.6464
1690730054316,1011.6367
1690730054355,1011.6355
1690730054399,1011.63574
1690730054415,1011.6473
1690730054455,1011.65155
1690730054496,1011.6555
1690730054515,1011.6429
1690730054557,1011.6423
1690730054595,1011.64453
1690730054616,1011.6466
1690730054655,1011.6413
1690730054695,1011.6413
1690730054716,1011.6315
1690730054755,1011.6267
1690730054795,1011.63025
1690730054818,1011.63324
1690730054858,1011.63873
1690730054894,1011.6551
1690730054915,1011.64886
1690730054958,1011.645
1690730054995,1011.6506
1690730055014,1011.6483
1690730055055,1011.6448
1690730055095,1011.6413
1690730055115,1011.63776
1690730055155,1011.62585
1690730055196,1011.61804
1690730055215,1011.61237
1690730055255,1011.6128
1690730055294,1011.6168
1690730055314,1011.6111
1690730055354,1011.6171
1690730055397,1011.6216
1690730055415,1011.62177
1690730055454,1011.6268
1690730055495,1011.63025
1690730055515,1011.6185
1690730055556,1011.60767
1690730055595,1011.6009
1690730055616,1011.60187
1690730055656,1011.60315
1690730055695,1011.6069
1690730055716,1011.6117
1690730055755,1011.5995
1690730055795,1011.5928
1690730055815,1011.5924
1690730055854,1011.59216
1690730055894,1011.59576
1690730055914,1011.58984
1690730055956,1011.5916
1690730055994,1011.59644
1690730056015,1011.6065
1690730056055,1011.61395
1690730056094,1011.6096
1690730056116,1011.6029
1690730056154,1011.5971
1690730056194,1011.5989
1690730056218,1011.5909
1690730056254,1011.5768
1690730056296,1011.5751
1690730056314,1011.58496
1690730056355,1011.591
1690730056395,1011.5917
1690730056416,1011.5997
1690730056455,1011.5915
1690730056496,1011.59644
1690730056516,1011.5985
1690730056554,1011.60266
1690730056595,1011.58606
1690730056615,1011.5945
1690730056655,1011.598
1690730056695,1011.59875
1690730056715,1011.599
1690730056770,1011.6028
1690730056794,1011.59766
1690730056813,1011.5956
1690730056853,1011.6048
1690730056894,1011.5967
1690730056915,1011.5938
1690730056954,1011.59845
1690730056995,1011.6046
1690730057013,1011.60754
1690730057055,1011.6012
1690730057095,1011.59424
1690730057116,1011.59106
1690730057155,1011.5929
1690730057195,1011.5838
1690730057214,1011.58704
1690730057254,1011.5923
1690730057296,1011.5884
1690730057312,1011.584
1690730057354,1011.57355
1690730057393,1011.5705
1690730057413,1011.57355
1690730057453,1011.5781
1690730057496,1011.5814
1690730057514,1011.5841
1690730057554,1011.58563
1690730057594,1011.5869
1690730057614,1011.5813
1690730057654,1011.5826
1690730057695,1011.5877
1690730057716,1011.5885
1690730057755,1011.6041
1690730057804,1011.6004
1690730057812,1011.59283
1690730057855,1011.5849
1690730057893,1011.58
1690730057912,1011.5793
1690730057954,1011.58484
1690730057994,1011.585
1690730058014,1011.5877
1690730058053,1011.58057
1690730058094,1011.59106
1690730058115,1011.59174
1690730058155,1011.59247
1690730058194,1011.59845
1690730058214,1011.6037
1690730058255,1011.6095
1690730058294,1011.60834
1690730058313,1011.6052
1690730058353,1011.6056
1690730058393,1011.60815
1690730058413,1011.60724
1690730058456,1011.6057
1690730058494,1011.60645
1690730058514,1011.60583
1690730058553,1011.6116
1690730058594,1011.6136
1690730058615,1011.6118
1690730058656,1011.61487
1690730058695,1011.6231
1690730058715,1011.61816
1690730058753,1011.61804
1690730058792,1011.6199
1690730058812,1011.615
1690730058852,1011.614
1690730058894,1011.6115
1690730058913,1011.61646
1690730058954,1011.62085
1690730058994,1011.6206
1690730059015,1011.6224
1690730059053,1011.62683
1690730059093,1011.63196
1690730059113,1011.6352
1690730059153,1011.646
1690730059193,1011.6498
1690730059214,1011.65515
1690730059254,1011.65405
1690730059297,1011.64307
1690730059312,1011.64703
1690730059352,1011.65155
1690730059394,1011.6589
1690730059412,1011.6606
1690730059454,1011.6709
1690730059494,1011.6703
1690730059514,1011.6763
1690730059554,1011.67834
1690730059594,1011.6858
1690730059613,1011.6843
1690730059655,1011.6841
1690730059694,1011.682
1690730059714,1011.68787
1690730059751,1011.69305
1690730059792,1011.696
1690730059812,1011.69415
1690730059852,1011.6921
1690730059892,1011.6996
1690730059914,1011.71234
1690730059955,1011.7018
1690730059992,1011.70087
1690730060014,1011.68994
1690730060053,1011.6961
1690730060094,1011.70966
1690730060112,1011.72034
1690730060153,1011.7224
1690730060193,1011.7223
1690730060212,1011.72534
1690730060253,1011.7233
1690730060292,1011.7312
1690730060312,1011.7395
1690730060351,1011.7482
1690730060398,1011.75635
1690730060412,1011.7617
1690730060453,1011.7673
1690730060492,1011.7659
1690730060512,1011.7622
1690730060553,1011.76654
1690730060592,1011.773
1690730060611,1011.7794
1690730060652,1011.76953
1690730060691,1011.77527
1690730060712,1011.7803
1690730060754,1011.7875
1690730060792,1011.7892
1690730060810,1011.792
1690730060852,1011.7952
1690730060892,1011.79877
1690730060912,1011.8035
1690730060953,1011.8077
1690730060992,1011.8124
1690730061012,1011.8171
1690730061053,1011.81366
1690730061092,1011.8198
1690730061113,1011.82135
1690730061154,1011.8185
1690730061192,1011.8142
1690730061212,1011.8134
1690730061252,1011.81305
1690730061303,1011.827
1690730061313,1011.8409
1690730061350,1011.8423
1690730061394,1011.8428
1690730061411,1011.84393
1690730061452,1011.8426
1690730061492,1011.8644
1690730061512,1011.86487
1690730061551,1011.86694
1690730061594,1011.87024
1690730061614,1011.8723
1690730061651,1011.8743
1690730061691,1011.8738
1690730061712,1011.8762
1690730061751,1011.87744
1690730061793,1011.87634
1690730061810,1011.87726
1690730061852,1011.88043
1690730061891,1011.8826
1690730061912,1011.89075
1690730061954,1011.8916
1690730061993,1011.89343
1690730062011,1011.8882
1690730062054,1011.89355
1690730062092,1011.8978
1690730062112,1011.90173
1690730062151,1011.9107
1690730062192,1011.91046
1690730062211,1011.91675
1690730062250,1011.9232
1690730062292,1011.9276
1690730062316,1011.92474
1690730062351,1011.93005
1690730062401,1011.9304
1690730062414,1011.93616
1690730062451,1011.9336
1690730062491,1011.93396
1690730062513,1011.943
1690730062552,1011.94147
1690730062591,1011.9426
1690730062611,1011.94434
1690730062652,1011.9525
1690730062690,1011.9555
1690730062716,1011.959
1690730062751,1011.95355
1690730062795,1011.95526
1690730062810,1011.9698
1690730062850,1011.9734
1690730062894,1011.9729
1690730062910,1011.9723
1690730062952,1011.97955
1690730062991,1011.9855
1690730063015,1011.9907
1690730063052,1011.9903
1690730063091,1011.9876
1690730063111,1012.00134
1690730063151,1012.0011
1690730063194,1011.9883
1690730063210,1011.99304
1690730063251,1011.9994
1690730063291,1012.00305
1690730063311,1012.0103
1690730063349,1011.998
1690730063393,1012.001
1690730063412,1012.00366
1690730063453,1012.00574
1690730063493,1012.0037
1690730063512,1012.00366
1690730063551,1011.9999
1690730063589,1011.99854
1690730063610,1012.01105
1690730063651,1012.01746
1690730063690,1012.0165
1690730063710,1012.0159
1690730063750,1012.01514
1690730063791,1012.0134
1690730063811,1012.0162
1690730063850,1012.01526
1690730063892,1012.0114
1690730063909,1012.01794
1690730063950,1012.02124
1690730063991,1012.01404
1690730064011,1012.01465
1690730064052,1012.0187
1690730064090,1012.01605
1690730064109,1012.01355
1690730064149,1012.0138
1690730064190,1012.0259
1690730064211,1012.0196
1690730064249,1012.0178
1690730064295,1012.019
1690730064316,1012.0206
1690730064349,1012.02435
1690730064390,1012.0238
1690730064414,1012.03357
1690730064449,1012.03516
1690730064490,1012.05023
1690730064509,1012.05835
1690730064550,1012.06195
1690730064589,1012.0638
1690730064609,1012.0636
1690730064650,1012.06775
1690730064689,1012.0691
1690730064710,1012.0739
1690730064753,1012.0697
1690730064789,1012.06726
1690730064812,1012.0696
1690730064849,1012.06934
1690730064889,1012.0656
1690730064916,1012.0712
1690730064950,1012.07086
1690730064993,1012.0697
1690730065009,1012.06445
1690730065049,1012.0729
1690730065089,1012.0696
1690730065111,1012.0686
1690730065149,1012.071
1690730065190,1012.06964
1690730065210,1012.0716
1690730065249,1012.0735
1690730065291,1012.08044
1690730065308,1012.0798
1690730065349,1012.0829
1690730065389,1012.07214
1690730065408,1012.0697
1690730065449,1012.0675
1690730065492,1012.07587
1690730065508,1012.08264
1690730065551,1012.0835
1690730065588,1012.0823
1690730065608,1012.08563
1690730065649,1012.0818
1690730065690,1012.0757
1690730065709,1012.0754
1690730065750,1012.0735
1690730065792,1012.08264
1690730065808,1012.07874
1690730065848,1012.07367
1690730065891,1012.0644
1690730065908,1012.05994
1690730065950,1012.0579
1690730065989,1012.0624
1690730066010,1012.0723
1690730066051,1012.0662
1690730066089,1012.0628
1690730066110,1012.0686
1690730066153,1012.05725
1690730066190,1012.05054
1690730066210,1012.0512
1690730066248,1012.0544
1690730066290,1012.0606
1690730066312,1012.06024
1690730066348,1012.06024
1690730066389,1012.05725
1690730066409,1012.0629
1690730066449,1012.06494
1690730066492,1012.0654
1690730066509,1012.0735
1690730066549,1012.06934
1690730066589,1012.07275
1690730066610,1012.0626
1690730066648,1012.0575
1690730066688,1012.05725
1690730066709,1012.06177
1690730066750,1012.0612
1690730066789,1012.05774
1690730066807,1012.05975
1690730066848,1012.06116
1690730066890,1012.0698
1690730066908,1012.0629
1690730066949,1012.0598
1690730066990,1012.0528
1690730067010,1012.05804
1690730067049,1012.05975
1690730067088,1012.0597
1690730067109,1012.05975
1690730067150,1012.0574
1690730067188,1012.05914
1690730067208,1012.0642
1690730067249,1012.0598
1690730067289,1012.0578
1690730067312,1012.0564
1690730067348,1012.0586
1690730067388,1012.063
1690730067409,1012.0633
1690730067448,1012.0652
1690730067489,1012.0635
1690730067508,1012.0553
1690730067548,1012.05035
1690730067589,1012.04846
1690730067607,1012.056
1690730067648,1012.0576
1690730067694,1012.0617
1690730067708,1012.069
1690730067748,1012.06445
1690730067788,1012.05615
1690730067808,1012.0577
1690730067849,1012.0581
1690730067888,1012.06134
1690730067913,1012.0529
1690730067949,1012.056
1690730067988,1012.0631
1690730068008,1012.0651
1690730068049,1012.0642
1690730068087,1012.06726
1690730068108,1012.0701
1690730068148,1012.07104
1690730068189,1012.0643
1690730068208,1012.06055
1690730068249,1012.0561
1690730068289,1012.0621
1690730068309,1012.06165
1690730068348,1012.06824
1690730068387,1012.076
1690730068408,1012.0791
1690730068447,1012.0716
1690730068489,1012.068
1690730068509,1012.0606
1690730068553,1012.06134
1690730068588,1012.0592
1690730068608,1012.06354
1690730068647,1012.0661
1690730068687,1012.0708
1690730068707,1012.0742
1690730068748,1012.0752
1690730068789,1012.0845
1690730068808,1012.07477
1690730068846,1012.07574
1690730068887,1012.08954
1690730068910,1012.0917
1690730068947,1012.0736
1690730068987,1012.0769
1690730069008,1012.08575
1690730069047,1012.09595
1690730069088,1012.10004
1690730069109,1012.11444
1690730069147,1012.13086
1690730069187,1012.1394
1690730069208,1012.1477
1690730069250,1012.1415
1690730069287,1012.1289
1690730069306,1012.12146
1690730069346,1012.1323
1690730069386,1012.12915
1690730069407,1012.1223
1690730069447,1012.13354
1690730069488,1012.139
1690730069508,1012.1324
1690730069547,1012.1358
1690730069586,1012.1463
1690730069607,1012.1355
1690730069647,1012.1232
1690730069687,1012.12634
1690730069707,1012.13025
1690730069748,1012.123
1690730069787,1012.11566
1690730069806,1012.1245
1690730069850,1012.1251
1690730069886,1012.1306
1690730069906,1012.1328
1690730069946,1012.13666
1690730069987,1012.13806
1690730070006,1012.14154
1690730070047,1012.1443
1690730070088,1012.145
1690730070107,1012.1387
1690730070147,1012.12756
1690730070188,1012.1248
1690730070207,1012.1168
1690730070248,1012.1203
1690730070288,1012.1278
1690730070308,1012.1282
1690730070348,1012.1333
1690730070386,1012.1456
1690730070408,1012.14935
1690730070446,1012.1521
1690730070487,1012.1483
1690730070508,1012.13715
1690730070547,1012.1338
1690730070585,1012.1263
1690730070606,1012.11957
1690730070647,1012.11646
1690730070686,1012.11633
1690730070706,1012.1268
1690730070746,1012.13837
1690730070786,1012.1432
1690730070808,1012.13513
1690730070846,1012.13226
1690730070886,1012.1303
1690730070906,1012.12573
1690730070949,1012.13446
1690730070987,1012.13873
1690730071007,1012.13995
1690730071046,1012.1336
1690730071086,1012.1287
1690730071107,1012.12537
1690730071146,1012.12964
1690730071186,1012.1307
1690730071208,1012.12726
1690730071247,1012.1346
1690730071290,1012.12915
1690730071309,1012.1267
1690730071349,1012.127
1690730071385,1012.1374
1690730071405,1012.13635
1690730071445,1012.1292
1690730071487,1012.1362
1690730071509,1012.13635
1690730071546,1012.1403
1690730071588,1012.1374
1690730071606,1012.13245
1690730071647,1012.136
1690730071687,1012.1352
1690730071706,1012.136
1690730071748,1012.1377
1690730071788,1012.1411
1690730071815,1012.14136
1690730071846,1012.1504
1690730071886,1012.15155
1690730071905,1012.15295
1690730071945,1012.1517
1690730071987,1012.1475
1690730072006,1012.1443
1690730072047,1012.1389
1690730072087,1012.13934
1690730072108,1012.14886
1690730072146,1012.151
1690730072186,1012.15656
1690730072206,1012.1577
1690730072248,1012.1542
1690730072286,1012.152
1690730072306,1012.14984
1690730072345,1012.1439
1690730072385,1012.14294
1690730072405,1012.1488
1690730072447,1012.151
1690730072485,1012.15234
1690730072506,1012.1543
1690730072545,1012.1562
1690730072586,1012.1504
1690730072605,1012.1468
1690730072646,1012.15063
1690730072685,1012.14307
1690730072709,1012.134
1690730072745,1012.1299
1690730072786,1012.1299
1690730072808,1012.1306
1690730072845,1012.1465
1690730072884,1012.1439
1690730072905,1012.1447
1690730072945,1012.14514
1690730072985,1012.1446
1690730073005,1012.14984
1690730073045,1012.14624
1690730073086,1012.141
1690730073106,1012.1437
1690730073147,1012.1416
1690730073186,1012.14075
1690730073205,1012.13055
1690730073245,1012.13574
1690730073285,1012.1393
1690730073305,1012.1388
1690730073344,1012.13965
1690730073384,1012.14343
1690730073405,1012.1393
1690730073444,1012.1376
1690730073485,1012.1387
1690730073505,1012.1319
1690730073547,1012.1313
1690730073584,1012.131
1690730073605,1012.12646
1690730073645,1012.13165
1690730073685,1012.1334
1690730073704,1012.1388
1690730073747,1012.1357
1690730073789,1012.13654
1690730073809,1012.13245
1690730073844,1012.14795
1690730073884,1012.14716
1690730073904,1012.14355
1690730073947,1012.1437
1690730073986,1012.1369
1690730074005,1012.14325
1690730074044,1012.14
1690730074086,1012.1553
1690730074104,1012.15625
1690730074147,1012.1566
1690730074185,1012.1551
1690730074206,1012.15625
1690730074246,1012.15533
1690730074284,1012.1501
1690730074306,1012.1451
1690730074345,1012.1466
1690730074384,1012.14154
1690730074405,1012.13965
1690730074445,1012.138
1690730074484,1012.14136
1690730074504,1012.14185
1690730074546,1012.1362
1690730074584,1012.13794
1690730074605,1012.1299
1690730074644,1012.1207
1690730074684,1012.12524
1690730074726,1012.1238
1690730074745,1012.11755
1690730074784,1012.114
1690730074805,1012.11206
1690730074847,1012.1187
1690730074884,1012.10754
1690730074924,1012.10815
1690730074944,1012.1079
1690730074984,1012.119
1690730075025,1012.1235
1690730075045,1012.115
1690730075084,1012.1141
1690730075125,1012.11316
1690730075144,1012.1076
1690730075184,1012.1194
1690730075224,1012.11597
1690730075245,1012.1077
1690730075283,1012.11194
1690730075325,1012.11176
1690730075348,1012.10547
1690730075384,1012.1104
1690730075424,1012.1143
1690730075444,1012.12317
1690730075486,1012.12854
1690730075526,1012.1282
1690730075545,1012.13367
1690730075585,1012.1355
1690730075623,1012.1286
1690730075645,1012.1239
1690730075683,1012.1247
1690730075704,1012.1219
1690730075744,1012.12054
1690730075783,1012.12115
1690730075823,1012.11084
1690730075847,1012.11017
1690730075883,1012.1171
1690730075924,1012.1336
1690730075945,1012.12415
1690730075983,1012.1206
1690730076024,1012.1255
1690730076047,1012.1262
1690730076085,1012.1289
1690730076124,1012.13403
1690730076146,1012.13135
1690730076183,1012.12976
1690730076224,1012.1313
1690730076247,1012.127
1690730076283,1012.1211
1690730076323,1012.11694
1690730076344,1012.12067
1690730076383,1012.12384
1690730076424,1012.12195
1690730076443,1012.11646
1690730076483,1012.12415
1690730076523,1012.12915
1690730076545,1012.13135
1690730076586,1012.1329
1690730076625,1012.12427
1690730076643,1012.12964
1690730076683,1012.1262
1690730076725,1012.1315
1690730076744,1012.1333
1690730076783,1012.1338
1690730076824,1012.13696
1690730076846,1012.1425
1690730076883,1012.14294
1690730076922,1012.14764
1690730076943,1012.14526
1690730076984,1012.1525
1690730077023,1012.14813
1690730077043,1012.1423
1690730077084,1012.1453
1690730077123,1012.14874
1690730077143,1012.1417
1690730077183,1012.1406
1690730077224,1012.133
1690730077245,1012.1236
1690730077283,1012.1274
1690730077322,1012.1347
1690730077344,1012.1447
1690730077382,1012.141
1690730077423,1012.1326
1690730077450,1012.1354
1690730077484,1012.13617
1690730077522,1012.1378
1690730077544,1012.1385
1690730077582,1012.1422
1690730077624,1012.1334
1690730077644,1012.1321
1690730077684,1012.1341
1690730077724,1012.1315
1690730077741,1012.1318
1690730077782,1012.1366
1690730077822,1012.144
1690730077845,1012.14136
1690730077882,1012.14374
1690730077923,1012.1447
1690730077946,1012.1577
1690730077986,1012.15424
1690730078023,1012.15063
1690730078044,1012.1533
1690730078082,1012.149
1690730078124,1012.145
1690730078143,1012.15283
1690730078182,1012.15497
1690730078232,1012.15076
1690730078242,1012.15173
1690730078283,1012.1566
1690730078324,1012.1629
1690730078342,1012.15814
1690730078381,1012.1592
1690730078422,1012.1592
1690730078442,1012.1529
1690730078484,1012.1516
1690730078523,1012.15326
1690730078542,1012.16473
1690730078582,1012.17267
1690730078621,1012.1744
1690730078643,1012.17914
1690730078682,1012.17804
1690730078722,1012.17957
1690730078746,1012.1852
1690730078781,1012.18915
1690730078823,1012.182
1690730078841,1012.17413
1690730078881,1012.18005
1690730078922,1012.19794
1690730078942,1012.20496
1690730078983,1012.2097
1690730079029,1012.20667
1690730079041,1012.1964
1690730079082,1012.2008
1690730079122,1012.20935
1690730079144,1012.21765
1690730079182,1012.2269
1690730079222,1012.22064
1690730079241,1012.2204
1690730079283,1012.223
1690730079322,1012.2221
1690730079344,1012.23
1690730079380,1012.24316
1690730079421,1012.2492
1690730079449,1012.24176
1690730079481,1012.24036
1690730079523,1012.2477
1690730079546,1012.24884
1690730079581,1012.2562
1690730079621,1012.2523
1690730079644,1012.26044
1690730079683,1012.2616
1690730079722,1012.2615
1690730079741,1012.2631
1690730079782,1012.2659
1690730079821,1012.275
1690730079842,1012.28357
1690730079882,1012.2825
1690730079922,1012.2825
1690730079942,1012.2848
1690730079981,1012.28204
1690730080023,1012.28467
1690730080042,1012.2869
1690730080081,1012.2942
1690730080123,1012.29474
1690730080141,1012.2986
1690730080180,1012.3041
1690730080220,1012.3044
1690730080241,1012.31305
1690730080280,1012.31824
1690730080321,1012.3312
1690730080341,1012.3284
1690730080380,1012.32715
1690730080420,1012.32806
1690730080441,1012.3371
1690730080481,1012.3486
1690730080521,1012.3544
1690730080540,1012.348
1690730080581,1012.35004
1690730080620,1012.34924
1690730080641,1012.3593
1690730080680,1012.3707
1690730080720,1012.3787
1690730080742,1012.39
1690730080791,1012.39886
1690730080821,1012.3974
1690730080839,1012.40265
1690730080880,1012.39935
1690730080920,1012.4007
1690730080940,1012.406
1690730080982,1012.41705
1690730081020,1012.4198
1690730081042,1012.4221
1690730081081,1012.4242
1690730081120,1012.41736
1690730081140,1012.4329
1690730081180,1012.44073
1690730081222,1012.43854
1690730081242,1012.44006
1690730081283,1012.44336
1690730081321,1012.4423
1690730081340,1012.4494
1690730081380,1012.4508
1690730081420,1012.44464
1690730081440,1012.4496
1690730081481,1012.4524
1690730081520,1012.46295
1690730081541,1012.4645
1690730081580,1012.475
1690730081620,1012.48
1690730081641,1012.488
1690730081680,1012.4865
1690730081719,1012.4868
1690730081740,1012.4923
1690730081780,1012.4989
1690730081821,1012.5005
1690730081839,1012.50183
1690730081879,1012.50476
1690730081920,1012.505
1690730081940,1012.5203
1690730081979,1012.52405
1690730082021,1012.52466
1690730082041,1012.5252
1690730082081,1012.5265
1690730082121,1012.5299
1690730082140,1012.53674
1690730082181,1012.53503
1690730082221,1012.5347
1690730082242,1012.52673
1690730082281,1012.527
1690730082320,1012.5323
1690730082340,1012.5395
1690730082380,1012.53534
1690730082419,1012.5315
1690730082439,1012.54553
1690730082479,1012.5521
1690730082520,1012.56195
1690730082540,1012.56
1690730082582,1012.5567
1690730082620,1012.5556
1690730082640,1012.5614
1690730082680,1012.5664
1690730082720,1012.5803
1690730082740,1012.5746
1690730082780,1012.5672
1690730082823,1012.5761
1690730082840,1012.5813
1690730082879,1012.5764
1690730082920,1012.5779
1690730082944,1012.56976
1690730082979,1012.5759
1690730083020,1012.5843
1690730083040,1012.58014
1690730083081,1012.5883
1690730083121,1012.58905
1690730083139,1012.58923
1690730083180,1012.5842
1690730083221,1012.577
1690730083239,1012.584
1690730083279,1012.5801
1690730083319,1012.5778
1690730083339,1012.5814
1690730083381,1012.5738
1690730083419,1012.57947
1690730083439,1012.5876
1690730083479,1012.5928
1690730083520,1012.5894
1690730083539,1012.582
1690730083580,1012.5891
1690730083620,1012.60443
1690730083640,1012.6031
1690730083679,1012.6017
1690730083719,1012.60657
1690730083740,1012.60895
1690730083778,1012.60785
1690730083821,1012.5969
1690730083840,1012.59546
1690730083881,1012.6054
1690730083919,1012.6077
1690730083939,1012.5995
1690730083978,1012.5912
1690730084019,1012.5863
1690730084038,1012.58887
1690730084082,1012.599
1690730084119,1012.59845
1690730084138,1012.5933
1690730084179,1012.5913
1690730084220,1012.5851
1690730084239,1012.5854
1690730084278,1012.59564
1690730084319,1012.58875
1690730084339,1012.5964
1690730084378,1012.59753
1690730084419,1012.59753
1690730084439,1012.59393
1690730084479,1012.5877
1690730084519,1012.5916
1690730084540,1012.59753
1690730084579,1012.6034
1690730084618,1012.6015
1690730084638,1012.59717
1690730084682,1012.5958
1690730084719,1012.5991
1690730084740,1012.595
1690730084780,1012.59296
1690730084818,1012.5881
1690730084838,1012.5921
1690730084879,1012.59326
1690730084918,1012.5979
1690730084938,1012.5957
1690730084978,1012.5899
1690730085019,1012.57794
1690730085039,1012.58746
1690730085078,1012.60034
1690730085120,1012.5932
1690730085139,1012.6003
1690730085179,1012.598
1690730085221,1012.58856
1690730085239,1012.5869
1690730085278,1012.5938
1690730085319,1012.5917
1690730085340,1012.5884
1690730085378,1012.5965
1690730085418,1012.5944
1690730085438,1012.5938
1690730085477,1012.5913
1690730085525,1012.58527
1690730085537,1012.5812
1690730085580,1012.58276
1690730085618,1012.5879
1690730085639,1012.58405
1690730085678,1012.5863
1690730085719,1012.5876
1690730085738,1012.5823
1690730085780,1012.5812
1690730085818,1012.5816
1690730085838,1012.5908
1690730085878,1012.59045
1690730085918,1012.5905
1690730085937,1012.60126
1690730085980,1012.60425
1690730086018,1012.5951
1690730086038,1012.593
1690730086078,1012.58716
1690730086119,1012.5836
1690730086138,1012.57825
1690730086178,1012.58276
1690730086218,1012.58636
1690730086238,1012.5865
1690730086278,1012.5776
1690730086318,1012.5742
1690730086337,1012.58215
1690730086384,1012.57886
1690730086417,1012.5819
1690730086436,1012.5835
1690730086477,1012.5768
1690730086517,1012.57007
1690730086539,1012.57245
1690730086579,1012.5714
1690730086618,1012.5713
1690730086637,1012.5692
1690730086677,1012.5758
1690730086720,1012.5792
1690730086738,1012.58
1690730086778,1012.582
1690730086818,1012.587
1690730086837,1012.5854
1690730086876,1012.58136
1690730086917,1012.5838
1690730086937,1012.5843
1690730086977,1012.5834
1690730087018,1012.5823
1690730087037,1012.5812
1690730087078,1012.5828
1690730087118,1012.58264
1690730087136,1012.5864
1690730087179,1012.58575
1690730087218,1012.5838
1690730087237,1012.5808
1690730087277,1012.5825
1690730087318,1012.5896
1690730087339,1012.5844
1690730087378,1012.5877
1690730087417,1012.5845
1690730087437,1012.5828
1690730087477,1012.5755
1690730087521,1012.5824
1690730087537,1012.5751
1690730087578,1012.583
1690730087622,1012.5851
1690730087637,1012.5787
1690730087677,1012.5744
1690730087717,1012.5741
1690730087737,1012.57935
1690730087777,1012.5842
1690730087818,1012.5845
1690730087837,1012.58105
1690730087878,1012.5812
1690730087916,1012.58136
1690730087937,1012.58154
1690730087977,1012.57886
1690730088017,1012.5788
1690730088037,1012.57275
1690730088077,1012.5796
1690730088123,1012.58545
1690730088138,1012.5845
1690730088176,1012.5785
1690730088217,1012.5748
1690730088239,1012.5742
1690730088276,1012.5822
1690730088316,1012.583
1690730088338,1012.58215
1690730088379,1012.5809
1690730088416,1012.5764
1690730088436,1012.57104
1690730088476,1012.57275
1690730088516,1012.57806
1690730088538,1012.57214
1690730088577,1012.5741
1690730088618,1012.5742
1690730088637,1012.5775
1690730088677,1012.57697
1690730088718,1012.5766
1690730088739,1012.5793
1690730088776,1012.58954
1690730088816,1012.58875
1690730088836,1012.58746
1690730088878,1012.5801
1690730088917,1012.57715
1690730088939,1012.57153
1690730088978,1012.57623
1690730089016,1012.58136
1690730089036,1012.5846
1690730089078,1012.5902
1690730089117,1012.5801
1690730089136,1012.5761
1690730089177,1012.57654
1690730089217,1012.58356
1690730089236,1012.5751
1690730089277,1012.5769
1690730089318,1012.5703
1690730089335,1012.573
1690730089378,1012.5752
1690730089416,1012.5692
1690730089436,1012.573
1690730089483,1012.56934
1690730089516,1012.57214
1690730089537,1012.5754
1690730089578,1012.57666
1690730089616,1012.5872
1690730089636,1012.5869
1690730089677,1012.5889
1690730089716,1012.59216
1690730089737,1012.5847
1690730089776,1012.5744
1690730089815,1012.567
1690730089835,1012.5712
1690730089880,1012.5781
1690730089916,1012.5817
1690730089936,1012.5886
1690730089985,1012.5834
1690730090017,1012.58057
1690730090036,1012.5853
1690730090075,1012.582
1690730090116,1012.5808
1690730090135,1012.5821
1690730090176,1012.5773
1690730090217,1012.57117
1690730090235,1012.5764
1690730090278,1012.577
1690730090316,1012.57135
1690730090336,1012.57605
1690730090376,1012.569
1690730090415,1012.56287
1690730090435,1012.5677
1690730090478,1012.5674
1690730090515,1012.5691
1690730090535,1012.57227
1690730090576,1012.5654
1690730090617,1012.5624
1690730090636,1012.57104
1690730090675,1012.5711
1690730090717,1012.5741
1690730090735,1012.5774
1690730090774,1012.5807
1690730090819,1012.57916
1690730090837,1012.5776
1690730090883,1012.58014
1690730090915,1012.5683
1690730090935,1012.56946
1690730090976,1012.57825
1690730091016,1012.58655
1690730091036,1012.5925
1690730091075,1012.59216
1690730091117,1012.5874
1690730091136,1012.5814
1690730091176,1012.5801
1690730091216,1012.5786
1690730091237,1012.57855
1690730091278,1012.57654
1690730091316,1012.569
1690730091336,1012.5645
1690730091375,1012.571
1690730091414,1012.57306
1690730091435,1012.566
1690730091476,1012.5738
1690730091516,1012.5776
1690730091534,1012.5749
1690730091575,1012.58026
1690730091617,1012.575
1690730091635,1012.5742
1690730091676,1012.5808
1690730091714,1012.5829
1690730091735,1012.58594
1690730091775,1012.5867
1690730091815,1012.57556
1690730091835,1012.5774
1690730091875,1012.5763
1690730091914,1012.57697
1690730091934,1012.574
1690730091976,1012.57227
1690730092015,1012.5797
1690730092034,1012.5794
1690730092076,1012.5891
1690730092115,1012.5834
1690730092134,1012.58563
1690730092176,1012.5878
1690730092215,1012.5929
1690730092235,1012.5884
1690730092274,1012.58264
1690730092314,1012.58594
1690730092334,1012.58203
1690730092375,1012.57495
1690730092414,1012.5719
1690730092434,1012.5653
1690730092475,1012.56824
1690730092514,1012.5719
1690730092534,1012.5725
1690730092576,1012.57166
1690730092615,1012.56506
1690730092636,1012.5702
1690730092674,1012.5771
1690730092714,1012.583
1690730092736,1012.57477
1690730092775,1012.57666
1690730092815,1012.56683
1690730092837,1012.57184
1690730092877,1012.56946
1690730092915,1012.57245
1690730092934,1012.574
1690730092976,1012.5753
1690730093014,1012.5659
1690730093035,1012.5608
1690730093074,1012.55774
1690730093115,1012.5638
1690730093134,1012.5607
1690730093173,1012.5598
1690730093214,1012.563
1690730093237,1012.5672
1690730093277,1012.5697
1690730093314,1012.5691
1690730093334,1012.574
1690730093374,1012.573
1690730093413,1012.57495
1690730093435,1012.5754
1690730093475,1012.56775
1690730093514,1012.56744
1690730093534,1012.56665
1690730093575,1012.55884
1690730093614,1012.55133
1690730093634,1012.5462
1690730093673,1012.541
1690730093717,1012.54297
1690730093733,1012.5362
1690730093775,1012.5253
1690730093816,1012.52826
1690730093834,1012.52893
1690730093873,1012.5278
1690730093913,1012.5238
1690730093933,1012.5253
1690730093976,1012.52576
1690730094014,1012.52814
1690730094034,1012.53046
1690730094074,1012.53455
1690730094113,1012.5402
1690730094133,1012.53796
1690730094176,1012.5366
1690730094214,1012.52966
1690730094236,1012.5338
1690730094273,1012.53754
1690730094314,1012.5414
1690730094335,1012.54047
1690730094375,1012.54785
1690730094413,1012.5382
1690730094434,1012.53595
1690730094475,1012.53174
1690730094515,1012.5306
1690730094534,1012.5139
1690730094573,1012.5255
1690730094613,1012.53674
1690730094634,1012.534
1690730094674,1012.52856
1690730094714,1012.52563
1690730094733,1012.522
1690730094776,1012.52814
1690730094813,1012.53015
1690730094834,1012.5364
1690730094874,1012.54126
1690730094913,1012.5288
1690730094933,1012.52515
1690730094973,1012.52716
1690730095013,1012.52673
1690730095034,1012.52637
1690730095074,1012.5242
1690730095113,1012.5174
1690730095134,1012.52545
1690730095174,1012.52234
1690730095214,1012.5205
1690730095233,1012.52484
1690730095272,1012.53046
1690730095314,1012.5233
1690730095334,1012.51953
1690730095375,1012.5261
1690730095412,1012.5272
1690730095433,1012.52484
1690730095473,1012.5328
1690730095514,1012.52454
1690730095533,1012.5297
1690730095574,1012.54236
1690730095614,1012.54016
1690730095634,1012.5487
1690730095674,1012.54663
1690730095713,1012.5462
1690730095732,1012.53186
1690730095774,1012.54034
1690730095812,1012.5362
1690730095832,1012.53876
1690730095875,1012.5338
1690730095912,1012.5366
1690730095932,1012.5434
1690730095972,1012.5383
1690730096013,1012.5359
1690730096034,1012.5298
1690730096073,1012.5379
1690730096114,1012.54126
1690730096134,1012.5449
1690730096175,1012.5414
1690730096214,1012.53864
1690730096233,1012.54175
1690730096273,1012.54297
1690730096313,1012.54254
1690730096332,1012.54395
1690730096376,1012.54974
1690730096413,1012.54236
1690730096431,1012.5425
1690730096472,1012.545
1690730096515,1012.5414
1690730096553,1012.54614
1690730096573,1012.53906
1690730096613,1012.5414
1690730096653,1012.5354
1690730096671,1012.53424
1690730096713,1012.52893
1690730096755,1012.53125
1690730096773,1012.52936
1690730096817,1012.5368
1690730096853,1012.5401
1690730096872,1012.5427
1690730096911,1012.53723
1690730096952,1012.53735
1690730096973,1012.5493
1690730097013,1012.56
1690730097052,1012.55835
1690730097073,1012.5554
1690730097112,1012.5536
1690730097152,1012.54565
1690730097173,1012.5455
1690730097212,1012.5458
1690730097253,1012.53564
1690730097273,1012.53516
1690730097313,1012.537
1690730097352,1012.5501
1690730097373,1012.55035
1690730097412,1012.55396
1690730097450,1012.5559
1690730097472,1012.55884
1690730097511,1012.56226
1690730097552,1012.563
1690730097572,1012.56067
1690730097614,1012.5639
1690730097653,1012.5621
1690730097673,1012.5624
1690730097712,1012.56824
1690730097754,1012.563
1690730097772,1012.56165
1690730097812,1012.5625
1690730097851,1012.56635
1690730097874,1012.58
1690730097912,1012.58777
1690730097951,1012.5833
1690730097971,1012.5862
1690730098012,1012.59454
1690730098054,1012.6023
1690730098071,1012.59106
1690730098112,1012.594
1690730098153,1012.60516
1690730098173,1012.6148
1690730098211,1012.6251
1690730098251,1012.6259
1690730098271,1012.62604
1690730098312,1012.6281
1690730098351,1012.6282
1690730098372,1012.6328
1690730098417,1012.64056
1690730098450,1012.64404
1690730098471,1012.64264
1690730098514,1012.63904
1690730098552,1012.6345
1690730098572,1012.65186
1690730098612,1012.6545
1690730098651,1012.6564
1690730098675,1012.66547
1690730098711,1012.6741
1690730098752,1012.67676
1690730098772,1012.678
1690730098811,1012.67914
1690730098852,1012.6732
1690730098873,1012.67535
1690730098909,1012.6771
1690730098951,1012.6847
1690730098971,1012.69366
1690730099010,1012.6973
1690730099050,1012.6968
1690730099071,1012.6987
1690730099114,1012.7106
1690730099150,1012.7164
1690730099170,1012.72217
1690730099210,1012.73364
1690730099250,1012.7446
1690730099271,1012.74774
1690730099312,1012.75256
1690730099351,1012.75336
1690730099371,1012.75256
1690730099409,1012.7533
1690730099450,1012.7496
1690730099470,1012.75604
1690730099510,1012.76013
1690730099550,1012.75934
1690730099572,1012.76636
1690730099610,1012.7724
1690730099652,1012.7822
1690730099670,1012.79114
1690730099714,1012.8008
1690730099750,1012.80347
1690730099770,1012.80383
1690730099812,1012.798
1690730099851,1012.79584
1690730099872,1012.8009
1690730099910,1012.80457
1690730099949,1012.8121
1690730099970,1012.8222
1690730100011,1012.8247
1690730100050,1012.8264
1690730100069,1012.8213
1690730100109,1012.8318
1690730100150,1012.8253
1690730100174,1012.83325
1690730100211,1012.833
1690730100250,1012.8342
1690730100272,1012.8379
1690730100310,1012.8507
1690730100350,1012.85266
1690730100369,1012.8504
1690730100411,1012.84265
1690730100449,1012.85297
1690730100469,1012.8589
1690730100511,1012.8648
1690730100550,1012.8729
1690730100570,1012.88806
1690730100609,1012.8979
1690730100650,1012.89105
1690730100670,1012.88293
1690730100710,1012.88184
1690730100751,1012.89197
1690730100769,1012.88513
1690730100810,1012.88464
1690730100852,1012.88995
1690730100870,1012.89124
1690730100910,1012.8966
1690730100950,1012.9022
1690730100969,1012.89954
1690730101015,1012.90094
1690730101052,1012.9048
1690730101071,1012.90717
1690730101111,1012.9068
1690730101150,1012.9114
1690730101171,1012.9158
1690730101210,1012.9148
1690730101250,1012.9135
1690730101271,1012.91455
1690730101310,1012.91394
1690730101351,1012.9119
1690730101369,1012.91364
1690730101414,1012.9092
1690730101448,1012.91034
1690730101470,1012.9099
1690730101513,1012.9065
1690730101549,1012.9088
1690730101569,1012.905
1690730101610,1012.90845
1690730101650,1012.9044
1690730101673,1012.90466
1690730101709,1012.9089
1690730101750,1012.9222
1690730101769,1012.9212
1690730101809,1012.9235
1690730101850,1012.9177
1690730101871,1012.9192
1690730101911,1012.91675
1690730101948,1012.9075
1690730101968,1012.9202
1690730102009,1012.9162
1690730102049,1012.9112
1690730102069,1012.9132
1690730102112,1012.91754
1690730102149,1012.9197
1690730102170,1012.9269
1690730102209,1012.9221
1690730102250,1012.9264
1690730102269,1012.9209
1690730102308,1012.92
1690730102349,1012.9132
1690730102370,1012.91766
1690730102415,1012.91595
1690730102453,1012.92365
1690730102469,1012.92194
1690730102510,1012.9198
1690730102549,1012.9165
1690730102569,1012.93646
1690730102610,1012.942
1690730102649,1012.94775
1690730102668,1012.95215
1690730102708,1012.95886
1690730102748,1012.9604
1690730102769,1012.9716
1690730102812,1012.98083
1690730102852,1012.98663
1690730102871,1012.9961
1690730102914,1012.99725
1690730102948,1012.9989
1690730102968,1012.99585
1690730103009,1012.9949
1690730103048,1012.9925
1690730103068,1012.99805
1690730103109,1012.99536
1690730103148,1012.9959
1690730103169,1012.9861
1690730103210,1012.9836
1690730103250,1012.9857
1690730103268,1012.99774
1690730103308,1012.99304
1690730103349,1012.9898
1690730103368,1012.99817
1690730103418,1012.9944
1690730103448,1012.99445
1690730103469,1012.9994
1690730103510,1013.00037
1690730103548,1012.9938
1690730103569,1012.99347
1690730103609,1012.99817
1690730103649,1012.9982
1690730103668,1012.9921
1690730103708,1012.98987
1690730103749,1012.99445
1690730103769,1012.99194
1690730103807,1012.98596
1690730103849,1012.98926
1690730103869,1012.993
1690730103908,1012.98816
1690730103947,1012.9833
1690730103967,1012.99316
1690730104015,1012.99695
1690730104048,1012.99414
1690730104068,1012.9929
1690730104109,1012.99097
1690730104148,1012.99133
1690730104169,1012.99225
1690730104210,1012.9946
1690730104248,1012.9931
1690730104269,1012.98755
1690730104317,1012.9917
1690730104347,1012.9901
1690730104368,1012.983
1690730104407,1012.9833
1690730104447,1012.9881
1690730104468,1012.98846
1690730104509,1012.9874
1690730104548,1012.99207
1690730104568,1012.99677
1690730104612,1012.9979
1690730104647,1012.9972
1690730104668,1012.9918
1690730104709,1012.9819
1690730104746,1012.9768
1690730104767,1012.97766
1690730104810,1012.9824
1690730104847,1012.98004
1690730104867,1012.9784
1690730104910,1012.9865
1690730104948,1012.9918
1690730104967,1012.9847
1690730105020,1012.9939
1690730105047,1012.9916
1690730105068,1012.98755
1690730105108,1012.9974
1690730105147,1013.0014
1690730105167,1013.00476
1690730105210,1013.0021
1690730105248,1013.0003
1690730105268,1013.00006
1690730105307,1012.9933
1690730105347,1012.99524
1690730105368,1012.9982
1690730105407,1012.99695
1690730105447,1012.99054
1690730105468,1012.9945
1690730105509,1012.9973
1690730105547,1012.9925
1690730105567,1012.99005
1690730105608,1012.99005
1690730105648,1012.9866
1690730105668,1012.9962
1690730105707,1012.99854
1690730105748,1013.0035
1690730105768,1013.00195
1690730105808,1012.99194
1690730105850,1012.9837
1690730105866,1012.9859
1690730105907,1012.9793
1690730105946,1012.9737
1690730105967,1012.9775
1690730106008,1012.9842
1690730106046,1012.9905
1690730106067,1012.9961
1690730106107,1012.9906
1690730106149,1012.9987
1690730106166,1013.0005
1690730106207,1012.9938
1690730106249,1012.9972
1690730106267,1012.99475
1690730106308,1012.99634
1690730106346,1012.995
1690730106366,1012.9969
1690730106407,1012.9968
1690730106446,1012.9983
1690730106467,1013.00195
1690730106508,1013.0029
1690730106546,1013.0019
1690730106566,1012.99243
1690730106608,1012.9835
1690730106647,1012.9918
1690730106668,1013.00476
1690730106707,1012.99896
1690730106748,1012.98706
1690730106767,1012.9929
1690730106806,1012.9949
1690730106846,1013.00244
1690730106866,1012.9996
1690730106905,1013.00037
1690730106946,1013.0033
1690730106966,1013.0019
1690730107007,1013.00476
1690730107047,1013.0043
1690730107067,1012.99976
1690730107109,1013.0
1690730107146,1012.9973
1690730107169,1012.99994
1690730107207,1012.99493
1690730107246,1012.99756
1690730107267,1013.00854
1690730107306,1013.01404
1690730107347,1013.00635
1690730107368,1012.9987
1690730107406,1012.9977
1690730107446,1012.99286
1690730107466,1012.9945
1690730107515,1012.9929
1690730107546,1012.9804
1690730107568,1012.99084
1690730107607,1012.99756
1690730107646,1012.9868
1690730107666,1012.98785
1690730107707,1012.9846
1690730107747,1012.9879
1690730107765,1012.9998
1690730107806,1012.99115
1690730107846,1012.99426
1690730107867,1012.99286
1690730107907,1012.9889
1690730107946,1012.983
1690730107965,1012.9898
1690730108006,1012.9868
1690730108045,1012.9967
1690730108066,1013.0006
1690730108106,1013.0044
1690730108146,1012.9959
1690730108167,1012.9904
1690730108207,1012.9928
1690730108246,1012.99414
1690730108266,1012.9958
1690730108308,1012.9954
1690730108349,1012.9844
1690730108365,1012.9894
1690730108405,1012.9907
1690730108450,1012.9883
1690730108465,1012.9928
1690730108505,1012.99884
1690730108547,1012.9992
1690730108566,1013.00244
1690730108605,1012.9993
1690730108648,1012.9987
1690730108666,1012.9994
1690730108707,1012.98785
1690730108746,1012.9891
1690730108766,1012.9916
1690730108805,1012.9929
1690730108845,1012.9941
1690730108866,1012.9994
1690730108909,1012.9957
1690730108946,1012.99316
1690730108966,1012.99426
1690730109005,1012.98816
1690730109046,1012.9943
1690730109065,1012.9952
1690730109107,1012.9951
1690730109145,1012.9885
1690730109167,1012.9881
1690730109205,1012.99243
1690730109247,1012.994
1690730109269,1012.9897
1690730109308,1012.98346
1690730109346,1012.98267
1690730109366,1012.9899
1690730109408,1012.9894
1690730109444,1012.9883
1690730109464,1012.9847
1690730109507,1012.99744
1690730109545,1012.9932
1690730109566,1012.9905
1690730109605,1012.9822
1690730109645,1012.9876
1690730109665,1012.99133
1690730109708,1012.9864
1690730109747,1012.99554
1690730109765,1012.9911
1690730109805,1012.9942
1690730109845,1012.99634
1690730109866,1012.99963
1690730109905,1012.9983
1690730109944,1013.0079
1690730109964,1012.99994
1690730110010,1012.99493
1690730110044,1012.9921
1690730110067,1012.9823
1690730110105,1012.98895
1690730110146,1012.9751
1690730110164,1012.98486
1690730110205,1012.9883
1690730110247,1012.982
1690730110266,1012.98096
1690730110306,1012.9818
1690730110345,1012.9868
1690730110364,1012.9926
1690730110405,1012.99396
1690730110444,1012.9922
1690730110465,1012.9951
1690730110506,1012.9917
1690730110544,1012.9851
1690730110565,1012.9951
1690730110604,1013.0021
1690730110644,1013.0006
1690730110664,1013.0014
1690730110705,1012.99945
1690730110745,1013.00037
1690730110764,1013.0095
1690730110805,1013.01306
1690730110843,1013.00836
1690730110863,1013.0088
1690730110908,1012.99634
1690730110946,1013.00745
1690730110964,1013.01245
1690730111003,1013.0228
1690730111043,1013.02136
1690730111064,1013.0122
1690730111105,1013.0061
1690730111144,1013.00354
1690730111164,1012.9998
1690730111203,1012.99695
1690730111244,1012.99115
1690730111264,1013.00793
1690730111304,1013.0052
1690730111344,1013.0009
1690730111364,1012.9912
1690730111409,1012.9851
1690730111444,1012.99054
1690730111463,1012.9935
1690730111504,1012.9856
1690730111544,1012.9892
1690730111583,1013.0016
1690730111603,1013.0038
1690730111644,1013.0
1690730111663,1013.00116
1690730111704,1012.9944
1690730111744,1012.99084
1690730111765,1012.9896
1690730111804,1012.9999
1690730111844,1012.9928
1690730111864,1012.9942
1690730111904,1012.9991
1690730111943,1012.9965
1690730111964,1013.0028
1690730112007,1013.0102
1690730112043,1013.0023
1690730112065,1013.00085
1690730112104,1012.99023
1690730112144,1012.9906
1690730112164,1012.9889
1690730112203,1012.99817
1690730112244,1013.0
1690730112266,1012.9945
1690730112304,1012.9975
1690730112345,1012.99493
1690730112367,1012.99713
1690730112404,1012.9922
1690730112442,1012.9871
1690730112463,1012.9796
1690730112503,1012.9845
1690730112547,1012.9844
1690730112563,1012.97546
1690730112604,1012.9764
1690730112645,1012.97925
1690730112666,1012.9806
1690730112703,1012.9707
1690730112743,1012.96783
1690730112765,1012.9648
1690730112805,1012.95935
1690730112846,1012.96
1690730112864,1012.9631
1690730112903,1012.963
1690730112943,1012.95264
1690730112963,1012.9451
1690730113004,1012.94507
1690730113042,1012.9551
1690730113064,1012.9495
1690730113103,1012.9452
1690730113143,1012.95685
1690730113165,1012.96155
1690730113206,1012.95984
1690730113244,1012.9541
1690730113264,1012.9511
1690730113304,1012.9592
1690730113343,1012.9497
1690730113365,1012.9458
1690730113405,1012.94775
1690730113443,1012.95447
1690730113463,1012.96094
1690730113503,1012.9559
1690730113543,1012.9512
1690730113564,1012.9523
1690730113604,1012.94556
1690730113644,1012.9507
1690730113664,1012.9484
1690730113703,1012.95905
1690730113743,1012.9491
1690730113765,1012.94196
1690730113803,1012.95337
1690730113844,1012.9555
1690730113865,1012.94867
1690730113903,1012.94763
1690730113944,1012.9485
1690730113961,1012.9447
1690730114002,1012.94525
1690730114043,1012.94867
1690730114064,1012.9607
1690730114102,1012.95514
1690730114144,1012.956
1690730114163,1012.9596
1690730114204,1012.96173
1690730114244,1012.9545
1690730114262,1012.9613
1690730114302,1012.9595
1690730114344,1012.9498
1690730114362,1012.9505
1690730114402,1012.9564
1690730114442,1012.94763
1690730114461,1012.94775
1690730114503,1012.9463
1690730114542,1012.9504
1690730114562,1012.95404
1690730114603,1012.9524
1690730114644,1012.952
1690730114668,1012.94525
1690730114701,1012.93933
1690730114743,1012.94257
1690730114763,1012.9452
1690730114802,1012.94794
1690730114844,1012.94934
1690730114862,1012.9544
1690730114903,1012.9509
1690730114942,1012.9474
1690730114961,1012.9535
1690730115001,1012.9519
1690730115043,1012.9538
1690730115062,1012.954
1690730115102,1012.95264
1690730115143,1012.94904
1690730115164,1012.93884
1690730115203,1012.9314
1690730115244,1012.9395
1690730115262,1012.9379
1690730115302,1012.9313
1690730115344,1012.93445
1690730115364,1012.94336
1690730115403,1012.93085
1690730115442,1012.9287
1690730115460,1012.93414
1690730115501,1012.9348
1690730115541,1012.93805
1690730115560,1012.9343
1690730115604,1012.9294
1690730115642,1012.92896
1690730115662,1012.9348
1690730115702,1012.938
1690730115741,1012.94403
1690730115762,1012.9403
1690730115804,1012.9377
1690730115841,1012.9442
1690730115861,1012.94385
1690730115902,1012.9412
1690730115941,1012.9402
1690730115960,1012.93396
1690730116001,1012.93976
1690730116043,1012.94104
1690730116061,1012.942
1690730116101,1012.9481
1690730116142,1012.9603
1690730116161,1012.9616
1690730116203,1012.9579
1690730116242,1012.9657
1690730116262,1012.975
1690730116301,1012.9692
1690730116341,1012.96716
1690730116362,1012.9663
1690730116401,1012.96063
1690730116441,1012.9622
1690730116461,1012.96924
1690730116501,1012.97485
1690730116541,1012.97833
1690730116560,1012.98065
1690730116623,1012.98553
1690730116640,1012.98474
1690730116660,1012.9874
1690730116702,1012.9871
1690730116741,1012.9895
1690730116761,1012.994
1690730116803,1012.98895
1690730116843,1012.99097
1690730116862,1012.99756
1690730116900,1012.9915
1690730116946,1012.9973
1690730116960,1012.9946
1690730117002,1012.9969
1690730117047,1012.9977
1690730117061,1013.00635
1690730117101,1013.01733
1690730117146,1013.022
1690730117162,1013.01886
1690730117201,1013.0189
1690730117240,1013.0202
1690730117261,1013.02386
1690730117303,1013.03204
1690730117342,1013.0362
1690730117363,1013.0337
1690730117403,1013.0332
1690730117440,1013.0403
1690730117459,1013.04846
1690730117500,1013.0608
1690730117543,1013.0614
1690730117560,1013.06274
1690730117600,1013.06415
1690730117641,1013.0658
1690730117664,1013.06396
1690730117702,1013.0731
1690730117740,1013.0745
1690730117762,1013.0902
1690730117800,1013.0884
1690730117841,1013.09674
1690730117860,1013.10425
1690730117900,1013.1124
1690730117941,1013.1082
1690730117960,1013.1096
1690730118001,1013.10297
1690730118040,1013.10815
1690730118060,1013.1172
1690730118101,1013.1192
1690730118143,1013.11993
1690730118161,1013.1218
1690730118200,1013.1382
1690730118241,1013.1371
1690730118261,1013.1343
1690730118300,1013.148
1690730118344,1013.1517
1690730118361,1013.1477
1690730118400,1013.1564
1690730118439,1013.1667
1690730118479,1013.18115
1690730118499,1013.1785
1690730118542,1013.1792
1690730118560,1013.1729
1690730118600,1013.1804
1690730118640,1013.18945
1690730118681,1013.19727
1690730118700,1013.19574
1690730118741,1013.206
1690730118762,1013.20874
1690730118800,1013.2113
1690730118839,1013.20935
1690730118880,1013.21533
1690730118900,1013.2145
1690730118940,1013.2172
1690730118959,1013.22455
1690730119000,1013.2185
1690730119040,1013.228
1690730119079,1013.2324
1690730119100,1013.23376
1690730119141,1013.23926
1690730119160,1013.2532
1690730119199,1013.2534
1690730119242,1013.25385
1690730119279,1013.2615
1690730119300,1013.2657
1690730119341,1013.269
1690730119379,1013.2683
1690730119399,1013.2669
1690730119440,1013.27515
1690730119460,1013.2783
1690730119499,1013.27856
1690730119539,1013.2788
1690730119583,1013.2866
1690730119600,1013.2888
1690730119639,1013.30316
1690730119680,1013.2947
1690730119702,1013.2993
1690730119741,1013.292
1690730119780,1013.30054
1690730119802,1013.30194
1690730119840,1013.30725
1690730119879,1013.2997
1690730119901,1013.3006
1690730119940,1013.30554
1690730119979,1013.30774
1690730119999,1013.31445
1690730120040,1013.3152
1690730120079,1013.32623
1690730120099,1013.32837
1690730120140,1013.332
1690730120179,1013.3331
1690730120200,1013.3272
1690730120239,1013.3268
1690730120278,1013.3338
1690730120299,1013.34094
1690730120342,1013.344
1690730120379,1013.3367
1690730120399,1013.3296
1690730120440,1013.3351
1690730120478,1013.32983
1690730120499,1013.32947
1690730120538,1013.3295
1690730120578,1013.32666
1690730120600,1013.3327
1690730120639,1013.3355
1690730120680,1013.3366
1690730120699,1013.3374
1690730120739,1013.3338
1690730120780,1013.33795
1690730120799,1013.3397
1690730120839,1013.33997
1690730120880,1013.3364
1690730120900,1013.3317
1690730120942,1013.3325
1690730120978,1013.3406
1690730120999,1013.3457
1690730121041,1013.355
1690730121079,1013.3568
1690730121099,1013.3582
1690730121140,1013.35486
1690730121179,1013.35986
1690730121198,1013.36194
1690730121241,1013.35675
1690730121281,1013.35376
1690730121299,1013.34485
1690730121340,1013.3473
1690730121379,1013.3506
1690730121400,1013.34503
1690730121441,1013.349
1690730121477,1013.357
1690730121498,1013.3611
1690730121541,1013.3657
1690730121579,1013.37366
1690730121636,1013.3639
1690730121637,1013.3696
1690730121679,1013.3841
1690730121698,1013.37866
1690730121738,1013.38184
1690730121778,1013.3822
1690730121798,1013.38214
1690730121838,1013.3838
1690730121879,1013.38226
1690730121899,1013.3845
1690730121944,1013.38043
1690730121977,1013.38086
1690730121997,1013.3818
1690730122042,1013.381
1690730122078,1013.3822
1690730122101,1013.3865
1690730122144,1013.3905
1690730122178,1013.3908
1690730122200,1013.3983
1690730122237,1013.3939
1690730122280,1013.3965
1690730122298,1013.391
1690730122339,1013.38983
1690730122378,1013.39185
1690730122398,1013.39264
1690730122439,1013.3945
1690730122477,1013.39685
1690730122497,1013.39
1690730122544,1013.3852
1690730122582,1013.3928
1690730122597,1013.39044
1690730122638,1013.3962
1690730122678,1013.39136
1690730122699,1013.3875
1690730122740,1013.3815
1690730122778,1013.3967
1690730122799,1013.3917
1690730122838,1013.39246
1690730122881,1013.39197
1690730122898,1013.3916
1690730122938,1013.3916
1690730122978,1013.38464
1690730122997,1013.3861
1690730123038,1013.38965
1690730123078,1013.38904
1690730123098,1013.39404
1690730123137,1013.39026
1690730123178,1013.38965
1690730123198,1013.3886
1690730123237,1013.3827
1690730123278,1013.3889
1690730123297,1013.3894
1690730123337,1013.3893
1690730123377,1013.3853
1690730123397,1013.3893
1690730123440,1013.37897
1690730123477,1013.38257
1690730123498,1013.38226
1690730123539,1013.378
1690730123577,1013.3804
1690730123599,1013.3791
1690730123641,1013.3838
1690730123680,1013.38086
1690730123698,1013.39197
1690730123738,1013.3878
1690730123780,1013.38916
1690730123799,1013.38586
1690730123837,1013.3825
1690730123878,1013.3767
1690730123898,1013.3748
1690730123936,1013.38214
1690730123976,1013.3923
1690730123996,1013.39624
1690730124037,1013.3959
1690730124078,1013.39685
1690730124096,1013.39233
1690730124137,1013.40076
1690730124176,1013.3931
1690730124198,1013.3903
1690730124238,1013.3937
1690730124277,1013.39105
1690730124296,1013.4034
1690730124338,1013.40283
1690730124380,1013.39636
1690730124396,1013.38586
1690730124442,1013.37634
1690730124476,1013.37146
1690730124497,1013.3501
1690730124539,1013.3485
1690730124576,1013.34717
1690730124598,1013.3505
1690730124638,1013.3529
1690730124676,1013.3455
1690730124697,1013.3494
1690730124736,1013.34534
1690730124777,1013.343
1690730124797,1013.3395
1690730124837,1013.3373
1690730124877,1013.3365
1690730124896,1013.32733
1690730124937,1013.32837
1690730124976,1013.3242
1690730124996,1013.3274
1690730125039,1013.326
1690730125077,1013.3306
1690730125097,1013.32935
1690730125136,1013.3244
1690730125178,1013.3226
1690730125199,1013.3207
1690730125236,1013.3176
1690730125277,1013.31903
1690730125298,1013.31586
1690730125336,1013.3126
1690730125377,1013.3139
1690730125398,1013.3134
1690730125438,1013.30646
1690730125476,1013.3042
1690730125496,1013.3041
1690730125537,1013.30664
1690730125576,1013.3093
1690730125596,1013.3076
1690730125637,1013.30444
1690730125677,1013.31134
1690730125696,1013.31055
1690730125736,1013.3108
1690730125778,1013.30804
1690730125798,1013.3053
1690730125836,1013.30865
1690730125875,1013.31256
1690730125896,1013.3001
1690730125937,1013.30286
1690730125975,1013.30457
1690730125995,1013.30084
1690730126037,1013.2877
1690730126076,1013.28577
1690730126094,1013.2888
1690730126134,1013.29645
1690730126174,1013.3071
