1690730494112,1011.5747
1690730494133,1011.5977
1690730494173,1011.6026
1690730494212,1011.6037
1690730494233,1011.60156
1690730494272,1011.6084
1690730494312,1011.6057
1690730494334,1011.6072
1690730494372,1011.61
1690730494412,1011.6134
1690730494432,1011.6124
1690730494474,1011.6082
1690730494513,1011.61304
1690730494535,1011.61475
1690730494574,1011.6138
1690730494614,1011.61316
1690730494634,1011.60596
1690730494674,1011.6056
1690730494713,1011.6027
1690730494736,1011.5973
1690730494774,1011.5961
1690730494814,1011.59863
1690730494834,1011.5995
1690730494875,1011.59814
1690730494914,1011.5963
1690730494934,1011.5894
1690730494974,1011.5903
1690730495016,1011.58606
1690730495033,1011.5807
1690730495074,1011.5764
1690730495114,1011.57434
1690730495134,1011.58264
1690730495173,1011.58044
1690730495212,1011.58307
1690730495233,1011.5814
1690730495272,1011.57996
1690730495313,1011.5753
1690730495334,1011.58203
1690730495374,1011.58435
1690730495413,1011.5823
1690730495435,1011.58246
1690730495476,1011.58124
1690730495514,1011.58264
1690730495534,1011.5934
1690730495573,1011.5885
1690730495615,1011.5908
1690730495636,1011.5837
1690730495673,1011.59204
1690730495713,1011.5956
1690730495733,1011.5909
1690730495773,1011.59753
1690730495813,1011.59534
1690730495833,1011.5965
1690730495874,1011.6
1690730495914,1011.5977
1690730495933,1011.6047
1690730495974,1011.6052
1690730496014,1011.60345
1690730496035,1011.5956
1690730496074,1011.59344
1690730496112,1011.59485
1690730496133,1011.593
1690730496172,1011.5945
1690730496212,1011.5975
1690730496231,1011.6017
1690730496273,1011.59827
1690730496312,1011.59973
1690730496332,1011.601
1690730496373,1011.5958
1690730496412,1011.5909
1690730496432,1011.5912
1690730496472,1011.5905
1690730496513,1011.5824
1690730496532,1011.5889
1690730496574,1011.595
1690730496612,1011.60516
1690730496633,1011.59595
1690730496672,1011.6069
1690730496712,1011.6068
1690730496731,1011.6102
1690730496772,1011.634
1690730496812,1011.6254
1690730496833,1011.605
1690730496874,1011.61096
1690730496913,1011.6141
1690730496933,1011.6162
1690730496972,1011.6144
1690730497012,1011.626
1690730497032,1011.63135
1690730497076,1011.6315
1690730497111,1011.6282
1690730497132,1011.6324
1690730497173,1011.63324
1690730497213,1011.6256
1690730497231,1011.6239
1690730497272,1011.6218
1690730497312,1011.62146
1690730497331,1011.6277
1690730497374,1011.6273
1690730497413,1011.61615
1690730497436,1011.61914
1690730497471,1011.6142
1690730497515,1011.618
1690730497534,1011.6172
1690730497572,1011.61694
1690730497612,1011.6226
1690730497632,1011.62805
1690730497672,1011.6352
1690730497712,1011.6498
1690730497730,1011.66766
1690730497771,1011.65906
1690730497813,1011.64404
1690730497832,1011.6376
1690730497871,1011.63544
1690730497912,1011.6389
1690730497932,1011.63385
1690730497971,1011.62976
1690730498013,1011.6333
1690730498032,1011.6391
1690730498071,1011.6398
1690730498111,1011.63696
1690730498132,1011.63464
1690730498171,1011.64685
1690730498213,1011.65216
1690730498230,1011.6555
1690730498271,1011.6523
1690730498310,1011.6508
1690730498331,1011.6485
1690730498372,1011.65686
1690730498414,1011.6584
1690730498431,1011.6614
1690730498471,1011.6714
1690730498511,1011.67944
1690730498533,1011.68506
1690730498571,1011.67706
1690730498611,1011.66296
1690730498632,1011.672
1690730498670,1011.6775
1690730498712,1011.66437
1690730498730,1011.6649
1690730498770,1011.6677
1690730498813,1011.67065
1690730498830,1011.6787
1690730498870,1011.684
1690730498911,1011.6875
1690730498932,1011.68884
1690730498972,1011.6804
1690730499012,1011.6732
1690730499030,1011.67535
1690730499069,1011.6784
1690730499111,1011.68115
1690730499133,1011.691
1690730499171,1011.6881
1690730499212,1011.6909
1690730499230,1011.6981
1690730499270,1011.69867
1690730499310,1011.7027
1690730499330,1011.712
1690730499372,1011.70245
1690730499411,1011.69824
1690730499430,1011.69775
1690730499474,1011.7006
1690730499512,1011.7022
1690730499530,1011.70526
1690730499572,1011.707
1690730499612,1011.6977
1690730499630,1011.6951
1690730499670,1011.69604
1690730499711,1011.7075
1690730499730,1011.708
1690730499770,1011.71075
1690730499810,1011.7238
1690730499830,1011.72314
1690730499871,1011.7223
1690730499916,1011.72064
1690730499932,1011.7217
1690730499972,1011.72144
1690730500014,1011.719
1690730500030,1011.7124
1690730500071,1011.7141
1690730500111,1011.7198
1690730500131,1011.72034
1690730500172,1011.71967
1690730500212,1011.71466
1690730500229,1011.7233
1690730500269,1011.72107
1690730500313,1011.7184
1690730500330,1011.71954
1690730500372,1011.7269
1690730500410,1011.72705
1690730500431,1011.7268
1690730500469,1011.7332
1690730500509,1011.7273
1690730500532,1011.73114
1690730500571,1011.73627
1690730500612,1011.72284
1690730500630,1011.7185
1690730500670,1011.7155
1690730500710,1011.71985
1690730500729,1011.7117
1690730500769,1011.7241
1690730500810,1011.73425
1690730500829,1011.72363
1690730500871,1011.7235
1690730500909,1011.73694
1690730500931,1011.74884
1690730500971,1011.7441
1690730501010,1011.75073
1690730501031,1011.76355
1690730501073,1011.748
1690730501112,1011.7381
1690730501130,1011.7381
1690730501169,1011.7414
1690730501209,1011.7454
1690730501231,1011.74713
1690730501269,1011.74194
1690730501309,1011.7513
1690730501329,1011.7513
1690730501370,1011.75464
1690730501410,1011.74915
1690730501430,1011.74817
1690730501472,1011.7497
1690730501510,1011.74615
1690730501530,1011.7468
1690730501569,1011.74194
1690730501610,1011.74207
1690730501630,1011.7626
1690730501670,1011.7655
1690730501720,1011.77716
1690730501729,1011.771
1690730501769,1011.77496
1690730501810,1011.77734
1690730501829,1011.7675
1690730501870,1011.7669
1690730501910,1011.7726
1690730501931,1011.7741
1690730501970,1011.77295
1690730502008,1011.7828
1690730502029,1011.7778
1690730502069,1011.7758
1690730502109,1011.7885
1690730502128,1011.79065
1690730502170,1011.7906
1690730502211,1011.7874
1690730502229,1011.78577
1690730502269,1011.78687
1690730502312,1011.79193
1690730502328,1011.7877
1690730502370,1011.78674
1690730502409,1011.78436
1690730502428,1011.7851
1690730502469,1011.79346
1690730502510,1011.7916
1690730502530,1011.8048
1690730502570,1011.80334
1690730502608,1011.7983
1690730502630,1011.79407
1690730502670,1011.78326
1690730502712,1011.78485
1690730502729,1011.78613
1690730502768,1011.7992
1690730502815,1011.7985
1690730502829,1011.798
1690730502873,1011.7931
1690730502910,1011.796
1690730502932,1011.7976
1690730502969,1011.8045
1690730503008,1011.8036
1690730503029,1011.7999
1690730503071,1011.80365
1690730503108,1011.80646
1690730503129,1011.8003
1690730503168,1011.8051
1690730503212,1011.81726
1690730503228,1011.82153
1690730503268,1011.82074
1690730503314,1011.8178
1690730503328,1011.8235
1690730503371,1011.82495
1690730503411,1011.82874
1690730503428,1011.8196
1690730503469,1011.8165
1690730503511,1011.8196
1690730503529,1011.8259
1690730503569,1011.82825
1690730503610,1011.8229
1690730503632,1011.823
1690730503669,1011.82715
1690730503710,1011.83374
1690730503731,1011.8336
1690730503768,1011.81824
1690730503810,1011.8165
1690730503829,1011.8208
1690730503869,1011.8198
1690730503909,1011.82227
1690730503929,1011.8319
1690730503969,1011.83704
1690730504008,1011.8401
1690730504030,1011.8387
1690730504067,1011.8323
1690730504108,1011.82806
1690730504127,1011.8236
1690730504169,1011.82336
1690730504211,1011.82886
1690730504229,1011.83435
1690730504269,1011.83215
1690730504312,1011.82666
1690730504328,1011.82825
1690730504368,1011.8268
1690730504408,1011.83545
1690730504428,1011.8291
1690730504468,1011.8308
1690730504510,1011.8249
1690730504528,1011.8205
1690730504568,1011.81445
1690730504609,1011.81665
1690730504628,1011.8155
1690730504668,1011.8218
1690730504708,1011.8175
1690730504729,1011.8196
1690730504767,1011.8145
1690730504813,1011.81775
1690730504828,1011.8237
1690730504869,1011.82654
1690730504908,1011.82996
1690730504928,1011.83856
1690730504968,1011.84436
1690730505008,1011.8353
1690730505028,1011.8396
1690730505068,1011.8444
1690730505108,1011.8528
1690730505127,1011.83386
1690730505167,1011.819
1690730505214,1011.82886
1690730505228,1011.8348
1690730505267,1011.83276
1690730505308,1011.8247
1690730505332,1011.8269
1690730505367,1011.8258
1690730505409,1011.83154
1690730505429,1011.8383
1690730505468,1011.84155
1690730505508,1011.8529
1690730505532,1011.8444
1690730505568,1011.85266
1690730505612,1011.8579
1690730505633,1011.856
1690730505667,1011.8458
1690730505708,1011.84814
1690730505727,1011.84766
1690730505767,1011.84534
1690730505807,1011.84204
1690730505826,1011.8438
1690730505868,1011.8574
1690730505908,1011.86615
1690730505926,1011.86945
1690730505968,1011.8755
1690730506008,1011.87946
1690730506027,1011.8716
1690730506069,1011.8591
1690730506108,1011.85645
1690730506128,1011.8674
1690730506167,1011.857
1690730506207,1011.8454
1690730506227,1011.8487
1690730506268,1011.8468
1690730506307,1011.85406
1690730506329,1011.8544
1690730506366,1011.853
1690730506407,1011.8531
1690730506428,1011.8625
1690730506467,1011.86523
1690730506507,1011.86957
1690730506528,1011.8659
1690730506568,1011.8612
1690730506606,1011.8615
1690730506628,1011.8633
1690730506667,1011.8638
1690730506706,1011.8605
1690730506727,1011.86646
1690730506765,1011.8711
1690730506806,1011.87933
1690730506828,1011.88245
1690730506866,1011.8807
1690730506907,1011.8826
1690730506926,1011.8876
1690730506967,1011.9084
1690730507007,1011.8993
1690730507026,1011.88074
1690730507065,1011.87714
1690730507106,1011.88074
1690730507129,1011.8821
1690730507168,1011.8896
1690730507207,1011.8977
1690730507227,1011.89264
1690730507266,1011.88513
1690730507306,1011.8817
1690730507326,1011.8769
1690730507366,1011.8689
1690730507407,1011.8841
1690730507427,1011.8919
1690730507467,1011.88403
1690730507506,1011.8898
1690730507526,1011.89636
1690730507567,1011.89496
1690730507607,1011.8988
1690730507627,1011.90027
1690730507667,1011.90515
1690730507707,1011.9005
1690730507728,1011.9057
1690730507765,1011.89453
1690730507806,1011.8949
1690730507827,1011.9174
1690730507866,1011.9115
1690730507906,1011.89966
1690730507929,1011.8955
1690730507967,1011.8965
1690730508006,1011.90204
1690730508026,1011.9064
1690730508067,1011.90845
1690730508108,1011.90875
1690730508127,1011.9129
1690730508166,1011.91284
1690730508206,1011.91406
1690730508226,1011.9199
1690730508266,1011.91266
1690730508305,1011.9079
1690730508330,1011.911
1690730508368,1011.9162
1690730508405,1011.9184
1690730508425,1011.9243
1690730508466,1011.927
1690730508507,1011.9297
1690730508527,1011.92017
1690730508569,1011.9145
1690730508605,1011.91766
1690730508625,1011.91907
1690730508666,1011.92993
1690730508706,1011.9353
1690730508726,1011.92786
1690730508765,1011.9223
1690730508806,1011.9174
1690730508826,1011.91516
1690730508868,1011.9122
1690730508905,1011.9093
1690730508926,1011.9153
1690730508966,1011.9182
1690730509005,1011.9324
1690730509025,1011.9377
1690730509065,1011.93506
1690730509104,1011.9358
1690730509125,1011.93463
1690730509166,1011.94604
1690730509206,1011.9531
1690730509226,1011.94165
1690730509264,1011.9268
1690730509305,1011.9255
1690730509325,1011.9302
1690730509366,1011.93317
1690730509406,1011.9355
1690730509425,1011.93884
1690730509466,1011.9438
1690730509506,1011.9376
1690730509525,1011.94556
1690730509564,1011.9505
1690730509605,1011.9463
1690730509624,1011.95245
1690730509665,1011.9536
1690730509705,1011.9498
1690730509727,1011.9402
1690730509764,1011.94006
1690730509805,1011.93964
1690730509825,1011.9467
1690730509866,1011.9375
1690730509905,1011.9302
1690730509926,1011.93713
1690730509965,1011.942
1690730510004,1011.9426
1690730510024,1011.9368
1690730510064,1011.9345
1690730510104,1011.93396
1690730510125,1011.93396
1690730510164,1011.9373
1690730510204,1011.93463
1690730510225,1011.9328
1690730510264,1011.9336
1690730510304,1011.93134
1690730510329,1011.93634
1690730510364,1011.93823
1690730510404,1011.9385
1690730510424,1011.94855
1690730510464,1011.95374
1690730510506,1011.9511
1690730510525,1011.95306
1690730510566,1011.9495
1690730510604,1011.9651
1690730510623,1011.9779
1690730510664,1011.9681
1690730510705,1011.9443
1690730510731,1011.94336
1690730510763,1011.9471
1690730510804,1011.9437
1690730510824,1011.93524
1690730510867,1011.9428
1690730510904,1011.937
1690730510924,1011.93726
1690730510966,1011.94055
1690730511006,1011.938
1690730511024,1011.9542
1690730511068,1011.95044
1690730511105,1011.9588
1690730511125,1011.9587
1690730511164,1011.95404
1690730511205,1011.9493
1690730511224,1011.94196
1690730511265,1011.9392
1690730511303,1011.9339
1690730511324,1011.9357
1690730511364,1011.93964
1690730511406,1011.952
1690730511424,1011.95557
1690730511465,1011.96344
1690730511505,1011.9729
1690730511524,1011.9829
1690730511564,1011.95703
1690730511605,1011.9514
1690730511623,1011.96796
1690730511664,1011.9747
1690730511706,1011.95795
1690730511724,1011.9568
1690730511765,1011.9645
1690730511804,1011.97595
1690730511824,1011.97516
1690730511865,1011.9728
1690730511905,1011.96954
1690730511925,1011.96606
1690730511965,1011.96045
1690730512004,1011.9615
1690730512024,1011.9578
1690730512064,1011.9629
1690730512107,1011.9519
1690730512124,1011.9519
1690730512164,1011.9577
1690730512205,1011.9668
1690730512224,1011.96155
1690730512267,1011.95966
1690730512303,1011.9517
1690730512324,1011.95917
1690730512363,1011.9632
1690730512404,1011.9593
1690730512427,1011.96295
1690730512464,1011.9649
1690730512508,1011.9665
1690730512524,1011.9696
1690730512564,1011.9838
1690730512604,1011.9921
1690730512626,1011.99524
1690730512664,1011.98145
1690730512703,1011.9795
1690730512724,1011.98
1690730512765,1011.984
1690730512803,1011.9912
1690730512823,1011.99
1690730512863,1011.9813
1690730512907,1011.9808
1690730512923,1011.9708
1690730512964,1011.97906
1690730513004,1011.9776
1690730513026,1011.97925
1690730513064,1011.96515
1690730513106,1011.97034
1690730513123,1011.97394
1690730513164,1011.98334
1690730513205,1011.98334
1690730513223,1011.98096
1690730513262,1011.9789
1690730513303,1011.9852
1690730513323,1011.99225
1690730513363,1011.99115
1690730513403,1012.00354
1690730513424,1012.0109
1690730513468,1012.00867
1690730513505,1012.0087
1690730513523,1012.0056
1690730513565,1012.00256
1690730513605,1011.99866
1690730513623,1011.99396
1690730513663,1011.9939
1690730513707,1011.9934
1690730513723,1011.9907
1690730513762,1011.9925
1690730513802,1011.9931
1690730513826,1011.996
1690730513863,1011.9995
1690730513905,1011.9931
1690730513922,1012.0108
1690730513963,1012.0111
1690730514003,1012.0062
1690730514025,1012.0095
1690730514064,1012.0106
1690730514102,1012.02356
1690730514122,1012.0259
1690730514165,1012.01514
1690730514203,1012.01447
1690730514222,1012.029
1690730514263,1012.0261
1690730514307,1012.02136
1690730514321,1012.01855
1690730514363,1012.0179
1690730514406,1012.011
1690730514423,1012.0071
1690730514465,1012.0111
1690730514502,1012.0108
1690730514523,1012.01825
1690730514564,1012.02
1690730514602,1012.02
1690730514623,1012.02686
1690730514662,1012.02893
1690730514704,1012.02435
1690730514724,1012.03125
1690730514763,1012.0357
1690730514802,1012.0287
1690730514821,1012.02295
1690730514863,1012.0379
1690730514903,1012.0421
1690730514944,1012.03076
1690730514963,1012.03546
1690730515005,1012.02893
1690730515046,1012.0325
1690730515065,1012.0339
1690730515101,1012.04584
1690730515143,1012.04346
1690730515163,1012.0357
1690730515204,1012.02795
1690730515247,1012.03564
1690730515262,1012.043
1690730515303,1012.041
1690730515342,1012.04486
1690730515363,1012.04193
1690730515402,1012.04926
1690730515445,1012.0454
1690730515462,1012.0484
1690730515502,1012.0453
1690730515543,1012.05396
1690730515562,1012.05396
1690730515605,1012.054
1690730515642,1012.0496
1690730515662,1012.0547
1690730515701,1012.048
1690730515745,1012.0503
1690730515760,1012.0522
1690730515801,1012.04443
1690730515821,1012.0488
1690730515862,1012.03723
1690730515904,1012.03503
1690730515943,1012.03357
1690730515961,1012.04974
1690730516002,1012.0541
1690730516042,1012.0554
1690730516062,1012.0526
1690730516102,1012.04944
1690730516142,1012.056
1690730516162,1012.052
1690730516203,1012.04956
1690730516245,1012.06146
1690730516262,1012.05524
1690730516301,1012.05255
1690730516348,1012.0556
1690730516360,1012.0481
1690730516404,1012.0541
1690730516441,1012.04614
1690730516461,1012.05206
1690730516502,1012.0497
1690730516542,1012.0516
1690730516562,1012.0506
1690730516604,1012.0536
1690730516642,1012.0624
1690730516662,1012.0717
1690730516704,1012.07025
1690730516749,1012.08673
1690730516760,1012.0735
1690730516802,1012.05927
1690730516848,1012.064
1690730516861,1012.0722
1690730516901,1012.0719
1690730516941,1012.0671
1690730516961,1012.0638
1690730517002,1012.0641
1690730517041,1012.0783
1690730517061,1012.08154
1690730517101,1012.0738
1690730517143,1012.08887
1690730517161,1012.0825
1690730517201,1012.083
1690730517242,1012.0876
1690730517260,1012.0853
1690730517300,1012.0797
1690730517340,1012.0777
1690730517361,1012.08386
1690730517401,1012.0859
1690730517441,1012.0846
1690730517462,1012.084
1690730517501,1012.0792
1690730517540,1012.0781
1690730517562,1012.07904
1690730517601,1012.0744
1690730517640,1012.0852
1690730517661,1012.08905
1690730517702,1012.0848
1690730517744,1012.0865
1690730517762,1012.10815
1690730517800,1012.09906
1690730517841,1012.08716
1690730517860,1012.0858
1690730517901,1012.09235
1690730517943,1012.0973
1690730517961,1012.0923
1690730518001,1012.0918
1690730518040,1012.0902
1690730518061,1012.09436
1690730518102,1012.1028
1690730518141,1012.10364
1690730518162,1012.10095
1690730518201,1012.10034
1690730518239,1012.09735
1690730518259,1012.10504
1690730518300,1012.1042
1690730518356,1012.09424
1690730518361,1012.09076
1690730518400,1012.08185
1690730518440,1012.08826
1690730518460,1012.0935
1690730518501,1012.09827
1690730518541,1012.0979
1690730518560,1012.0896
1690730518600,1012.0861
1690730518641,1012.0884
1690730518663,1012.0929
1690730518700,1012.09753
1690730518740,1012.09546
1690730518760,1012.11554
1690730518801,1012.12335
1690730518840,1012.1124
1690730518862,1012.0931
1690730518902,1012.09
1690730518940,1012.0865
1690730518962,1012.0947
1690730519000,1012.0967
1690730519040,1012.10706
1690730519059,1012.10913
1690730519099,1012.1138
1690730519141,1012.1072
1690730519160,1012.1029
1690730519200,1012.1093
1690730519240,1012.10986
1690730519259,1012.11316
1690730519299,1012.10767
1690730519342,1012.1084
1690730519360,1012.11584
1690730519399,1012.11926
1690730519439,1012.1221
1690730519460,1012.1282
1690730519500,1012.1306
1690730519540,1012.1172
1690730519561,1012.1124
1690730519599,1012.1117
1690730519639,1012.1072
1690730519660,1012.09814
1690730519700,1012.0986
1690730519740,1012.10583
1690730519759,1012.11804
1690730519799,1012.1143
1690730519842,1012.11523
1690730519860,1012.12244
1690730519899,1012.1294
1690730519940,1012.131
1690730519961,1012.1326
1690730519999,1012.11926
1690730520039,1012.1083
1690730520058,1012.1123
1690730520098,1012.1173
1690730520139,1012.1269
1690730520160,1012.1273
1690730520199,1012.13354
1690730520240,1012.1361
1690730520259,1012.13043
1690730520300,1012.13086
1690730520341,1012.13513
1690730520361,1012.1263
1690730520400,1012.125
1690730520439,1012.1253
1690730520460,1012.1116
1690730520500,1012.11475
1690730520540,1012.1207
1690730520559,1012.1256
1690730520599,1012.1207
1690730520642,1012.1159
1690730520659,1012.1299
1690730520701,1012.1383
1690730520739,1012.13367
1690730520759,1012.1295
1690730520798,1012.13574
1690730520839,1012.1393
1690730520860,1012.14417
1690730520900,1012.1487
1690730520939,1012.14905
1690730520960,1012.13007
1690730521000,1012.1255
1690730521040,1012.13116
1690730521059,1012.1355
1690730521100,1012.1388
1690730521140,1012.1406
1690730521160,1012.1411
1690730521198,1012.1411
1690730521241,1012.1311
1690730521260,1012.132
1690730521297,1012.1425
1690730521339,1012.14606
1690730521359,1012.1477
1690730521398,1012.1449
1690730521439,1012.1484
1690730521458,1012.1613
1690730521500,1012.16705
1690730521539,1012.1543
1690730521558,1012.1483
1690730521599,1012.1401
1690730521640,1012.1355
1690730521658,1012.1483
1690730521700,1012.16034
1690730521744,1012.1566
1690730521758,1012.15393
1690730521797,1012.1506
1690730521838,1012.1367
1690730521858,1012.14453
1690730521899,1012.14984
1690730521940,1012.15405
1690730521959,1012.154
1690730521999,1012.152
1690730522038,1012.15826
1690730522060,1012.1571
1690730522098,1012.1626
1690730522139,1012.16925
1690730522159,1012.1616
1690730522199,1012.16315
1690730522238,1012.1765
1690730522259,1012.1837
1690730522297,1012.1747
1690730522337,1012.16693
1690730522359,1012.1732
1690730522398,1012.18274
1690730522439,1012.19354
1690730522461,1012.20435
1690730522501,1012.2048
1690730522537,1012.17706
1690730522561,1012.17346
1690730522599,1012.17334
1690730522637,1012.18066
1690730522658,1012.18066
1690730522698,1012.1853
1690730522738,1012.1826
1690730522758,1012.18726
1690730522797,1012.19147
1690730522837,1012.19354
1690730522857,1012.1896
1690730522897,1012.18445
1690730522937,1012.1736
1690730522957,1012.17584
1690730522998,1012.178
1690730523039,1012.1772
1690730523058,1012.17096
1690730523098,1012.1748
1690730523137,1012.185
1690730523157,1012.1981
1690730523198,1012.2108
1690730523238,1012.2103
1690730523262,1012.1992
1690730523297,1012.1925
1690730523338,1012.1892
1690730523359,1012.1913
1690730523397,1012.1944
1690730523439,1012.20447
1690730523459,1012.2013
1690730523500,1012.1992
1690730523538,1012.1945
1690730523559,1012.1968
1690730523599,1012.1999
1690730523637,1012.19904
1690730523660,1012.1985
1690730523697,1012.20416
1690730523738,1012.2098
1690730523759,1012.20703
1690730523796,1012.21375
1690730523836,1012.21216
1690730523858,1012.2162
1690730523898,1012.21967
1690730523939,1012.21484
1690730523956,1012.2029
1690730523997,1012.19885
1690730524038,1012.2043
1690730524059,1012.20935
1690730524099,1012.2094
1690730524137,1012.20605
1690730524157,1012.2048
1690730524198,1012.2057
1690730524238,1012.2031
1690730524258,1012.2073
1690730524296,1012.2022
1690730524337,1012.20135
1690730524359,1012.2074
1690730524397,1012.20544
1690730524438,1012.20264
1690730524456,1012.2092
1690730524497,1012.2045
1690730524537,1012.20526
1690730524556,1012.214
1690730524601,1012.21655
1690730524637,1012.2169
1690730524658,1012.21954
1690730524697,1012.2162
1690730524737,1012.21497
1690730524757,1012.2216
1690730524795,1012.2207
1690730524837,1012.22797
1690730524862,1012.23035
1690730524896,1012.2451
1690730524938,1012.2506
1690730524958,1012.2375
1690730524999,1012.2227
1690730525037,1012.2223
1690730525057,1012.2283
1690730525097,1012.22906
1690730525139,1012.23706
1690730525156,1012.2305
1690730525198,1012.22437
1690730525237,1012.2227
1690730525258,1012.22516
1690730525295,1012.2323
1690730525336,1012.23096
1690730525356,1012.2399
1690730525397,1012.24255
1690730525438,1012.23975
1690730525458,1012.23303
1690730525495,1012.2289
1690730525537,1012.2259
1690730525558,1012.2265
1690730525599,1012.23157
1690730525638,1012.23486
1690730525655,1012.2383
1690730525697,1012.2394
1690730525736,1012.2456
1690730525764,1012.24115
1690730525796,1012.2479
1690730525835,1012.24945
1690730525856,1012.26807
1690730525896,1012.2794
1690730525936,1012.2611
1690730525957,1012.24976
1690730525998,1012.24243
1690730526036,1012.24475
1690730526057,1012.25476
1690730526097,1012.2554
1690730526137,1012.2497
1690730526155,1012.2552
1690730526197,1012.25104
1690730526236,1012.25745
1690730526257,1012.2664
1690730526297,1012.2704
1690730526335,1012.2614
1690730526355,1012.2566
1690730526397,1012.2437
1690730526437,1012.2517
1690730526455,1012.25214
1690730526497,1012.25885
1690730526537,1012.2604
1690730526556,1012.2556
1690730526597,1012.26025
1690730526635,1012.2644
1690730526657,1012.2645
1690730526697,1012.26935
1690730526737,1012.2794
1690730526755,1012.29224
1690730526795,1012.28784
1690730526835,1012.26556
1690730526856,1012.25854
1690730526896,1012.2561
1690730526935,1012.25885
1690730526956,1012.26
1690730526997,1012.2554
1690730527035,1012.2738
1690730527056,1012.2773
1690730527097,1012.2865
1690730527137,1012.2882
1690730527158,1012.27545
1690730527196,1012.269
1690730527236,1012.27515
1690730527256,1012.27637
1690730527294,1012.2811
1690730527335,1012.283
1690730527354,1012.2857
1690730527395,1012.2866
1690730527438,1012.29724
1690730527456,1012.3019
1690730527495,1012.30334
1690730527535,1012.30676
1690730527555,1012.3053
1690730527596,1012.3063
1690730527635,1012.31
1690730527656,1012.3075
1690730527695,1012.30176
1690730527737,1012.2936
1690730527758,1012.291
1690730527796,1012.2988
1690730527835,1012.3085
1690730527855,1012.3136
1690730527897,1012.31134
1690730527935,1012.3153
1690730527956,1012.3172
1690730527994,1012.3137
1690730528035,1012.31555
1690730528055,1012.3142
1690730528097,1012.312
1690730528137,1012.3213
1690730528154,1012.3204
1690730528195,1012.3249
1690730528234,1012.3269
1690730528255,1012.32385
1690730528294,1012.3268
1690730528334,1012.32495
1690730528357,1012.3265
1690730528396,1012.3324
1690730528435,1012.33984
1690730528454,1012.3583
1690730528494,1012.35645
1690730528535,1012.3531
1690730528556,1012.35
1690730528595,1012.33105
1690730528640,1012.334
1690730528655,1012.34344
1690730528694,1012.34717
1690730528743,1012.3622
1690730528755,1012.36615
1690730528798,1012.3571
1690730528834,1012.35596
1690730528854,1012.3661
1690730528896,1012.36346
1690730528934,1012.36224
1690730528955,1012.3632
1690730528994,1012.3627
1690730529036,1012.36774
1690730529057,1012.3661
1690730529095,1012.36755
1690730529134,1012.3723
1690730529154,1012.38495
1690730529194,1012.3822
1690730529236,1012.38965
1690730529255,1012.3897
1690730529295,1012.40356
1690730529334,1012.4122
1690730529354,1012.391
1690730529395,1012.3772
1690730529435,1012.3812
1690730529456,1012.3887
1690730529496,1012.3909
1690730529536,1012.3946
1690730529554,1012.39624
1690730529595,1012.3896
1690730529634,1012.38727
1690730529656,1012.388
1690730529696,1012.39215
1690730529735,1012.4004
1690730529754,1012.4044
1690730529795,1012.402
1690730529833,1012.3937
1690730529854,1012.3964
1690730529896,1012.39435
1690730529934,1012.3956
1690730529954,1012.3995
1690730529994,1012.3921
1690730530035,1012.3934
1690730530054,1012.38983
1690730530094,1012.39343
1690730530135,1012.3988
1690730530156,1012.3985
1690730530194,1012.39923
1690730530235,1012.4027
1690730530256,1012.40985
1690730530296,1012.40546
1690730530333,1012.40173
1690730530355,1012.4116
1690730530394,1012.412
1690730530435,1012.4048
1690730530453,1012.4004
1690730530494,1012.4001
1690730530534,1012.4059
1690730530554,1012.4099
1690730530596,1012.41455
1690730530633,1012.41016
1690730530653,1012.42096
1690730530694,1012.4346
1690730530733,1012.43335
1690730530753,1012.4135
1690730530800,1012.4083
1690730530834,1012.4109
1690730530853,1012.42224
1690730530900,1012.41895
1690730530933,1012.4152
1690730530953,1012.42236
1690730530996,1012.4282
1690730531037,1012.42426
1690730531054,1012.41547
1690730531094,1012.41907
1690730531134,1012.4237
1690730531154,1012.42194
1690730531193,1012.41895
1690730531235,1012.41785
1690730531254,1012.42065
1690730531297,1012.4278
1690730531333,1012.43604
1690730531353,1012.4275
1690730531393,1012.426
1690730531434,1012.4219
1690730531455,1012.412
1690730531494,1012.42303
1690730531535,1012.42316
1690730531555,1012.42017
1690730531594,1012.4162
1690730531634,1012.4221
1690730531653,1012.41724
1690730531694,1012.4197
1690730531733,1012.4307
1690730531753,1012.4329
1690730531796,1012.4269
1690730531833,1012.42725
1690730531853,1012.4394
1690730531895,1012.4529
1690730531933,1012.45154
1690730531953,1012.43994
1690730531994,1012.42944
1690730532033,1012.42334
1690730532053,1012.4295
1690730532093,1012.4336
1690730532134,1012.4281
1690730532154,1012.42975
1690730532194,1012.4355
1690730532234,1012.4391
1690730532255,1012.443
1690730532292,1012.4339
1690730532332,1012.43756
1690730532352,1012.4473
1690730532393,1012.4424
1690730532434,1012.4488
1690730532453,1012.45337
1690730532493,1012.44226
1690730532534,1012.4368
1690730532553,1012.4423
1690730532593,1012.4493
1690730532633,1012.4461
1690730532654,1012.4536
1690730532692,1012.457
1690730532732,1012.45703
1690730532754,1012.45874
1690730532791,1012.46313
1690730532832,1012.47363
1690730532853,1012.4793
1690730532892,1012.4611
1690730532933,1012.46
1690730532954,1012.4701
1690730532993,1012.47656
1690730533032,1012.46643
1690730533053,1012.4585
1690730533091,1012.453
1690730533133,1012.4511
1690730533152,1012.45184
1690730533192,1012.45544
1690730533235,1012.4571
1690730533253,1012.46014
1690730533298,1012.4618
1690730533332,1012.45325
1690730533352,1012.4601
1690730533397,1012.4584
1690730533436,1012.4633
1690730533455,1012.47455
1690730533492,1012.47656
1690730533533,1012.48303
1690730533552,1012.4837
1690730533594,1012.4922
1690730533633,1012.49347
1690730533652,1012.46655
1690730533693,1012.4555
1690730533735,1012.45886
1690730533753,1012.47003
1690730533795,1012.4703
1690730533831,1012.4796
1690730533852,1012.48663
1690730533893,1012.4826
1690730533931,1012.4851
1690730533952,1012.489
1690730533992,1012.4949
1690730534033,1012.4859
1690730534052,1012.47974
1690730534092,1012.4767
1690730534133,1012.47766
1690730534152,1012.4851
1690730534192,1012.4817
1690730534233,1012.4817
1690730534253,1012.47925
1690730534293,1012.47876
1690730534333,1012.48486
1690730534351,1012.48474
1690730534397,1012.4812
1690730534432,1012.48047
1690730534451,1012.4911
1690730534493,1012.4914
1690730534532,1012.4997
1690730534551,1012.5144
1690730534592,1012.51086
1690730534632,1012.50446
1690730534653,1012.48975
1690730534691,1012.4874
1690730534731,1012.4995
1690730534753,1012.5044
1690730534792,1012.506
1690730534832,1012.5057
1690730534851,1012.5104
1690730534895,1012.5076
1690730534934,1012.5199
1690730534951,1012.5182
1690730534992,1012.51654
1690730535030,1012.5227
1690730535051,1012.5349
1690730535091,1012.54156
1690730535132,1012.5445
1690730535152,1012.5506
1690730535191,1012.5468
1690730535231,1012.526
1690730535252,1012.5256
1690730535292,1012.52344
1690730535330,1012.528
1690730535350,1012.537
1690730535394,1012.53754
1690730535432,1012.5292
1690730535451,1012.5217
1690730535492,1012.5272
1690730535532,1012.5277
1690730535552,1012.53094
1690730535591,1012.5283
1690730535632,1012.5283
1690730535650,1012.52637
1690730535692,1012.52264
1690730535729,1012.52515
1690730535751,1012.52924
1690730535793,1012.53235
1690730535830,1012.5318
1690730535850,1012.52924
1690730535892,1012.52356
1690730535931,1012.51483
1690730535952,1012.5074
1690730535991,1012.514
1690730536031,1012.52234
1690730536050,1012.521
1690730536090,1012.51965
1690730536132,1012.5243
1690730536151,1012.52026
1690730536191,1012.5222
1690730536230,1012.51807
1690730536251,1012.5207
1690730536294,1012.521
1690730536329,1012.51544
1690730536349,1012.52
1690730536395,1012.5258
1690730536430,1012.52966
1690730536450,1012.52124
1690730536494,1012.5225
1690730536530,1012.5203
1690730536551,1012.5217
1690730536592,1012.525
1690730536630,1012.52954
1690730536651,1012.5315
1690730536690,1012.5281
1690730536734,1012.5211
1690730536773,1012.5183
1690730536791,1012.52637
1690730536831,1012.5304
1690730536869,1012.5215
1690730536894,1012.5147
1690730536932,1012.5165
1690730536971,1012.51416
1690730536990,1012.51794
1690730537029,1012.52637
1690730537071,1012.5237
1690730537090,1012.5227
1690730537131,1012.51465
1690730537170,1012.5174
1690730537191,1012.5242
1690730537232,1012.5296
1690730537272,1012.5245
1690730537289,1012.5291
1690730537329,1012.526
1690730537370,1012.53284
1690730537390,1012.5272
1690730537430,1012.52765
1690730537471,1012.52936
1690730537489,1012.534
1690730537530,1012.5443
1690730537570,1012.5463
1690730537591,1012.53815
1690730537633,1012.5303
1690730537669,1012.5223
1690730537690,1012.5341
1690730537733,1012.5384
1690730537752,1012.5471
1690730537790,1012.53345
1690730537828,1012.5267
1690730537869,1012.5309
1690730537889,1012.53564
1690730537929,1012.53
1690730537970,1012.53394
1690730537994,1012.5432
1690730538030,1012.5465
1690730538069,1012.5471
1690730538089,1012.5366
1690730538132,1012.55005
1690730538170,1012.5559
1690730538189,1012.5451
1690730538234,1012.54346
1690730538270,1012.5398
1690730538290,1012.5516
1690730538329,1012.55133
1690730538369,1012.5573
1690730538390,1012.5674
1690730538429,1012.5659
1690730538469,1012.5592
1690730538489,1012.56824
1690730538529,1012.5679
1690730538569,1012.5536
1690730538589,1012.54736
1690730538630,1012.55194
1690730538671,1012.56
1690730538690,1012.55896
1690730538730,1012.5535
1690730538770,1012.5523
1690730538789,1012.5607
1690730538829,1012.5595
1690730538869,1012.56165
1690730538895,1012.5629
1690730538928,1012.55615
1690730538969,1012.5585
1690730538989,1012.56537
1690730539028,1012.5723
1690730539070,1012.5747
1690730539090,1012.567
1690730539130,1012.5619
1690730539168,1012.5571
1690730539189,1012.5608
1690730539229,1012.57117
1690730539268,1012.5581
1690730539292,1012.55994
1690730539329,1012.5721
1690730539369,1012.57715
1690730539391,1012.5779
1690730539432,1012.5798
1690730539469,1012.58325
1690730539490,1012.5731
1690730539530,1012.5631
1690730539568,1012.5605
1690730539588,1012.56104
1690730539629,1012.57074
1690730539669,1012.57294
1690730539689,1012.57336
1690730539731,1012.5745
1690730539768,1012.5739
1690730539793,1012.5763
1690730539827,1012.57983
1690730539868,1012.57855
1690730539894,1012.57684
1690730539930,1012.5697
1690730539971,1012.5737
1690730539989,1012.5728
1690730540029,1012.574
1690730540069,1012.57263
1690730540090,1012.57587
1690730540128,1012.5832
1690730540169,1012.58606
1690730540188,1012.5863
1690730540230,1012.5862
1690730540269,1012.5979
1690730540289,1012.59796
1690730540328,1012.59454
1690730540368,1012.59705
1690730540388,1012.59094
1690730540437,1012.58777
1690730540467,1012.59314
1690730540490,1012.5987
1690730540528,1012.6006
1690730540568,1012.6014
1690730540589,1012.6026
1690730540628,1012.60254
1690730540668,1012.5968
1690730540688,1012.59436
1690730540729,1012.5921
1690730540767,1012.5863
1690730540788,1012.58405
1690730540827,1012.5867
1690730540867,1012.58405
1690730540900,1012.5907
1690730540927,1012.5964
1690730540968,1012.59375
1690730540988,1012.6021
1690730541028,1012.6033
1690730541067,1012.5989
1690730541088,1012.60144
1690730541128,1012.6053
1690730541167,1012.60925
1690730541186,1012.61676
1690730541228,1012.60876
1690730541268,1012.60095
1690730541288,1012.609
1690730541326,1012.6084
1690730541374,1012.608
1690730541387,1012.60815
1690730541430,1012.6048
1690730541471,1012.59784
1690730541489,1012.61334
1690730541528,1012.61835
1690730541569,1012.6266
1690730541588,1012.6262
1690730541627,1012.6254
1690730541669,1012.6231
1690730541687,1012.6183
1690730541728,1012.62067
1690730541768,1012.6236
1690730541788,1012.62146
1690730541827,1012.6233
1690730541868,1012.62885
1690730541888,1012.63763
1690730541926,1012.648
1690730541967,1012.6507
1690730541987,1012.6394
1690730542028,1012.6311
1690730542072,1012.633
1690730542087,1012.63513
1690730542127,1012.63025
1690730542168,1012.6299
1690730542190,1012.63336
1690730542228,1012.6435
1690730542268,1012.6474
1690730542289,1012.6403
1690730542327,1012.6436
1690730542366,1012.6446
1690730542387,1012.6409
1690730542431,1012.637
1690730542467,1012.62274
1690730542487,1012.62836
1690730542527,1012.6438
1690730542567,1012.63525
1690730542588,1012.63184
1690730542627,1012.63806
1690730542668,1012.63617
1690730542688,1012.6346
1690730542730,1012.6423
1690730542767,1012.6394
1690730542789,1012.64136
1690730542829,1012.64124
1690730542866,1012.64514
1690730542886,1012.6456
1690730542926,1012.6638
1690730542967,1012.6578
1690730542988,1012.64844
1690730543027,1012.6315
1690730543069,1012.63025
1690730543086,1012.6437
1690730543128,1012.6525
1690730543167,1012.6569
1690730543186,1012.6547
1690730543226,1012.6547
1690730543267,1012.657
1690730543287,1012.6672
1690730543327,1012.6635
1690730543366,1012.6676
1690730543386,1012.66473
1690730543427,1012.6689
1690730543469,1012.6698
1690730543486,1012.6821
1690730543527,1012.67505
1690730543568,1012.66925
1690730543586,1012.677
1690730543628,1012.6767
1690730543666,1012.662
1690730543686,1012.65735
1690730543727,1012.65875
1690730543767,1012.66534
1690730543789,1012.6582
1690730543826,1012.6613
1690730543866,1012.6565
1690730543886,1012.6657
1690730543926,1012.66534
1690730543967,1012.6609
1690730543989,1012.65656
1690730544026,1012.6675
1690730544067,1012.6702
1690730544088,1012.67236
1690730544127,1012.66077
1690730544167,1012.66534
1690730544187,1012.6728
1690730544226,1012.6715
1690730544266,1012.6631
1690730544289,1012.66254
1690730544327,1012.6649
1690730544365,1012.66235
1690730544386,1012.6606
1690730544430,1012.65515
1690730544466,1012.6594
1690730544486,1012.65344
1690730544526,1012.6569
1690730544565,1012.6625
1690730544586,1012.6696
1690730544626,1012.6675
1690730544667,1012.6775
1690730544686,1012.67804
1690730544726,1012.676
1690730544765,1012.67444
1690730544786,1012.6682
1690730544830,1012.66077
1690730544865,1012.6535
1690730544885,1012.6614
1690730544925,1012.65955
1690730544965,1012.6676
1690730544987,1012.66565
1690730545025,1012.6595
1690730545066,1012.65533
1690730545086,1012.6494
1690730545127,1012.64905
1690730545168,1012.6592
1690730545187,1012.66656
1690730545225,1012.66406
1690730545267,1012.6757
1690730545285,1012.6795
1690730545325,1012.6859
1690730545365,1012.6844
1690730545385,1012.6828
1690730545426,1012.69574
1690730545466,1012.71075
1690730545486,1012.6972
1690730545526,1012.67535
1690730545566,1012.6688
1690730545585,1012.67236
1690730545628,1012.6803
1690730545666,1012.6774
1690730545685,1012.6732
1690730545729,1012.6814
1690730545765,1012.68616
1690730545786,1012.6883
1690730545825,1012.6891
1690730545864,1012.6963
1690730545884,1012.6906
1690730545926,1012.69257
1690730545965,1012.69666
1690730545987,1012.6965
1690730546026,1012.69165
1690730546066,1012.685
1690730546086,1012.6787
1690730546127,1012.682
1690730546166,1012.68054
1690730546184,1012.6848
1690730546225,1012.6897
1690730546265,1012.6887
1690730546285,1012.6959
1690730546325,1012.69366
1690730546365,1012.7094
1690730546385,1012.72815
1690730546425,1012.7258
1690730546465,1012.7032
1690730546487,1012.68866
1690730546525,1012.6952
1690730546566,1012.69385
1690730546585,1012.6999
1690730546625,1012.6943
1690730546667,1012.6998
1690730546687,1012.70654
1690730546724,1012.7113
1690730546764,1012.7088
1690730546784,1012.7115
1690730546829,1012.70593
1690730546864,1012.7061
1690730546885,1012.7062
1690730546925,1012.70776
1690730546965,1012.7186
1690730546987,1012.7181
1690730547025,1012.7114
1690730547064,1012.709
1690730547085,1012.70386
1690730547125,1012.70917
1690730547169,1012.71875
1690730547185,1012.7353
1690730547226,1012.7516
1690730547265,1012.7467
1690730547287,1012.73004
1690730547326,1012.7218
1690730547364,1012.7279
1690730547384,1012.7319
1690730547426,1012.7351
1690730547464,1012.73206
1690730547485,1012.73224
1690730547524,1012.7422
1690730547566,1012.7456
1690730547586,1012.74194
1690730547625,1012.7389
1690730547666,1012.7388
1690730547687,1012.73773
1690730547725,1012.7461
1690730547764,1012.7457
1690730547785,1012.7371
1690730547825,1012.73486
1690730547865,1012.73676
1690730547883,1012.7261
1690730547925,1012.7229
1690730547966,1012.71783
1690730547985,1012.7234
1690730548025,1012.72217
1690730548065,1012.7173
1690730548085,1012.7208
1690730548125,1012.7206
1690730548165,1012.7166
1690730548184,1012.7334
1690730548224,1012.73975
1690730548266,1012.7167
1690730548284,1012.7055
1690730548325,1012.69885
1690730548364,1012.69916
1690730548384,1012.69525
1690730548430,1012.68274
1690730548466,1012.68805
1690730548484,1012.6991
1690730548525,1012.69385
1690730548570,1012.68823
1690730548583,1012.6846
1690730548624,1012.6847
1690730548666,1012.6798
1690730548684,1012.6756
1690730548724,1012.68005
1690730548765,1012.6824
1690730548785,1012.68066
1690730548828,1012.67285
1690730548863,1012.6813
1690730548884,1012.67523
1690730548927,1012.6758
1690730548964,1012.6806
1690730548984,1012.6843
1690730549025,1012.68335
1690730549064,1012.69403
1690730549084,1012.69916
1690730549124,1012.7016
1690730549165,1012.68567
1690730549183,1012.66003
1690730549224,1012.6671
1690730549265,1012.6782
1690730549284,1012.6865
1690730549326,1012.69116
1690730549363,1012.6952
1690730549383,1012.6998
1690730549423,1012.70807
1690730549464,1012.7069
1690730549483,1012.70483
1690730549523,1012.69855
1690730549566,1012.69434
1690730549584,1012.69586
1690730549624,1012.68945
1690730549664,1012.6886
1690730549684,1012.68494
1690730549724,1012.69214
1690730549766,1012.6954
1690730549784,1012.7137
1690730549824,1012.71545
1690730549863,1012.6974
1690730549882,1012.712
1690730549926,1012.72626
1690730549962,1012.7167
1690730549984,1012.69464
1690730550025,1012.68976
1690730550063,1012.692
1690730550083,1012.69934
1690730550125,1012.7007
1690730550164,1012.7052
1690730550188,1012.7158
1690730550224,1012.7139
1690730550266,1012.7186
1690730550286,1012.71277
1690730550323,1012.7072
1690730550362,1012.7106
1690730550385,1012.7203
1690730550425,1012.7179
1690730550463,1012.72
1690730550484,1012.7224
1690730550522,1012.7251
1690730550565,1012.7243
1690730550583,1012.731
1690730550624,1012.7234
1690730550663,1012.72327
1690730550683,1012.7303
1690730550732,1012.7161
1690730550763,1012.70325
1690730550782,1012.69934
1690730550823,1012.7071
1690730550862,1012.7121
1690730550883,1012.71094
1690730550926,1012.711
1690730550965,1012.70776
1690730550982,1012.7051
1690730551022,1012.70856
1690730551064,1012.7087
1690730551082,1012.7131
1690730551124,1012.7086
1690730551163,1012.7175
1690730551182,1012.7186
1690730551223,1012.70935
1690730551262,1012.7123
1690730551282,1012.71454
1690730551323,1012.7149
1690730551361,1012.7207
1690730551387,1012.72394
1690730551424,1012.7162
1690730551464,1012.71027
1690730551483,1012.71173
1690730551524,1012.7179
1690730551566,1012.71094
1690730551583,1012.7184
1690730551622,1012.72046
1690730551662,1012.71014
1690730551682,1012.7157
1690730551724,1012.719
1690730551763,1012.72205
1690730551784,1012.7233
1690730551822,1012.7334
1690730551861,1012.74146
1690730551881,1012.7212
1690730551922,1012.7187
1690730551961,1012.72186
1690730551982,1012.72675
1690730552023,1012.7265
1690730552063,1012.73645
1690730552082,1012.73303
1690730552124,1012.7355
1690730552161,1012.73047
1690730552183,1012.7301
1690730552222,1012.73315
1690730552262,1012.7339
1690730552283,1012.7374
1690730552322,1012.7405
1690730552361,1012.745
1690730552381,1012.7514
1690730552422,1012.75183
1690730552462,1012.7668
1690730552483,1012.76215
1690730552522,1012.7447
1690730552563,1012.73346
1690730552582,1012.73193
1690730552625,1012.7417
1690730552664,1012.75183
1690730552682,1012.75684
1690730552724,1012.75165
1690730552762,1012.7508
1690730552782,1012.7522
1690730552822,1012.75024
1690730552861,1012.76184
1690730552881,1012.7624
1690730552922,1012.7652
1690730552962,1012.7526
1690730552982,1012.75385
1690730553023,1012.7529
1690730553061,1012.7543
1690730553082,1012.7618
1690730553122,1012.7646
1690730553162,1012.7731
1690730553182,1012.76733
1690730553222,1012.75604
1690730553262,1012.75604
1690730553281,1012.76697
1690730553324,1012.76666
1690730553360,1012.7703
1690730553380,1012.78455
1690730553420,1012.7938
1690730553463,1012.7948
1690730553480,1012.77997
1690730553526,1012.77386
1690730553561,1012.7689
1690730553581,1012.77356
1690730553621,1012.77356
1690730553660,1012.7735
1690730553683,1012.7854
1690730553721,1012.79297
1690730553762,1012.79456
1690730553782,1012.79987
1690730553822,1012.7946
1690730553861,1012.79504
1690730553881,1012.79425
1690730553924,1012.7943
1690730553960,1012.79395
1690730553981,1012.7935
1690730554021,1012.794
1690730554060,1012.8017
1690730554080,1012.8082
1690730554123,1012.8104
1690730554162,1012.8097
1690730554179,1012.8158
1690730554220,1012.8263
1690730554260,1012.8294
1690730554283,1012.81775
1690730554321,1012.80524
1690730554360,1012.8032
1690730554380,1012.8171
1690730554421,1012.81805
1690730554460,1012.8203
1690730554481,1012.81726
1690730554524,1012.80725
1690730554560,1012.8115
1690730554582,1012.8115
1690730554620,1012.813
1690730554660,1012.81836
1690730554680,1012.81573
1690730554723,1012.8176
1690730554761,1012.8209
1690730554782,1012.8219
1690730554821,1012.8266
1690730554865,1012.83514
1690730554879,1012.8503
1690730554919,1012.8457
1690730554962,1012.82996
1690730554981,1012.82623
1690730555021,1012.82336
1690730555061,1012.83356
1690730555080,1012.8401
1690730555120,1012.8412
1690730555160,1012.83984
1690730555180,1012.8387
1690730555222,1012.8438
1690730555260,1012.84534
1690730555280,1012.8571
1690730555322,1012.86536
1690730555359,1012.86395
1690730555380,1012.8611
1690730555420,1012.85175
1690730555461,1012.84656
1690730555479,1012.8434
1690730555522,1012.85046
1690730555564,1012.85925
1690730555580,1012.86066
1690730555620,1012.87384
1690730555660,1012.8725
1690730555680,1012.8578
1690730555733,1012.85
1690730555760,1012.85547
1690730555779,1012.85394
1690730555823,1012.85535
1690730555863,1012.8575
1690730555879,1012.873
1690730555919,1012.88135
1690730555962,1012.8764
1690730555979,1012.87976
1690730556023,1012.8734
1690730556059,1012.8638
1690730556079,1012.85815
1690730556121,1012.8506
1690730556159,1012.8556
1690730556180,1012.8602
1690730556219,1012.865
1690730556260,1012.87036
1690730556281,1012.8721
1690730556319,1012.87494
1690730556360,1012.87
1690730556385,1012.8752
1690730556419,1012.8633
1690730556460,1012.8586
1690730556478,1012.85254
1690730556521,1012.853
1690730556560,1012.8627
1690730556582,1012.87024
1690730556621,1012.8689
1690730556662,1012.8679
1690730556679,1012.8678
1690730556719,1012.8739
1690730556761,1012.8782
1690730556779,1012.8767
1690730556820,1012.8727
1690730556859,1012.87634
1690730556880,1012.8705
1690730556919,1012.8706
1690730556962,1012.8609
1690730556979,1012.86334
1690730557020,1012.86914
1690730557060,1012.8707
1690730557079,1012.8672
1690730557119,1012.86707
1690730557161,1012.8601
1690730557179,1012.86426
1690730557219,1012.8722
1690730557260,1012.8784
1690730557280,1012.88354
1690730557321,1012.88745
1690730557366,1012.90027
1690730557379,1012.90533
1690730557418,1012.89014
1690730557460,1012.88135
1690730557479,1012.8828
1690730557519,1012.88116
1690730557560,1012.8825
1690730557579,1012.87964
1690730557619,1012.8814
1690730557660,1012.8842
1690730557679,1012.87384
1690730557720,1012.88007
1690730557760,1012.8836
1690730557779,1012.8891
1690730557821,1012.8949
1690730557861,1012.8983
1690730557878,1012.90356
1690730557919,1012.8954
1690730557961,1012.8884
1690730557978,1012.893
1690730558018,1012.8917
1690730558061,1012.8994
1690730558078,1012.8872
1690730558119,1012.89197
1690730558161,1012.8978
1690730558178,1012.90643
1690730558218,1012.9099
1690730558260,1012.9203
1690730558279,1012.92944
1690730558324,1012.9093
1690730558359,1012.8932
1690730558378,1012.8933
1690730558418,1012.8931
1690730558459,1012.89996
1690730558478,1012.9065
1690730558517,1012.9032
1690730558558,1012.9106
1690730558601,1012.91846
1690730558619,1012.9187
1690730558657,1012.9136
1690730558700,1012.907
1690730558719,1012.90533
1690730558757,1012.9054
1690730558798,1012.9011
1690730558818,1012.90186
1690730558857,1012.92255
1690730558898,1012.93
1690730558918,1012.94196
1690730558958,1012.9519
1690730558998,1012.959
1690730559019,1012.9485
1690730559058,1012.9326
1690730559099,1012.9318
1690730559119,1012.9296
1690730559158,1012.92285
1690730559196,1012.92395
1690730559217,1012.94403
1690730559259,1012.94855
1690730559297,1012.94446
1690730559319,1012.9575
1690730559358,1012.9523
1690730559397,1012.94653
1690730559417,1012.9466
1690730559458,1012.94696
1690730559478,1012.93945
1690730559518,1012.93964
1690730559558,1012.9343
1690730559599,1012.93146
1690730559620,1012.9333
1690730559657,1012.9359
1690730559697,1012.9531
1690730559721,1012.968
1690730559758,1012.96387
1690730559797,1012.9549
1690730559817,1012.9529
1690730559858,1012.948
1690730559897,1012.95166
1690730559918,1012.9548
1690730559958,1012.9557
1690730559999,1012.95526
1690730560017,1012.94775
1690730560059,1012.95325
1690730560097,1012.9619
1690730560118,1012.95844
1690730560158,1012.9519
1690730560199,1012.9546
1690730560220,1012.95575
1690730560261,1012.95557
1690730560297,1012.9537
1690730560317,1012.95807
1690730560359,1012.9691
1690730560396,1012.9774
1690730560416,1012.9696
1690730560458,1012.9579
1690730560497,1012.95575
1690730560517,1012.9823
1690730560558,1012.9802
1690730560597,1012.97186
1690730560617,1012.97125
1690730560662,1012.97015
1690730560697,1012.97327
1690730560718,1012.97595
1690730560756,1012.9728
1690730560798,1012.98206
1690730560817,1012.98773
1690730560858,1012.98267
1690730560896,1012.98364
1690730560917,1012.9754
1690730560957,1012.9645
1690730560997,1012.9649
1690730561017,1012.9708
1690730561058,1012.96954
1690730561097,1012.97327
1690730561118,1012.974
1690730561157,1012.97314
1690730561197,1012.9685
1690730561218,1012.9726
1690730561257,1012.97784
1690730561298,1012.9834
1690730561319,1012.9892
1690730561357,1013.0
1690730561396,1013.00195
1690730561416,1012.99554
1690730561459,1012.99774
1690730561497,1013.00024
1690730561517,1012.9991
1690730561555,1012.99365
1690730561598,1012.9869
1690730561618,1012.9863
1690730561657,1012.98315
1690730561697,1012.975
1690730561717,1012.9755
1690730561756,1012.9857
1690730561797,1012.99146
1690730561817,1013.0036
1690730561857,1013.01447
1690730561896,1013.0147
1690730561916,1013.00006
1690730561956,1012.9995
1690730561996,1012.9993
1690730562017,1013.0093
1690730562057,1013.0164
1690730562097,1013.0201
1690730562119,1013.0214
1690730562155,1013.0268
1690730562196,1013.03375
1690730562218,1013.0312
1690730562255,1013.0253
1690730562297,1013.0169
1690730562318,1013.0137
1690730562357,1013.0172
1690730562395,1013.0285
1690730562416,1013.0205
1690730562457,1013.0238
1690730562496,1013.02637
1690730562517,1013.02893
1690730562556,1013.0309
1690730562596,1013.0334
1690730562617,1013.02826
1690730562656,1013.02734
1690730562697,1013.03143
1690730562718,1013.0463
1690730562756,1013.0389
1690730562798,1013.0275
1690730562819,1013.033
1690730562856,1013.036
1690730562895,1013.03455
1690730562915,1013.031
1690730562957,1013.03406
1690730562995,1013.02563
1690730563017,1013.03674
1690730563057,1013.03613
1690730563095,1013.02734
1690730563116,1013.0235
1690730563156,1013.02576
1690730563198,1013.02783
1690730563217,1013.03424
1690730563256,1013.03784
1690730563297,1013.04846
1690730563316,1013.04346
1690730563356,1013.04675
1690730563396,1013.04596
1690730563415,1013.0468
1690730563455,1013.0458
1690730563506,1013.04236
1690730563514,1013.045
1690730563555,1013.0493
1690730563596,1013.04956
1690730563615,1013.0459
1690730563655,1013.0327
1690730563697,1013.0255
1690730563716,1013.0352
1690730563758,1013.04047
1690730563796,1013.04034
1690730563816,1013.036
1690730563856,1013.0354
1690730563895,1013.0282
1690730563915,1013.0364
1690730563956,1013.0288
1690730563996,1013.0388
1690730564015,1013.041
1690730564056,1013.0397
1690730564095,1013.0365
1690730564115,1013.0402
1690730564156,1013.04224
1690730564195,1013.0457
1690730564214,1013.0533
1690730564255,1013.0469
1690730564296,1013.0388
1690730564315,1013.04224
1690730564356,1013.0353
1690730564395,1013.031
1690730564415,1013.0382
1690730564455,1013.0473
1690730564495,1013.04175
1690730564515,1013.0462
1690730564554,1013.0619
1690730564596,1013.0666
1690730564615,1013.05096
1690730564655,1013.03564
1690730564697,1013.0394
1690730564717,1013.04315
1690730564757,1013.04156
1690730564794,1013.0476
1690730564815,1013.0428
1690730564856,1013.04047
1690730564895,1013.04333
1690730564914,1013.05493
1690730564956,1013.0504
1690730564995,1013.0462
1690730565015,1013.0447
1690730565057,1013.04913
1690730565099,1013.05096
1690730565115,1013.0452
1690730565155,1013.0429
1690730565194,1013.042
1690730565214,1013.0443
1690730565256,1013.0475
1690730565307,1013.05664
1690730565316,1013.06165
1690730565354,1013.07104
1690730565397,1013.079
1690730565414,1013.0912
1690730565454,1013.0896
1690730565495,1013.0718
1690730565516,1013.06964
1690730565557,1013.07263
1690730565595,1013.07416
1690730565616,1013.0782
1690730565655,1013.07764
1690730565694,1013.07404
1690730565716,1013.06604
1690730565755,1013.0692
1690730565797,1013.07715
1690730565814,1013.07654
1690730565855,1013.07794
1690730565893,1013.07324
1690730565913,1013.0707
1690730565955,1013.07
1690730565995,1013.07526
1690730566014,1013.0764
1690730566055,1013.07135
1690730566095,1013.07556
1690730566115,1013.07947
1690730566155,1013.07056
1690730566195,1013.0708
1690730566215,1013.079
1690730566254,1013.0811
1690730566298,1013.0783
1690730566314,1013.07886
1690730566354,1013.0796
1690730566395,1013.0768
1690730566414,1013.08563
1690730566453,1013.09174
1690730566493,1013.08905
1690730566515,1013.08704
1690730566554,1013.07465
1690730566594,1013.0768
1690730566613,1013.09015
1690730566654,1013.0955
1690730566696,1013.09344
1690730566715,1013.08765
1690730566753,1013.0895
1690730566796,1013.0942
1690730566815,1013.09143
1690730566854,1013.0896
1690730566892,1013.09406
1690730566914,1013.1015
1690730566954,1013.09534
1690730566994,1013.08997
1690730567014,1013.0995
1690730567056,1013.1009
1690730567095,1013.1064
1690730567114,1013.1045
1690730567154,1013.10406
1690730567193,1013.10645
1690730567215,1013.1066
1690730567254,1013.11743
1690730567295,1013.11426
1690730567315,1013.1057
1690730567356,1013.10583
1690730567392,1013.1068
1690730567412,1013.1104
1690730567453,1013.11053
1690730567494,1013.1112
1690730567515,1013.1165
1690730567555,1013.1142
1690730567594,1013.121
1690730567614,1013.12024
1690730567656,1013.1206
1690730567694,1013.118
1690730567715,1013.1184
1690730567755,1013.1055
1690730567793,1013.11426
1690730567815,1013.11426
1690730567857,1013.1113
1690730567893,1013.1154
1690730567912,1013.1155
1690730567954,1013.1299
1690730567993,1013.1213
1690730568016,1013.12445
1690730568054,1013.13635
1690730568095,1013.14746
1690730568114,1013.1488
1690730568153,1013.1395
1690730568193,1013.1327
1690730568213,1013.12646
1690730568256,1013.1276
1690730568294,1013.1295
1690730568313,1013.12897
1690730568355,1013.1332
1690730568395,1013.14307
1690730568412,1013.14185
1690730568453,1013.13574
1690730568494,1013.139
1690730568512,1013.1354
1690730568552,1013.1363
1690730568595,1013.13477
1690730568613,1013.1448
1690730568653,1013.15015
1690730568694,1013.1566
1690730568714,1013.1664
1690730568754,1013.17334
1690730568797,1013.16705
1690730568814,1013.1792
1690730568854,1013.1772
1690730568895,1013.17084
1690730568914,1013.1684
1690730568953,1013.1659
1690730568992,1013.1522
1690730569013,1013.1681
1690730569054,1013.1709
1690730569093,1013.17053
1690730569116,1013.1738
1690730569155,1013.1752
1690730569193,1013.1752
1690730569222,1013.18616
1690730569251,1013.18713
1690730569293,1013.18097
1690730569312,1013.17303
1690730569353,1013.17444
1690730569393,1013.17395
1690730569411,1013.175
1690730569452,1013.17773
1690730569492,1013.1786
1690730569512,1013.18207
1690730569552,1013.1907
1690730569594,1013.19836
1690730569612,1013.181
1690730569652,1013.1749
1690730569694,1013.1836
1690730569712,1013.17706
1690730569753,1013.17944
1690730569792,1013.19196
1690730569812,1013.20105
1690730569854,1013.18384
1690730569893,1013.17957
1690730569912,1013.17523
1690730569951,1013.1765
1690730569991,1013.1807
1690730570012,1013.1819
1690730570053,1013.182
1690730570092,1013.1854
1690730570111,1013.1924
1690730570151,1013.1923
1690730570194,1013.20166
1690730570214,1013.2045
1690730570252,1013.2137
1690730570292,1013.228
1690730570313,1013.2066
1690730570353,1013.1777
1690730570392,1013.1913
1690730570411,1013.1977
1690730570452,1013.1976
1690730570492,1013.1999
1690730570512,1013.2141
1690730570552,1013.22034
1690730570593,1013.2035
1690730570612,1013.20496
1690730570655,1013.2079
1690730570691,1013.20605
1690730570714,1013.214
1690730570752,1013.2022
1690730570792,1013.20935
1690730570812,1013.2124
1690730570855,1013.21954
1690730570890,1013.2237
1690730570910,1013.2237
1690730570951,1013.2216
1690730570991,1013.225
1690730571012,1013.2406
1690730571052,1013.2453
1690730571093,1013.2484
1690730571111,1013.2233
1690730571152,1013.2145
1690730571190,1013.21735
1690730571212,1013.2282
1690730571255,1013.22595
1690730571292,1013.2237
1690730571311,1013.2301
1690730571353,1013.2251
1690730571390,1013.2202
1690730571410,1013.2214
1690730571450,1013.22424
1690730571490,1013.2225
1690730571511,1013.22064
1690730571551,1013.22406
1690730571591,1013.2252
1690730571611,1013.2258
1690730571653,1013.2174
1690730571690,1013.21594
1690730571711,1013.2281
1690730571752,1013.2274
1690730571791,1013.22864
1690730571811,1013.2314
1690730571852,1013.23645
1690730571890,1013.24475
1690730571909,1013.24835
1690730571949,1013.26416
1690730571990,1013.2614
1690730572010,1013.2503
1690730572051,1013.2293
1690730572094,1013.22766
1690730572109,1013.2406
1690730572152,1013.2377
1690730572193,1013.2433
1690730572210,1013.24084
1690730572251,1013.2457
1690730572292,1013.24286
1690730572312,1013.2371
1690730572351,1013.2402
1690730572390,1013.2501
1690730572411,1013.2505
1690730572450,1013.2573
1690730572490,1013.2548
1690730572509,1013.24915
1690730572553,1013.25134
1690730572592,1013.256
1690730572612,1013.2577
1690730572650,1013.2514
1690730572691,1013.254
1690730572710,1013.26013
1690730572751,1013.27325
1690730572792,1013.27185
1690730572813,1013.2544
1690730572850,1013.24713
1690730572891,1013.24994
1690730572909,1013.2651
1690730572953,1013.2676
1690730572991,1013.2634
1690730573010,1013.2606
1690730573050,1013.2555
1690730573089,1013.25793
1690730573114,1013.2572
1690730573152,1013.256
1690730573190,1013.26556
1690730573211,1013.2603
1690730573250,1013.27014
1690730573292,1013.271
1690730573314,1013.2713
1690730573354,1013.2749
1690730573390,1013.2815
1690730573409,1013.286
1690730573450,1013.2825
1690730573531,1013.2784
1690730573531,1013.27844
1690730573550,1013.2813
1690730573593,1013.2848
1690730573610,1013.2886
1690730573650,1013.2929
1690730573692,1013.28455
1690730573710,1013.2764
1690730573750,1013.27606
1690730573791,1013.271
1690730573809,1013.271
1690730573850,1013.27057
1690730573894,1013.2715
1690730573912,1013.28174
1690730573949,1013.2803
1690730573997,1013.2819
1690730574009,1013.2951
1690730574050,1013.29614
1690730574090,1013.2928
1690730574110,1013.2915
1690730574150,1013.2929
1690730574190,1013.29254
1690730574209,1013.29553
1690730574248,1013.3029
1690730574289,1013.3034
1690730574309,1013.3086
1690730574351,1013.3019
1690730574389,1013.29803
1690730574408,1013.2959
1690730574450,1013.2958
1690730574489,1013.3049
1690730574509,1013.30505
1690730574549,1013.3011
1690730574589,1013.30444
1690730574609,1013.3035
1690730574648,1013.3026
1690730574690,1013.30096
1690730574710,1013.3014
1690730574750,1013.30096
1690730574790,1013.29694
1690730574814,1013.29004
1690730574852,1013.2842
1690730574894,1013.29767
1690730574908,1013.2982
1690730574949,1013.30035
1690730574989,1013.3035
1690730575010,1013.304
1690730575048,1013.2982
1690730575089,1013.294
1690730575109,1013.296
1690730575149,1013.29016
1690730575189,1013.29126
1690730575208,1013.2941
1690730575248,1013.29456
1690730575290,1013.29553
1690730575309,1013.30304
1690730575348,1013.3016
1690730575390,1013.3079
1690730575408,1013.30115
1690730575448,1013.3116
1690730575488,1013.31006
1690730575510,1013.2983
1690730575548,1013.29736
1690730575589,1013.2995
1690730575608,1013.3087
1690730575651,1013.31177
1690730575690,1013.3036
1690730575709,1013.30005
1690730575749,1013.31714
1690730575788,1013.3147
1690730575808,1013.3076
1690730575848,1013.3153
1690730575889,1013.313
1690730575908,1013.30676
1690730575949,1013.30786
1690730575995,1013.31335
1690730576008,1013.30084
1690730576048,1013.30237
1690730576089,1013.3006
1690730576109,1013.3091
1690730576149,1013.318
1690730576189,1013.32117
1690730576209,1013.31165
1690730576248,1013.3148
1690730576291,1013.3179
1690730576308,1013.32227
1690730576348,1013.3237
1690730576389,1013.3217
1690730576408,1013.32544
1690730576447,1013.3188
1690730576490,1013.3102
1690730576510,1013.30164
1690730576548,1013.3023
1690730576589,1013.3348
1690730576607,1013.3423
1690730576648,1013.32654
1690730576690,1013.32056
1690730576709,1013.3128
1690730576747,1013.3147
1690730576788,1013.30963
1690730576810,1013.32324
1690730576847,1013.31885
1690730576888,1013.3164
1690730576908,1013.3086
1690730576948,1013.3148
1690730576991,1013.3198
1690730577008,1013.31415
1690730577047,1013.31177
1690730577087,1013.31604
1690730577108,1013.31134
1690730577148,1013.3072
1690730577188,1013.3019
1690730577209,1013.3018
1690730577247,1013.3014
1690730577289,1013.30414
1690730577308,1013.30066
1690730577347,1013.30457
1690730577388,1013.3143
1690730577408,1013.31885
1690730577447,1013.313
1690730577489,1013.31226
1690730577507,1013.30945
1690730577547,1013.3113
1690730577587,1013.31006
1690730577609,1013.30664
1690730577648,1013.3071
1690730577687,1013.30707
1690730577708,1013.2959
1690730577747,1013.30945
1690730577787,1013.3066
1690730577808,1013.3134
1690730577846,1013.3213
