1690731241402,1011.6177
1690731241422,1012.1636
1690731241461,1012.3425
1690731241501,1012.45465
1690731241522,1012.5208
1690731241562,1012.5709
1690731241602,1012.58795
1690731241621,1012.6147
1690731241661,1012.628
1690731241702,1012.64307
1690731241721,1012.65424
1690731241762,1012.65967
1690731241804,1012.6616
1690731241823,1012.6508
1690731241866,1012.6522
1690731241904,1012.65265
1690731241922,1012.66235
1690731241966,1012.6712
1690731242002,1012.6713
1690731242022,1012.66174
1690731242063,1012.6637
1690731242102,1012.66455
1690731242126,1012.6675
1690731242164,1012.66895
1690731242204,1012.66846
1690731242222,1012.6657
1690731242265,1012.6677
1690731242302,1012.662
1690731242323,1012.66785
1690731242363,1012.67645
1690731242404,1012.6719
1690731242421,1012.6668
1690731242462,1012.6722
1690731242509,1012.6677
1690731242523,1012.67615
1690731242562,1012.66113
1690731242603,1012.6659
1690731242625,1012.67017
1690731242663,1012.6692
1690731242703,1012.67084
1690731242735,1012.67773
1690731242762,1012.6738
1690731242801,1012.6764
1690731242821,1012.6792
1690731242861,1012.6797
1690731242904,1012.679
1690731242923,1012.6715
1690731242962,1012.67456
1690731243006,1012.67285
1690731243022,1012.664
1690731243063,1012.66986
1690731243104,1012.67804
1690731243122,1012.6683
1690731243162,1012.6494
1690731243202,1012.6542
1690731243223,1012.6604
1690731243264,1012.6559
1690731243302,1012.6559
1690731243321,1012.65533
1690731243364,1012.65796
1690731243408,1012.66
1690731243425,1012.6548
1690731243462,1012.6627
1690731243505,1012.66943
1690731243521,1012.66797
1690731243562,1012.67413
1690731243601,1012.669
1690731243621,1012.67535
1690731243661,1012.66846
1690731243702,1012.664
1690731243722,1012.6632
1690731243761,1012.6588
1690731243801,1012.6608
1690731243822,1012.6624
1690731243862,1012.66327
1690731243902,1012.6692
1690731243926,1012.6647
1690731243960,1012.6702
1690731244000,1012.6763
1690731244021,1012.6744
1690731244061,1012.67645
1690731244101,1012.6749
1690731244121,1012.6771
1690731244160,1012.6721
1690731244200,1012.673
1690731244220,1012.66376
1690731244261,1012.6611
1690731244301,1012.6605
1690731244322,1012.66376
1690731244361,1012.66595
1690731244402,1012.6617
1690731244421,1012.6655
1690731244462,1012.6687
1690731244509,1012.66724
1690731244523,1012.66724
1690731244562,1012.6676
1690731244604,1012.65955
1690731244625,1012.65845
1690731244662,1012.66266
1690731244700,1012.6587
1690731244721,1012.6588
1690731244761,1012.6554
1690731244800,1012.65356
1690731244823,1012.6613
1690731244862,1012.66864
1690731244901,1012.6769
1690731244920,1012.6728
1690731244961,1012.6768
1690731245005,1012.6797
1690731245022,1012.682
1690731245061,1012.6754
1690731245102,1012.67236
1690731245122,1012.6685
1690731245162,1012.6659
1690731245202,1012.6618
1690731245220,1012.66504
1690731245260,1012.6629
1690731245300,1012.66174
1690731245322,1012.6571
1690731245362,1012.65515
1690731245401,1012.66364
1690731245420,1012.6743
1690731245461,1012.67206
1690731245501,1012.6686
1690731245520,1012.6734
1690731245561,1012.66455
1690731245601,1012.66364
1690731245621,1012.6682
1690731245661,1012.66235
1690731245702,1012.66174
1690731245720,1012.66833
1690731245761,1012.6697
1690731245802,1012.6748
1690731245821,1012.66595
1690731245862,1012.6718
1690731245901,1012.6759
1690731245923,1012.6741
1690731245960,1012.67065
1690731246000,1012.6649
1690731246022,1012.6638
1690731246060,1012.6615
1690731246100,1012.6636
1690731246122,1012.6672
1690731246160,1012.6758
1690731246202,1012.68085
1690731246220,1012.68274
1690731246261,1012.6746
1690731246300,1012.67145
1690731246321,1012.67267
1690731246362,1012.6707
1690731246403,1012.6771
1690731246419,1012.67444
1690731246460,1012.67053
1690731246503,1012.6696
1690731246519,1012.67236
1690731246560,1012.6658
1690731246602,1012.6612
1690731246620,1012.66504
1690731246660,1012.66327
1690731246701,1012.6641
1690731246719,1012.6649
1690731246761,1012.65717
1690731246800,1012.6666
1690731246819,1012.6657
1690731246866,1012.66364
1690731246903,1012.6626
1690731246922,1012.6675
1690731246959,1012.6671
1690731247001,1012.66174
1690731247024,1012.66595
1690731247061,1012.6648
1690731247100,1012.6692
1690731247119,1012.66486
1690731247160,1012.6677
1690731247201,1012.6601
1690731247220,1012.65814
1690731247260,1012.66125
1690731247300,1012.6683
1690731247321,1012.66846
1690731247362,1012.67285
1690731247399,1012.67426
1690731247419,1012.67426
1690731247458,1012.6736
1690731247502,1012.6758
1690731247524,1012.6678
1690731247559,1012.6662
1690731247599,1012.6691
1690731247619,1012.6662
1690731247659,1012.6655
1690731247699,1012.6671
1690731247719,1012.66925
1690731247759,1012.67633
1690731247799,1012.67285
1690731247818,1012.6685
1690731247860,1012.6698
1690731247901,1012.67413
1690731247920,1012.66425
1690731247958,1012.6602
1690731247998,1012.66003
1690731248019,1012.6605
1690731248059,1012.66284
1690731248100,1012.66205
1690731248121,1012.6662
1690731248160,1012.6672
1690731248198,1012.6604
1690731248222,1012.66077
1690731248266,1012.66235
1690731248299,1012.656
1690731248320,1012.65485
1690731248359,1012.65906
1690731248399,1012.6603
1690731248422,1012.6692
1690731248458,1012.67255
1690731248498,1012.67163
1690731248521,1012.67004
1690731248559,1012.6698
1690731248599,1012.6672
1690731248619,1012.66345
1690731248659,1012.6621
1690731248698,1012.6624
1690731248719,1012.66315
1690731248759,1012.6553
1690731248799,1012.65344
1690731248818,1012.66254
1690731248858,1012.66656
1690731248900,1012.66626
1690731248918,1012.65717
1690731248959,1012.65424
1690731249004,1012.6587
1690731249018,1012.65967
1690731249059,1012.65955
1690731249100,1012.65607
1690731249120,1012.6621
1690731249158,1012.66064
1690731249200,1012.6583
1690731249219,1012.6553
1690731249259,1012.66064
1690731249300,1012.67126
1690731249320,1012.66345
1690731249359,1012.6698
1690731249399,1012.6742
1690731249419,1012.6651
1690731249458,1012.6737
1690731249500,1012.6808
1690731249519,1012.6725
1690731249558,1012.67236
1690731249598,1012.6651
1690731249620,1012.66077
1690731249660,1012.65686
1690731249698,1012.6583
1690731249719,1012.6635
1690731249761,1012.672
1690731249798,1012.66644
1690731249818,1012.66473
1690731249866,1012.6616
1690731249898,1012.66376
1690731249919,1012.661
1690731249958,1012.66504
1690731249999,1012.66907
1690731250018,1012.66516
1690731250059,1012.66455
1690731250100,1012.67114
1690731250119,1012.6726
1690731250157,1012.67053
1690731250199,1012.6674
1690731250218,1012.6638
1690731250279,1012.67316
1690731250298,1012.67035
1690731250318,1012.66815
1690731250357,1012.66327
1690731250398,1012.66205
1690731250417,1012.6571
1690731250457,1012.6574
1690731250499,1012.65173
1690731250518,1012.6595
1690731250558,1012.6689
1690731250598,1012.67645
1690731250618,1012.67413
1690731250659,1012.6657
1690731250700,1012.66455
1690731250717,1012.6632
1690731250758,1012.6661
1690731250798,1012.6716
1690731250818,1012.66125
1690731250858,1012.65985
1690731250898,1012.6716
1690731250917,1012.67554
1690731250957,1012.67175
1690731251001,1012.6781
1690731251019,1012.6752
1690731251058,1012.68225
1690731251098,1012.6825
1690731251118,1012.67914
1690731251157,1012.67377
1690731251198,1012.66797
1690731251223,1012.67163
1690731251258,1012.66956
1690731251297,1012.6716
1690731251320,1012.66785
1690731251357,1012.66583
1690731251397,1012.6656
1690731251416,1012.6608
1690731251456,1012.6564
1690731251499,1012.6532
1690731251517,1012.6578
1690731251557,1012.6548
1690731251599,1012.65466
1690731251619,1012.6544
1690731251657,1012.6589
1690731251701,1012.6443
1690731251718,1012.6491
1690731251759,1012.6493
1690731251797,1012.6467
1690731251818,1012.6508
1690731251858,1012.65137
1690731251898,1012.65515
1690731251917,1012.65173
1690731251957,1012.65295
1690731251999,1012.653
1690731252017,1012.6465
1690731252058,1012.6467
1690731252096,1012.6432
1690731252117,1012.65106
1690731252158,1012.65027
1690731252199,1012.6501
1690731252218,1012.6511
1690731252257,1012.65924
1690731252297,1012.65796
1690731252317,1012.6569
1690731252357,1012.6465
1690731252397,1012.647
1690731252416,1012.6508
1690731252456,1012.65186
1690731252497,1012.6581
1690731252519,1012.66644
1690731252557,1012.6704
1690731252597,1012.6691
1690731252620,1012.65857
1690731252660,1012.66077
1690731252697,1012.6596
1690731252718,1012.6594
1690731252757,1012.6625
1690731252798,1012.6601
1690731252817,1012.6641
1690731252856,1012.6621
1690731252897,1012.66064
1690731252918,1012.66595
1690731252956,1012.6637
1690731252996,1012.6586
1690731253017,1012.6527
1690731253056,1012.6504
1690731253097,1012.64746
1690731253118,1012.6454
1690731253156,1012.65344
1690731253196,1012.6533
1690731253217,1012.658
1690731253256,1012.6576
1690731253296,1012.6515
1690731253317,1012.6455
1690731253357,1012.6438
1690731253396,1012.646
1690731253417,1012.6505
1690731253456,1012.6469
1690731253500,1012.6434
1690731253519,1012.65906
1690731253557,1012.6575
1690731253597,1012.65186
1690731253616,1012.6509
1690731253656,1012.6495
1690731253696,1012.6515
1690731253716,1012.64844
1690731253759,1012.6586
1690731253798,1012.6506
1690731253816,1012.6494
1690731253856,1012.652
1690731253897,1012.6471
1690731253919,1012.6541
1690731253955,1012.65393
1690731253997,1012.65894
1690731254022,1012.6565
1690731254056,1012.6561
1690731254095,1012.65015
1690731254116,1012.6447
1690731254156,1012.6472
1690731254197,1012.64594
1690731254216,1012.6436
1690731254256,1012.6404
1690731254295,1012.6525
1690731254317,1012.6498
1690731254358,1012.6516
1690731254397,1012.65
1690731254417,1012.6516
1690731254455,1012.6579
1690731254494,1012.65674
1690731254515,1012.65356
1690731254557,1012.65063
1690731254596,1012.6461
1690731254615,1012.6436
1690731254657,1012.6494
1690731254696,1012.6498
1690731254716,1012.6454
1690731254755,1012.6421
1690731254796,1012.6455
1690731254816,1012.6485
1690731254855,1012.6473
1690731254895,1012.6454
1690731254923,1012.6469
1690731254955,1012.6418
1690731254994,1012.6376
1690731255016,1012.6502
1690731255056,1012.65204
1690731255096,1012.6511
1690731255115,1012.65875
1690731255156,1012.65454
1690731255196,1012.6566
1690731255216,1012.6479
1690731255278,1012.64496
1690731255294,1012.6532
1690731255316,1012.65625
1690731255357,1012.6636
1690731255395,1012.65564
1690731255417,1012.6543
1690731255455,1012.65454
1690731255494,1012.6548
1690731255517,1012.6478
1690731255556,1012.65674
1690731255597,1012.6555
1690731255616,1012.65625
1690731255656,1012.65125
1690731255697,1012.6535
1690731255715,1012.64685
1690731255757,1012.6396
1690731255796,1012.6415
1690731255815,1012.641
1690731255855,1012.6424
1690731255894,1012.6383
1690731255914,1012.6487
1690731255955,1012.6519
1690731255995,1012.65216
1690731256015,1012.6603
1690731256056,1012.6492
1690731256097,1012.6434
1690731256116,1012.64844
1690731256156,1012.64996
1690731256195,1012.6477
1690731256216,1012.64636
1690731256256,1012.6433
1690731256295,1012.6423
1690731256318,1012.648
1690731256355,1012.6561
1690731256398,1012.6571
1690731256415,1012.65857
1690731256454,1012.6562
1690731256494,1012.66095
1690731256515,1012.6564
1690731256556,1012.65497
1690731256596,1012.6594
1690731256615,1012.66223
1690731256654,1012.6617
1690731256694,1012.65485
1690731256714,1012.66327
1690731256754,1012.653
1690731256795,1012.6577
1690731256817,1012.66327
1690731256854,1012.65704
1690731256896,1012.65454
1690731256915,1012.6529
1690731256954,1012.65704
1690731256994,1012.6642
1690731257020,1012.6609
1690731257055,1012.66156
1690731257095,1012.65717
1690731257115,1012.65234
1690731257154,1012.6529
1690731257195,1012.6564
1690731257215,1012.6581
1690731257253,1012.6555
1690731257296,1012.65466
1690731257316,1012.65576
1690731257355,1012.65686
1690731257394,1012.6527
1690731257414,1012.6533
1690731257454,1012.65466
1690731257494,1012.6582
1690731257515,1012.66327
1690731257553,1012.6544
1690731257594,1012.6624
1690731257614,1012.6692
1690731257654,1012.6609
1690731257695,1012.6574
1690731257715,1012.66077
1690731257755,1012.6616
1690731257794,1012.6607
1690731257815,1012.657
1690731257854,1012.65295
1690731257895,1012.6528
1690731257919,1012.6511
1690731257954,1012.6489
1690731257995,1012.65094
1690731258014,1012.6506
1690731258054,1012.6561
1690731258094,1012.66534
1690731258114,1012.6686
1690731258154,1012.67236
1690731258194,1012.66626
1690731258214,1012.6681
1690731258254,1012.6589
1690731258294,1012.6596
1690731258314,1012.6561
1690731258354,1012.661
1690731258394,1012.66693
1690731258416,1012.657
1690731258455,1012.6559
1690731258493,1012.6597
1690731258514,1012.65894
1690731258554,1012.6697
1690731258593,1012.65607
1690731258616,1012.65686
1690731258655,1012.6619
1690731258695,1012.6621
1690731258713,1012.6664
1690731258754,1012.66895
1690731258795,1012.65955
1690731258816,1012.6519
1690731258853,1012.65515
1690731258895,1012.6583
1690731258914,1012.6549
1690731258953,1012.64844
1690731258993,1012.6543
1690731259013,1012.65924
1690731259053,1012.6465
1690731259095,1012.6441
1690731259113,1012.648
1690731259157,1012.65295
1690731259194,1012.65796
1690731259214,1012.6543
1690731259255,1012.6534
1690731259293,1012.64856
1690731259314,1012.6488
1690731259354,1012.65656
1690731259394,1012.6632
1690731259414,1012.65955
1690731259453,1012.6584
1690731259494,1012.6539
1690731259515,1012.65247
1690731259553,1012.65186
1690731259595,1012.65356
1690731259614,1012.6568
1690731259653,1012.6595
1690731259693,1012.6582
1690731259713,1012.65564
1690731259752,1012.657
1690731259794,1012.6576
1690731259814,1012.6692
1690731259854,1012.667
1690731259893,1012.66187
1690731259913,1012.6567
1690731259952,1012.65576
1690731259992,1012.653
1690731260012,1012.6541
1690731260054,1012.65234
1690731260094,1012.652
1690731260112,1012.6575
1690731260152,1012.6563
1690731260195,1012.6579
1690731260213,1012.65704
1690731260276,1012.65155
1690731260293,1012.6515
1690731260314,1012.65375
1690731260353,1012.6543
1690731260395,1012.6532
1690731260414,1012.6538
1690731260456,1012.6596
1690731260493,1012.6603
1690731260512,1012.65515
1690731260554,1012.6526
1690731260592,1012.648
1690731260613,1012.64905
1690731260655,1012.6405
1690731260693,1012.6442
1690731260714,1012.6355
1690731260755,1012.6404
1690731260793,1012.6424
1690731260814,1012.6417
1690731260853,1012.646
1690731260892,1012.6479
1690731260914,1012.6474
1690731260954,1012.6393
1690731260992,1012.63763
1690731261012,1012.6314
1690731261052,1012.64124
1690731261092,1012.6438
1690731261113,1012.63904
1690731261154,1012.6349
1690731261192,1012.63794
1690731261212,1012.6356
1690731261253,1012.64417
1690731261292,1012.6458
1690731261313,1012.6382
1690731261354,1012.63464
1690731261392,1012.64294
1690731261412,1012.6531
1690731261453,1012.6513
1690731261492,1012.651
1690731261512,1012.64825
1690731261553,1012.6369
1690731261592,1012.631
1690731261613,1012.6333
1690731261652,1012.64624
1690731261692,1012.6439
1690731261714,1012.6437
1690731261754,1012.6515
1690731261791,1012.65234
1690731261811,1012.6439
1690731261854,1012.6495
1690731261894,1012.6479
1690731261912,1012.65393
1690731261953,1012.6503
1690731261992,1012.6528
1690731262012,1012.65375
1690731262054,1012.64197
1690731262092,1012.63074
1690731262113,1012.6258
1690731262154,1012.6223
1690731262191,1012.6212
1690731262213,1012.61365
1690731262252,1012.622
1690731262294,1012.62573
1690731262313,1012.62427
1690731262352,1012.6214
1690731262391,1012.614
1690731262412,1012.6053
1690731262458,1012.60315
1690731262490,1012.6018
1690731262511,1012.6033
1690731262551,1012.6029
1690731262594,1012.60345
1690731262610,1012.60114
1690731262652,1012.5898
1690731262694,1012.5908
1690731262712,1012.59735
1690731262752,1012.6002
1690731262794,1012.59924
1690731262812,1012.5996
1690731262851,1012.606
1690731262893,1012.6107
1690731262913,1012.6123
1690731262953,1012.60657
1690731262991,1012.6128
1690731263010,1012.62744
1690731263052,1012.63605
1690731263090,1012.6422
1690731263112,1012.6389
1690731263152,1012.64954
1690731263190,1012.64905
1690731263211,1012.6531
1690731263252,1012.65784
1690731263290,1012.6587
1690731263333,1012.6636
1690731263353,1012.6668
1690731263391,1012.6752
1690731263434,1012.66846
1690731263450,1012.6625
1690731263490,1012.6677
1690731263535,1012.6758
1690731263551,1012.67285
1690731263590,1012.67365
1690731263631,1012.67236
1690731263651,1012.672
1690731263691,1012.67126
1690731263733,1012.66455
1690731263750,1012.6654
1690731263792,1012.66406
1690731263831,1012.66064
1690731263850,1012.657
1690731263891,1012.6633
1690731263931,1012.6604
1690731263955,1012.66095
1690731263990,1012.6677
1690731264030,1012.6699
1690731264054,1012.664
1690731264092,1012.6617
1690731264132,1012.6625
1690731264152,1012.6674
1690731264190,1012.66833
1690731264231,1012.666
1690731264249,1012.6686
1690731264291,1012.6718
1690731264332,1012.6755
1690731264350,1012.67224
1690731264394,1012.6703
1690731264429,1012.6638
1690731264449,1012.66437
1690731264490,1012.66956
1690731264535,1012.678
1690731264551,1012.6734
1690731264594,1012.67474
1690731264631,1012.6668
1690731264652,1012.6707
1690731264691,1012.6679
1690731264730,1012.66797
1690731264750,1012.6736
1690731264791,1012.67584
1690731264830,1012.6716
1690731264849,1012.6768
1690731264891,1012.6748
1690731264931,1012.6721
1690731264952,1012.67365
1690731264989,1012.6685
1690731265010,1012.68427
1690731265052,1012.6824
1690731265091,1012.6803
1690731265130,1012.68713
1690731265150,1012.68964
1690731265190,1012.67346
1690731265230,1012.6721
1690731265263,1012.6686
1690731265289,1012.6668
1690731265332,1012.66174
1690731265349,1012.66705
1690731265388,1012.6742
1690731265429,1012.681
1690731265464,1012.6841
1690731265489,1012.6864
1690731265529,1012.693
1690731265553,1012.6819
1690731265589,1012.6707
1690731265632,1012.6674
1690731265651,1012.67773
1690731265693,1012.6787
1690731265729,1012.6736
1690731265749,1012.66974
1690731265790,1012.6694
1690731265829,1012.669
1690731265849,1012.6704
1690731265891,1012.6765
1690731265930,1012.68286
1690731265949,1012.6775
1690731265988,1012.6794
1690731266029,1012.68274
1690731266050,1012.6833
1690731266089,1012.6812
1690731266130,1012.6804
1690731266150,1012.6761
1690731266189,1012.68555
1690731266230,1012.6804
1690731266249,1012.6821
1690731266289,1012.68713
1690731266330,1012.7009
1690731266350,1012.70166
1690731266389,1012.69977
1690731266434,1012.69366
1690731266448,1012.6884
1690731266489,1012.6918
1690731266530,1012.6957
1690731266558,1012.69214
1690731266589,1012.69226
1690731266630,1012.68274
1690731266652,1012.66846
1690731266690,1012.67596
1690731266730,1012.67926
1690731266749,1012.68396
1690731266789,1012.68506
1690731266829,1012.6853
1690731266849,1012.67725
1690731266888,1012.67255
1690731266933,1012.67004
1690731266949,1012.66895
1690731266988,1012.6649
1690731267028,1012.669
1690731267054,1012.6606
1690731267088,1012.6504
1690731267130,1012.6591
1690731267148,1012.65344
1690731267191,1012.6498
1690731267229,1012.66156
1690731267250,1012.6544
1690731267289,1012.6636
1690731267329,1012.66473
1690731267349,1012.6591
1690731267388,1012.6631
1690731267428,1012.6631
1690731267450,1012.67175
1690731267489,1012.6615
1690731267528,1012.65784
1690731267552,1012.6537
1690731267589,1012.6577
1690731267629,1012.65564
1690731267649,1012.6562
1690731267689,1012.65247
1690731267730,1012.64905
1690731267748,1012.6454
1690731267788,1012.6526
1690731267830,1012.6499
1690731267851,1012.65533
1690731267889,1012.66
1690731267928,1012.6576
1690731267955,1012.6531
1690731267987,1012.654
1690731268032,1012.6557
1690731268049,1012.65967
1690731268090,1012.66125
1690731268131,1012.6605
1690731268149,1012.65344
1690731268188,1012.65576
1690731268230,1012.6522
1690731268249,1012.6564
1690731268289,1012.6638
1690731268329,1012.6652
1690731268349,1012.6551
1690731268389,1012.65106
1690731268430,1012.6541
1690731268451,1012.6587
1690731268487,1012.66095
1690731268536,1012.6612
1690731268549,1012.66925
1690731268588,1012.66943
1690731268628,1012.67267
1690731268647,1012.6671
1690731268688,1012.6576
1690731268727,1012.6607
1690731268748,1012.66003
1690731268788,1012.65784
1690731268834,1012.66144
1690731268849,1012.6523
1690731268889,1012.6557
1690731268929,1012.66016
1690731268949,1012.6571
1690731268987,1012.6542
1690731269027,1012.6563
1690731269049,1012.66235
1690731269088,1012.6578
1690731269129,1012.6587
1690731269149,1012.6597
1690731269189,1012.65735
1690731269231,1012.6565
1690731269248,1012.6597
1690731269290,1012.6586
1690731269328,1012.65906
1690731269348,1012.6543
1690731269388,1012.6553
1690731269428,1012.65796
1690731269447,1012.6568
1690731269487,1012.65497
1690731269527,1012.6525
1690731269549,1012.65607
1690731269587,1012.6573
1690731269632,1012.6623
1690731269648,1012.6615
1690731269687,1012.6655
1690731269730,1012.6688
1690731269747,1012.67017
1690731269788,1012.66284
1690731269828,1012.65625
1690731269847,1012.6648
1690731269887,1012.6606
1690731269928,1012.6659
1690731269947,1012.6656
1690731269986,1012.6637
1690731270028,1012.6657
1690731270048,1012.65643
1690731270092,1012.6483
1690731270126,1012.64484
1690731270146,1012.6572
1690731270187,1012.6583
1690731270228,1012.659
1690731270248,1012.64624
1690731270288,1012.6526
1690731270332,1012.64984
1690731270346,1012.6534
1690731270388,1012.65906
1690731270430,1012.66064
1690731270449,1012.6532
1690731270487,1012.6566
1690731270527,1012.6598
1690731270549,1012.6717
1690731270586,1012.6725
1690731270627,1012.6637
1690731270646,1012.66675
1690731270686,1012.6687
1690731270729,1012.6644
1690731270748,1012.6698
1690731270787,1012.66266
1690731270828,1012.6622
1690731270848,1012.66486
1690731270888,1012.66034
1690731270926,1012.658
1690731270947,1012.66113
1690731270987,1012.6581
1690731271026,1012.664
1690731271046,1012.6605
1690731271087,1012.656
1690731271129,1012.6558
1690731271147,1012.6687
1690731271187,1012.66547
1690731271227,1012.6647
1690731271247,1012.66394
1690731271290,1012.6675
1690731271327,1012.6633
1690731271347,1012.6626
1690731271388,1012.665
1690731271426,1012.6636
1690731271445,1012.6683
1690731271486,1012.6744
1690731271527,1012.68353
1690731271548,1012.68677
1690731271585,1012.69244
1690731271626,1012.69885
1690731271649,1012.7046
1690731271688,1012.7101
1690731271728,1012.7148
1690731271746,1012.72595
1690731271786,1012.7382
1690731271826,1012.73883
1690731271846,1012.7481
1690731271886,1012.75653
1690731271926,1012.7711
1690731271947,1012.77856
1690731271985,1012.7787
1690731272025,1012.7895
1690731272047,1012.8022
1690731272086,1012.8186
1690731272126,1012.83405
1690731272147,1012.84656
1690731272190,1012.84827
1690731272226,1012.85657
1690731272246,1012.8757
1690731272288,1012.8805
1690731272326,1012.89215
1690731272346,1012.9011
1690731272385,1012.90894
1690731272426,1012.91925
1690731272449,1012.93475
1690731272487,1012.9385
1690731272526,1012.9454
1690731272546,1012.9633
1690731272586,1012.9804
1690731272626,1012.9913
1690731272646,1012.99744
1690731272686,1013.00525
1690731272725,1013.0202
1690731272745,1013.0354
1690731272786,1013.04926
1690731272825,1013.0485
1690731272845,1013.05664
1690731272887,1013.06366
1690731272927,1013.07043
1690731272946,1013.0762
1690731272985,1013.0847
1690731273025,1013.08527
1690731273048,1013.0925
1690731273086,1013.09705
1690731273126,1013.1066
1690731273148,1013.1093
1690731273188,1013.10944
1690731273225,1013.11237
1690731273245,1013.1165
1690731273286,1013.12415
1690731273327,1013.12555
1690731273345,1013.12354
1690731273385,1013.1274
1690731273429,1013.13574
1690731273449,1013.1355
1690731273485,1013.1421
1690731273524,1013.14056
1690731273546,1013.1418
1690731273587,1013.1386
1690731273626,1013.1395
1690731273647,1013.1383
1690731273686,1013.14496
1690731273727,1013.15607
1690731273745,1013.1478
1690731273785,1013.1505
1690731273826,1013.1544
1690731273846,1013.16156
1690731273888,1013.1643
1690731273925,1013.1681
1690731273946,1013.1675
1690731273986,1013.1592
1690731274024,1013.15454
1690731274044,1013.15784
1690731274085,1013.15704
1690731274126,1013.1604
1690731274144,1013.1565
1690731274185,1013.15173
1690731274226,1013.1492
1690731274247,1013.14984
1690731274287,1013.1493
1690731274326,1013.15173
1690731274345,1013.1485
1690731274385,1013.1439
1690731274425,1013.13763
1690731274447,1013.14453
1690731274490,1013.1461
1690731274524,1013.1405
1690731274544,1013.14014
1690731274586,1013.1448
1690731274625,1013.14136
1690731274647,1013.1444
1690731274684,1013.14246
1690731274724,1013.14185
1690731274745,1013.14294
1690731274784,1013.1396
1690731274826,1013.13684
1690731274847,1013.1324
1690731274883,1013.136
1690731274925,1013.1341
1690731274945,1013.1371
1690731274985,1013.13617
1690731275024,1013.1323
1690731275044,1013.1315
1690731275084,1013.1305
1690731275124,1013.1229
1690731275145,1013.1293
1690731275207,1013.1322
1690731275225,1013.131
1690731275244,1013.12634
1690731275287,1013.1237
1690731275324,1013.11664
1690731275346,1013.1142
1690731275385,1013.1168
1690731275424,1013.1244
1690731275445,1013.12024
1690731275485,1013.12195
1690731275524,1013.1177
1690731275544,1013.118
1690731275583,1013.119
1690731275624,1013.1113
1690731275643,1013.1107
1690731275683,1013.1039
1690731275724,1013.1004
1690731275743,1013.1029
1690731275784,1013.104
1690731275825,1013.10455
1690731275844,1013.103
1690731275887,1013.1
1690731275923,1013.0961
1690731275943,1013.0946
1690731275983,1013.1009
1690731276024,1013.1003
1690731276043,1013.08923
1690731276083,1013.08545
1690731276123,1013.08386
1690731276144,1013.0821
1690731276184,1013.08875
1690731276223,1013.0921
1690731276243,1013.0839
1690731276284,1013.08704
1690731276323,1013.08234
1690731276343,1013.0849
1690731276385,1013.08496
1690731276426,1013.0827
1690731276446,1013.0802
1690731276483,1013.0787
1690731276523,1013.07104
1690731276543,1013.07104
1690731276583,1013.07794
1690731276624,1013.08606
1690731276643,1013.0812
1690731276685,1013.07806
1690731276724,1013.0797
1690731276744,1013.079
1690731276784,1013.0757
1690731276824,1013.06995
1690731276844,1013.0641
1690731276886,1013.063
1690731276927,1013.0585
1690731276944,1013.056
1690731276984,1013.06104
1690731277024,1013.05756
1690731277044,1013.0564
1690731277084,1013.05054
1690731277124,1013.0507
1690731277144,1013.0555
1690731277183,1013.0588
1690731277224,1013.0691
1690731277243,1013.0695
1690731277285,1013.0629
1690731277325,1013.0592
1690731277345,1013.0545
1690731277384,1013.05945
1690731277423,1013.0573
1690731277445,1013.05426
1690731277488,1013.06116
1690731277522,1013.0585
1690731277542,1013.0629
1690731277583,1013.05725
1690731277623,1013.0511
1690731277643,1013.0462
1690731277684,1013.0419
1690731277725,1013.04407
1690731277745,1013.05084
1690731277784,1013.0418
1690731277823,1013.0482
1690731277843,1013.04987
1690731277886,1013.0583
1690731277924,1013.05505
1690731277943,1013.0565
1690731277987,1013.0509
1690731278023,1013.05505
1690731278042,1013.0576
1690731278083,1013.044
1690731278124,1013.0402
1690731278145,1013.0306
1690731278183,1013.02405
1690731278222,1013.03125
1690731278243,1013.0359
1690731278282,1013.03644
1690731278323,1013.04144
1690731278343,1013.0443
1690731278383,1013.04706
1690731278422,1013.0402
1690731278442,1013.042
1690731278484,1013.0455
1690731278522,1013.04004
1690731278544,1013.0343
1690731278583,1013.0325
1690731278622,1013.02905
1690731278643,1013.0283
1690731278682,1013.0203
1690731278725,1013.024
1690731278744,1013.0226
1690731278783,1013.0242
1690731278822,1013.02924
1690731278842,1013.0329
1690731278882,1013.0305
1690731278923,1013.0273
1690731278952,1013.02893
1690731278982,1013.01495
1690731279021,1013.0154
1690731279041,1013.0182
1690731279084,1013.0207
1690731279123,1013.02057
1690731279143,1013.01636
1690731279182,1013.0227
1690731279224,1013.02014
1690731279241,1013.0156
1690731279282,1013.0155
1690731279323,1013.01855
1690731279342,1013.0115
1690731279382,1013.0031
1690731279421,1013.00024
1690731279441,1013.0085
1690731279482,1013.00824
1690731279522,1013.0188
1690731279542,1013.0082
1690731279582,1013.01764
1690731279623,1013.0183
1690731279643,1013.0209
1690731279683,1013.01697
1690731279722,1013.0152
1690731279747,1013.0065
1690731279782,1013.01013
1690731279822,1013.0127
1690731279843,1013.01
1690731279883,1013.01697
1690731279922,1013.01886
1690731279941,1013.008
1690731279986,1013.0054
1690731280020,1013.0005
1690731280042,1012.99744
1690731280081,1013.0038
1690731280121,1013.0043
1690731280142,1013.00165
1690731280181,1012.99084
1690731280222,1012.9883
1690731280242,1012.9921
1690731280283,1012.9936
1690731280321,1012.98883
1690731280342,1012.99927
1690731280381,1012.9926
1690731280421,1012.99084
1690731280443,1012.99805
1690731280484,1013.0016
1690731280520,1013.004
1690731280542,1013.0044
1690731280583,1013.00073
1690731280623,1013.00146
1690731280641,1013.001
1690731280681,1013.0006
1690731280722,1012.99896
1690731280741,1013.00464
1690731280782,1013.003
1690731280826,1013.00116
1690731280841,1012.9934
1690731280882,1012.9922
1690731280922,1012.9878
1690731280941,1012.98645
1690731280983,1012.98895
1690731281021,1012.98584
1690731281040,1012.9896
1690731281087,1012.98584
1690731281121,1012.9845
1690731281141,1012.98535
1690731281182,1012.9866
1690731281222,1012.9788
1690731281242,1012.98663
1690731281281,1012.98
1690731281321,1012.9851
1690731281341,1012.9851
1690731281381,1012.98254
1690731281422,1012.98047
1690731281442,1012.9745
1690731281480,1012.97754
1690731281522,1012.9844
1690731281541,1012.98096
1690731281583,1012.98114
1690731281621,1012.97864
1690731281641,1012.9707
1690731281681,1012.97833
1690731281722,1012.97577
1690731281742,1012.9703
1690731281782,1012.968
1690731281820,1012.959
1690731281841,1012.96063
1690731281881,1012.96094
1690731281920,1012.9619
1690731281942,1012.9593
1690731281980,1012.9607
1690731282020,1012.95935
1690731282040,1012.958
1690731282082,1012.96655
1690731282121,1012.96387
1690731282141,1012.95746
1690731282184,1012.9497
1690731282220,1012.94196
1690731282240,1012.9404
1690731282280,1012.9433
1690731282320,1012.9475
1690731282343,1012.9461
1690731282380,1012.9427
1690731282423,1012.9462
1690731282442,1012.9381
1690731282480,1012.93866
1690731282519,1012.9405
1690731282539,1012.9283
1690731282581,1012.9247
1690731282629,1012.9149
1690731282640,1012.917
1690731282681,1012.9121
1690731282723,1012.9024
1690731282742,1012.89764
1690731282780,1012.90204
1690731282820,1012.8999
1690731282840,1012.8987
1690731282879,1012.8982
1690731282919,1012.8977
1690731282941,1012.8903
1690731282983,1012.89
1690731283019,1012.8829
1690731283040,1012.8757
1690731283080,1012.8733
1690731283120,1012.87274
1690731283140,1012.8716
1690731283181,1012.8701
1690731283221,1012.86597
1690731283241,1012.86194
1690731283280,1012.862
1690731283319,1012.8592
1690731283341,1012.85974
1690731283381,1012.8469
1690731283421,1012.84576
1690731283442,1012.84656
1690731283480,1012.8537
1690731283519,1012.8485
1690731283540,1012.84106
1690731283580,1012.8357
1690731283622,1012.8336
1690731283640,1012.8346
1690731283683,1012.82886
1690731283721,1012.83246
1690731283741,1012.83246
1690731283781,1012.8262
1690731283820,1012.8258
1690731283842,1012.825
1690731283879,1012.8144
1690731283922,1012.81195
1690731283940,1012.8171
1690731283980,1012.8102
1690731284018,1012.8096
1690731284038,1012.8048
1690731284081,1012.80786
1690731284119,1012.80756
1690731284142,1012.79944
1690731284180,1012.8044
1690731284220,1012.79486
1690731284240,1012.7886
1690731284279,1012.7848
1690731284320,1012.7806
1690731284340,1012.7827
1690731284380,1012.7828
1690731284422,1012.77966
1690731284451,1012.7859
1690731284479,1012.77905
1690731284518,1012.77893
1690731284538,1012.77515
1690731284585,1012.77234
1690731284618,1012.7769
1690731284639,1012.77856
1690731284680,1012.77795
1690731284719,1012.77356
1690731284739,1012.76904
1690731284780,1012.76764
1690731284819,1012.76544
1690731284839,1012.7615
1690731284880,1012.76984
1690731284919,1012.76733
1690731284940,1012.771
1690731284979,1012.7727
1690731285018,1012.7633
1690731285038,1012.75977
1690731285079,1012.74805
1690731285118,1012.7459
1690731285140,1012.75415
1690731285180,1012.75146
1690731285218,1012.75476
1690731285259,1012.75806
1690731285278,1012.7503
1690731285322,1012.7471
1690731285359,1012.7471
1690731285379,1012.7451
1690731285419,1012.74316
1690731285458,1012.7473
1690731285479,1012.74896
1690731285518,1012.73865
1690731285559,1012.7373
1690731285578,1012.73615
1690731285619,1012.7388
1690731285658,1012.74
1690731285679,1012.7436
1690731285720,1012.74176
1690731285764,1012.7329
1690731285779,1012.73596
1690731285818,1012.7352
1690731285860,1012.7348
1690731285883,1012.73175
1690731285918,1012.7254
1690731285960,1012.7256
1690731285978,1012.72723
1690731286018,1012.72675
1690731286058,1012.72217
1690731286077,1012.7234
1690731286118,1012.72327
1690731286160,1012.7263
1690731286179,1012.7289
1690731286219,1012.7299
1690731286258,1012.7244
1690731286278,1012.7283
1690731286318,1012.7331
1690731286359,1012.73364
1690731286381,1012.72797
1690731286418,1012.73047
1690731286458,1012.72473
1690731286479,1012.718
1690731286518,1012.71423
1690731286558,1012.7278
1690731286578,1012.72003
1690731286617,1012.7131
1690731286659,1012.7091
1690731286679,1012.71936
1690731286718,1012.7187
1690731286758,1012.71796
1690731286778,1012.7106
1690731286818,1012.70514
1690731286858,1012.70856
1690731286877,1012.7052
1690731286918,1012.7119
1690731286958,1012.7193
1690731286979,1012.72375
1690731287018,1012.7234
1690731287057,1012.7165
1690731287077,1012.71014
1690731287117,1012.7073
1690731287157,1012.709
1690731287178,1012.7092
1690731287219,1012.71014
1690731287258,1012.7062
1690731287278,1012.7105
1690731287319,1012.71063
1690731287358,1012.7135
1690731287377,1012.71045
1690731287417,1012.7074
1690731287457,1012.7017
1690731287480,1012.7001
1690731287518,1012.7014
1690731287557,1012.6963
1690731287578,1012.697
1690731287618,1012.6979
1690731287658,1012.69775
1690731287678,1012.70526
1690731287717,1012.70557
1690731287738,1012.70605
1690731287776,1012.71014
1690731287817,1012.70483
1690731287859,1012.7072
1690731287878,1012.7006
1690731287917,1012.70605
1690731287957,1012.69946
1690731287978,1012.6981
1690731288017,1012.6986
1690731288057,1012.70886
1690731288076,1012.7096
1690731288117,1012.70447
1690731288156,1012.69604
1690731288178,1012.70215
1690731288221,1012.70325
1690731288258,1012.7036
1690731288278,1012.7001
1690731288318,1012.6915
1690731288357,1012.6844
1690731288377,1012.68555
1690731288417,1012.6889
1690731288459,1012.69104
1690731288477,1012.69617
1690731288516,1012.70074
1690731288556,1012.694
1690731288577,1012.68744
1690731288618,1012.6874
1690731288659,1012.69385
1690731288677,1012.6952
1690731288717,1012.692
1690731288758,1012.69366
1690731288778,1012.69635
1690731288817,1012.69745
1690731288857,1012.6917
1690731288878,1012.6921
1690731288918,1012.6885
1690731288957,1012.68604
1690731288978,1012.69727
1690731289015,1012.6919
1690731289056,1012.6926
1690731289077,1012.686
1690731289117,1012.69165
1690731289157,1012.6899
1690731289177,1012.6924
1690731289218,1012.6952
1690731289257,1012.69324
1690731289277,1012.6977
1690731289317,1012.7013
1690731289356,1012.7031
1690731289376,1012.69336
1690731289417,1012.68317
1690731289457,1012.6827
1690731289476,1012.6959
1690731289515,1012.7033
1690731289557,1012.7079
1690731289576,1012.702
1690731289617,1012.7024
1690731289657,1012.69147
1690731289678,1012.6847
1690731289718,1012.6847
1690731289756,1012.68713
1690731289776,1012.69543
1690731289816,1012.68604
1690731289857,1012.69037
1690731289878,1012.7069
1690731289917,1012.7089
1690731289956,1012.7033
1690731289977,1012.69617
1690731290015,1012.6993
1690731290057,1012.6991
1690731290077,1012.6977
1690731290117,1012.70056
1690731290157,1012.7033
1690731290177,1012.6928
1690731290219,1012.69165
1690731290257,1012.69727
1690731290277,1012.6946
1690731290316,1012.69464
1690731290356,1012.6967
1690731290377,1012.702
1690731290416,1012.698
1690731290456,1012.69794
1690731290476,1012.69684
1690731290518,1012.69965
1690731290555,1012.69995
1690731290575,1012.69604
1690731290615,1012.6896
1690731290656,1012.68933
1690731290675,1012.69073
1690731290716,1012.68945
1690731290759,1012.68036
1690731290775,1012.6837
1690731290818,1012.68665
1690731290858,1012.6909
1690731290875,1012.68774
1690731290918,1012.6896
1690731290956,1012.7008
1690731290977,1012.6935
1690731291017,1012.69214
1690731291056,1012.69116
1690731291076,1012.6907
1690731291116,1012.69727
1690731291156,1012.7045
1690731291177,1012.7074
1690731291216,1012.7103
1690731291256,1012.71027
1690731291276,1012.7083
1690731291315,1012.70953
1690731291356,1012.70856
1690731291378,1012.7018
1690731291417,1012.7013
1690731291455,1012.6953
1690731291476,1012.69745
1690731291515,1012.69714
1690731291555,1012.6951
1690731291575,1012.6951
1690731291616,1012.69714
1690731291656,1012.69635
1690731291675,1012.69653
1690731291716,1012.69824
1690731291757,1012.6926
1690731291776,1012.6861
1690731291816,1012.68604
1690731291856,1012.69336
1690731291875,1012.70056
1690731291916,1012.71375
1690731291956,1012.7159
1690731291975,1012.7065
1690731292018,1012.7029
1690731292055,1012.71497
1690731292075,1012.7197
1690731292120,1012.7196
1690731292155,1012.7157
1690731292175,1012.7125
1690731292215,1012.7027
1690731292256,1012.6983
1690731292276,1012.68884
1690731292315,1012.6967
1690731292355,1012.6993
1690731292376,1012.7004
1690731292417,1012.6992
1690731292455,1012.69995
1690731292476,1012.70184
1690731292520,1012.7074
1690731292554,1012.6937
1690731292574,1012.69556
1690731292616,1012.70215
1690731292656,1012.7066
1690731292676,1012.70184
1690731292715,1012.7007
1690731292756,1012.7064
1690731292776,1012.70685
1690731292817,1012.70514
1690731292860,1012.70386
1690731292874,1012.7062
1690731292916,1012.7076
1690731292955,1012.71313
1690731292976,1012.7171
1690731293017,1012.7056
1690731293054,1012.7086
1690731293076,1012.717
1690731293115,1012.71515
1690731293156,1012.71246
1690731293176,1012.70605
1690731293216,1012.70447
1690731293255,1012.70557
1690731293274,1012.713
1690731293314,1012.7155
1690731293357,1012.7157
1690731293375,1012.7202
1690731293415,1012.719
1690731293458,1012.7162
1690731293475,1012.72095
1690731293519,1012.7267
1690731293554,1012.7278
1690731293575,1012.71906
1690731293616,1012.71277
1690731293655,1012.71265
1690731293674,1012.70935
1690731293715,1012.72046
1690731293755,1012.7247
1690731293774,1012.7189
1690731293814,1012.71375
1690731293856,1012.71405
1690731293875,1012.712
1690731293915,1012.70874
1690731293954,1012.71277
1690731293974,1012.7136
1690731294015,1012.7066
1690731294054,1012.7111
1690731294074,1012.7184
1690731294115,1012.7191
1690731294154,1012.71893
1690731294175,1012.7218
1690731294220,1012.7319
1690731294254,1012.73
1690731294273,1012.722
1690731294314,1012.72034
1690731294355,1012.7223
1690731294374,1012.7222
1690731294414,1012.71344
1690731294453,1012.7076
1690731294473,1012.7018
1690731294514,1012.7097
1690731294554,1012.71497
1690731294573,1012.7251
1690731294615,1012.7224
1690731294655,1012.728
1690731294675,1012.7291
1690731294715,1012.7334
1690731294756,1012.7297
1690731294774,1012.73126
1690731294814,1012.72754
1690731294854,1012.718
1690731294874,1012.7123
1690731294914,1012.7146
1690731294953,1012.7147
1690731294975,1012.71594
1690731295016,1012.7088
1690731295054,1012.71387
1690731295074,1012.7191
1690731295120,1012.718
1690731295154,1012.7179
1690731295175,1012.7221
1690731295213,1012.72235
1690731295255,1012.7226
1690731295275,1012.71466
1690731295315,1012.7083
1690731295354,1012.71136
1690731295374,1012.7157
1690731295414,1012.72705
1690731295456,1012.7273
1690731295475,1012.72345
1690731295515,1012.729
1690731295554,1012.7224
1690731295574,1012.7185
1690731295616,1012.7196
1690731295654,1012.7222
1690731295676,1012.7186
1690731295715,1012.71375
1690731295756,1012.72144
1690731295775,1012.7271
1690731295814,1012.7273
1690731295854,1012.72473
1690731295875,1012.7218
1690731295914,1012.7202
1690731295954,1012.71765
1690731295973,1012.7236
1690731296013,1012.7257
1690731296053,1012.72156
1690731296073,1012.72705
1690731296115,1012.73083
1690731296153,1012.7342
1690731296174,1012.7346
1690731296213,1012.7333
1690731296253,1012.72906
1690731296273,1012.72546
1690731296315,1012.72437
1690731296354,1012.72363
1690731296373,1012.724
1690731296414,1012.72644
1690731296454,1012.7244
1690731296475,1012.72546
1690731296513,1012.729
1690731296551,1012.7273
1690731296574,1012.7261
1690731296614,1012.72705
1690731296653,1012.7286
1690731296673,1012.7302
1690731296714,1012.7313
1690731296752,1012.73096
1690731296772,1012.7361
1690731296813,1012.7372
1690731296853,1012.7297
1690731296874,1012.7322
1690731296913,1012.7328
1690731296952,1012.7289
1690731296973,1012.7318
1690731297015,1012.73474
1690731297053,1012.73553
1690731297071,1012.72974
1690731297112,1012.72327
1690731297151,1012.7177
1690731297173,1012.7197
1690731297215,1012.72577
1690731297253,1012.728
1690731297274,1012.72614
1690731297312,1012.72626
1690731297353,1012.7244
1690731297372,1012.72687
1690731297415,1012.71936
1690731297454,1012.7206
1690731297472,1012.7267
1690731297513,1012.7383
1690731297552,1012.7402
1690731297571,1012.744
1690731297612,1012.74133
1690731297654,1012.7367
1690731297674,1012.7368
1690731297713,1012.7351
1690731297752,1012.73096
1690731297773,1012.7339
1690731297815,1012.7308
1690731297852,1012.73145
1690731297872,1012.7175
1690731297913,1012.7229
1690731297953,1012.7174
1690731297972,1012.7218
1690731298014,1012.7229
1690731298055,1012.72736
1690731298071,1012.72394
1690731298112,1012.7257
1690731298152,1012.726
1690731298174,1012.7231
1690731298214,1012.7237
1690731298256,1012.7284
1690731298273,1012.7239
1690731298311,1012.7236
1690731298354,1012.7229
1690731298372,1012.7173
1690731298412,1012.71985
1690731298452,1012.7279
1690731298475,1012.72986
1690731298511,1012.7344
1690731298554,1012.74
1690731298571,1012.73474
1690731298611,1012.7306
1690731298652,1012.7251
1690731298671,1012.7267
1690731298712,1012.7322
1690731298754,1012.7263
1690731298772,1012.7134
1690731298812,1012.719
1690731298853,1012.72125
1690731298871,1012.7235
1690731298912,1012.7229
1690731298951,1012.72394
1690731298972,1012.7264
1690731299012,1012.7282
1690731299051,1012.73193
1690731299071,1012.7405
1690731299112,1012.73474
1690731299150,1012.737
1690731299170,1012.7338
1690731299214,1012.73505
1690731299250,1012.7355
1690731299270,1012.73596
1690731299310,1012.7421
1690731299350,1012.74133
1690731299371,1012.7415
1690731299414,1012.738
1690731299450,1012.74066
1690731299470,1012.74493
1690731299510,1012.7433
1690731299551,1012.74646
1690731299570,1012.7359
1690731299610,1012.7432
1690731299651,1012.7407
1690731299670,1012.7385
1690731299710,1012.74316
1690731299750,1012.73914
1690731299772,1012.74536
1690731299812,1012.7356
1690731299850,1012.73157
1690731299874,1012.72876
1690731299912,1012.72986
1690731299952,1012.72485
1690731299970,1012.71924
1690731300013,1012.7262
1690731300050,1012.7242
1690731300069,1012.7269
1690731300109,1012.7333
1690731300151,1012.732
1690731300172,1012.7295
1690731300210,1012.7272
1690731300252,1012.7406
1690731300273,1012.74243
1690731300313,1012.7386
1690731300350,1012.73254
1690731300369,1012.73236
1690731300414,1012.7343
1690731300451,1012.7326
1690731300471,1012.7367
1690731300512,1012.7411
1690731300549,1012.73535
1690731300570,1012.732
1690731300614,1012.73425
1690731300650,1012.7271
1690731300671,1012.72534
1690731300711,1012.725
1690731300753,1012.72095
1690731300772,1012.7268
1690731300811,1012.7294
1690731300851,1012.7257
1690731300870,1012.7242
1690731300911,1012.7165
1690731300952,1012.71796
1690731300970,1012.7246
1690731301013,1012.72174
1690731301049,1012.72235
1690731301069,1012.7242
1690731301112,1012.7259
1690731301150,1012.7198
1690731301170,1012.72003
1690731301211,1012.7264
1690731301251,1012.7322
1690731301272,1012.7324
1690731301309,1012.7312
1690731301350,1012.72516
1690731301372,1012.7316
1690731301411,1012.72156
1690731301450,1012.71985
1690731301469,1012.7187
1690731301509,1012.71576
1690731301549,1012.72064
1690731301570,1012.7345
1690731301617,1012.7319
1690731301649,1012.7225
1690731301670,1012.7265
1690731301710,1012.7229
1690731301749,1012.7287
1690731301772,1012.7264
1690731301809,1012.7172
1690731301850,1012.723
1690731301870,1012.7287
1690731301910,1012.7417
1690731301951,1012.7406
1690731301972,1012.74365
1690731302009,1012.7423
1690731302050,1012.743
1690731302069,1012.7399
1690731302111,1012.7447
1690731302149,1012.7496
1690731302170,1012.75616
1690731302212,1012.7519
1690731302249,1012.7506
1690731302272,1012.75757
1690731302309,1012.76086
1690731302350,1012.76154
1690731302370,1012.767
1690731302409,1012.7691
1690731302449,1012.7736
1690731302470,1012.78015
1690731302510,1012.7783
1690731302549,1012.78253
1690731302569,1012.7798
1690731302610,1012.77563
1690731302649,1012.77765
1690731302669,1012.7873
1690731302708,1012.798
1690731302748,1012.8021
1690731302770,1012.8007
1690731302810,1012.7957
1690731302848,1012.7903
1690731302869,1012.7881
1690731302910,1012.799
1690731302950,1012.8119
1690731302969,1012.816
1690731303010,1012.81604
1690731303047,1012.8196
1690731303067,1012.8242
1690731303109,1012.82007
1690731303148,1012.8279
1690731303173,1012.8303
1690731303209,1012.8218
1690731303253,1012.83154
1690731303268,1012.8373
1690731303310,1012.8391
1690731303348,1012.83124
1690731303369,1012.8269
1690731303409,1012.83734
1690731303449,1012.83484
1690731303469,1012.8287
1690731303509,1012.8269
1690731303549,1012.83453
1690731303568,1012.84106
1690731303609,1012.8421
1690731303649,1012.84076
1690731303671,1012.84924
1690731303708,1012.8557
1690731303748,1012.8584
1690731303770,1012.848
1690731303809,1012.84717
1690731303849,1012.845
1690731303870,1012.84753
1690731303908,1012.8533
1690731303949,1012.86414
1690731303969,1012.8651
1690731304009,1012.8659
1690731304047,1012.86316
1690731304067,1012.8666
1690731304110,1012.86664
1690731304148,1012.8711
1690731304167,1012.8644
1690731304210,1012.86285
1690731304249,1012.85254
1690731304269,1012.8503
1690731304309,1012.8575
1690731304348,1012.8661
1690731304369,1012.8778
1690731304409,1012.8824
1690731304453,1012.8817
1690731304469,1012.8721
1690731304510,1012.86646
1690731304550,1012.86536
1690731304567,1012.8679
1690731304607,1012.87756
1690731304648,1012.875
1690731304669,1012.8735
1690731304714,1012.87286
1690731304748,1012.87866
1690731304769,1012.8771
1690731304810,1012.8801
1690731304848,1012.88165
1690731304869,1012.89
1690731304910,1012.88684
1690731304949,1012.8881
1690731304970,1012.89496
1690731305008,1012.8939
1690731305047,1012.88916
1690731305067,1012.8843
1690731305108,1012.88074
1690731305147,1012.8718
1690731305168,1012.87006
1690731305208,1012.8768
1690731305249,1012.8849
1690731305272,1012.89777
1690731305307,1012.88293
1690731305348,1012.8823
1690731305367,1012.8862
1690731305410,1012.8805
1690731305448,1012.8764
1690731305468,1012.88293
1690731305507,1012.87537
1690731305551,1012.87317
1690731305566,1012.8706
1690731305607,1012.8755
1690731305648,1012.87744
1690731305668,1012.8776
1690731305706,1012.88306
1690731305747,1012.87976
1690731305766,1012.8868
1690731305808,1012.89624
1690731305848,1012.8965
1690731305868,1012.8931
1690731305908,1012.88715
1690731305946,1012.88806
1690731305968,1012.8848
1690731306008,1012.87427
1690731306050,1012.8739
1690731306066,1012.8786
1690731306107,1012.886
1690731306146,1012.8864
1690731306168,1012.8867
1690731306208,1012.88885
1690731306247,1012.8955
1690731306268,1012.8842
1690731306306,1012.891
1690731306347,1012.89136
1690731306370,1012.88696
1690731306407,1012.89374
1690731306452,1012.89905
1690731306466,1012.89575
1690731306507,1012.89355
1690731306546,1012.8972
1690731306566,1012.89087
1690731306606,1012.87964
1690731306649,1012.8802
1690731306666,1012.8823
1690731306707,1012.8869
1690731306749,1012.89014
1690731306768,1012.8887
1690731306809,1012.89215
1690731306848,1012.8926
1690731306867,1012.8938
1690731306907,1012.89795
1690731306948,1012.89703
1690731306967,1012.895
1690731307007,1012.89795
1690731307048,1012.8975
1690731307086,1012.9043
1690731307106,1012.902
1690731307148,1012.8929
1690731307187,1012.8872
1690731307207,1012.88617
1690731307248,1012.89026
1690731307287,1012.8904
1690731307306,1012.8907
1690731307347,1012.8847
1690731307387,1012.8858
1690731307409,1012.8874
1690731307447,1012.8818
1690731307490,1012.8916
1690731307507,1012.8953
1690731307545,1012.9056
1690731307566,1012.9065
1690731307606,1012.9033
1690731307646,1012.8976
1690731307689,1012.8872
1690731307709,1012.8864
1690731307746,1012.8852
1690731307787,1012.88525
1690731307807,1012.89087
1690731307848,1012.8958
1690731307887,1012.8904
1690731307908,1012.88605
1690731307946,1012.8813
1690731307987,1012.8817
1690731308007,1012.8877
1690731308046,1012.88654
1690731308085,1012.8763
1690731308105,1012.88513
1690731308147,1012.88617
1690731308187,1012.88257
1690731308208,1012.88696
1690731308247,1012.8843
1690731308287,1012.891
1690731308305,1012.8825
1690731308345,1012.8844
1690731308387,1012.8855
1690731308409,1012.8923
1690731308445,1012.9005
1690731308486,1012.89404
1690731308507,1012.89526
1690731308546,1012.89624
1690731308585,1012.89984
1690731308606,1012.89294
1690731308646,1012.8838
1690731308686,1012.89703
1690731308706,1012.89813
1690731308746,1012.8954
1690731308787,1012.893
1690731308808,1012.88715
1690731308846,1012.8888
1690731308886,1012.9033
1690731308905,1012.9001
1690731308945,1012.88696
1690731308985,1012.88904
1690731309005,1012.88837
1690731309045,1012.88074
1690731309084,1012.8816
1690731309105,1012.89325
1690731309146,1012.8932
1690731309186,1012.8923
1690731309206,1012.8854
1690731309245,1012.8806
1690731309285,1012.88196
1690731309305,1012.88135
1690731309346,1012.879
1690731309385,1012.8819
1690731309404,1012.8904
1690731309446,1012.8945
1690731309484,1012.8904
1690731309507,1012.8899
1690731309550,1012.89343
1690731309586,1012.88904
1690731309605,1012.88855
1690731309646,1012.88416
1690731309687,1012.87854
1690731309709,1012.8839
1690731309746,1012.88556
1690731309787,1012.8793
1690731309806,1012.8824
1690731309844,1012.8843
1690731309886,1012.88416
1690731309906,1012.8846
1690731309947,1012.8823
1690731309987,1012.88367
1690731310006,1012.88904
1690731310048,1012.89075
1690731310084,1012.89166
1690731310105,1012.88544
1690731310146,1012.8816
1690731310185,1012.8771
1690731310205,1012.87427
1690731310246,1012.8826
1690731310285,1012.8832
1690731310307,1012.88196
1690731310346,1012.8936
1690731310387,1012.88745
1690731310406,1012.8884
1690731310445,1012.885
1690731310485,1012.8866
1690731310505,1012.8908
1690731310547,1012.88794
1690731310585,1012.87616
1690731310605,1012.87476
1690731310654,1012.87836
1690731310685,1012.8871
1690731310705,1012.8861
1690731310746,1012.88965
1690731310787,1012.9021
1690731310805,1012.88934
1690731310845,1012.88745
1690731310884,1012.88007
1690731310904,1012.8778
1690731310944,1012.8763
1690731310985,1012.874
1690731311005,1012.8785
1690731311045,1012.8882
1690731311084,1012.88434
1690731311104,1012.88763
1690731311151,1012.8869
1690731311184,1012.8872
1690731311205,1012.8821
1690731311244,1012.881
1690731311284,1012.88513
1690731311304,1012.8873
1690731311350,1012.89624
1690731311384,1012.8956
1690731311406,1012.8936
1690731311444,1012.8959
1690731311485,1012.8874
1690731311507,1012.88165
1690731311547,1012.8783
1690731311585,1012.8706
1690731311604,1012.87726
1690731311644,1012.88025
1690731311684,1012.87897
1690731311704,1012.88
1690731311746,1012.8789
1690731311785,1012.87415
1690731311804,1012.8778
1690731311845,1012.8818
1690731311885,1012.876
1690731311906,1012.8839
1690731311946,1012.87634
1690731311984,1012.8756
1690731312003,1012.87305
1690731312057,1012.8776
1690731312083,1012.8749
1690731312103,1012.87054
1690731312153,1012.8701
1690731312185,1012.8662
1690731312206,1012.8724
1690731312244,1012.87177
1690731312285,1012.87744
1690731312306,1012.87854
1690731312344,1012.87396
1690731312383,1012.87195
1690731312403,1012.8782
1690731312446,1012.87665
1690731312485,1012.88116
1690731312505,1012.88135
1690731312549,1012.88446
1690731312583,1012.88995
1690731312603,1012.88074
1690731312645,1012.87036
1690731312685,1012.8701
1690731312704,1012.8701
1690731312744,1012.87427
1690731312786,1012.8698
1690731312806,1012.8773
1690731312844,1012.8789
1690731312883,1012.8684
1690731312904,1012.8616
1690731312944,1012.8677
1690731312983,1012.8775
1690731313003,1012.8854
1690731313044,1012.8744
1690731313082,1012.865
1690731313104,1012.8636
1690731313144,1012.8666
1690731313184,1012.8801
1690731313205,1012.87866
1690731313244,1012.8824
1690731313284,1012.88525
1690731313304,1012.8799
1690731313344,1012.88354
1690731313387,1012.8914
1690731313403,1012.8822
1690731313444,1012.8814
1690731313485,1012.88434
1690731313504,1012.8911
1690731313543,1012.8884
1690731313583,1012.8754
1690731313603,1012.8742
1690731313645,1012.8734
1690731313684,1012.8755
1690731313705,1012.87305
1690731313743,1012.8735
1690731313787,1012.8717
1690731313803,1012.87787
1690731313844,1012.8738
1690731313883,1012.87274
1690731313904,1012.87354
1690731313943,1012.87427
1690731313984,1012.8706
1690731314005,1012.8717
1690731314043,1012.8769
1690731314085,1012.879
1690731314103,1012.8758
1690731314153,1012.87537
1690731314183,1012.8687
1690731314206,1012.874
1690731314243,1012.8756
1690731314285,1012.8787
1690731314303,1012.8781
1690731314344,1012.8766
1690731314386,1012.8784
1690731314404,1012.8776
1690731314450,1012.8718
1690731314482,1012.87366
1690731314504,1012.8623
1690731314543,1012.8546
1690731314582,1012.85974
1690731314602,1012.86066
1690731314646,1012.86426
1690731314682,1012.86523
1690731314703,1012.87476
1690731314742,1012.87695
1690731314784,1012.8822
1690731314805,1012.8865
1690731314843,1012.8809
1690731314883,1012.88605
1690731314904,1012.8832
1690731314941,1012.88416
1690731314983,1012.88086
1690731315005,1012.88104
1690731315043,1012.88293
1690731315082,1012.87915
1690731315103,1012.87213
1690731315143,1012.87585
1690731315185,1012.8793
1690731315205,1012.87646
1690731315246,1012.8807
1690731315283,1012.8821
1690731315304,1012.8883
1690731315343,1012.8912
1690731315387,1012.8894
1690731315403,1012.886
1690731315443,1012.88074
1690731315482,1012.8777
1690731315502,1012.88086
1690731315542,1012.88257
1690731315581,1012.874
1690731315601,1012.86957
1690731315643,1012.8685
1690731315682,1012.86414
1690731315704,1012.8518
1690731315747,1012.8589
1690731315782,1012.8619
1690731315806,1012.8599
1690731315843,1012.8593
1690731315882,1012.862
1690731315904,1012.86536
1690731315941,1012.8694
1690731315983,1012.8628
1690731316003,1012.8645
1690731316043,1012.8755
1690731316081,1012.8794
1690731316103,1012.8733
1690731316141,1012.87366
1690731316182,1012.87537
1690731316203,1012.8751
1690731316242,1012.8699
1690731316282,1012.87665
1690731316301,1012.8775
1690731316343,1012.87317
1690731316383,1012.87476
1690731316405,1012.8651
1690731316442,1012.8706
1690731316482,1012.879
1690731316502,1012.8775
1690731316540,1012.8794
1690731316581,1012.8748
1690731316600,1012.86414
1690731316641,1012.8639
1690731316682,1012.8611
1690731316702,1012.8665
1690731316742,1012.8651
1690731316783,1012.8621
1690731316802,1012.8693
1690731316842,1012.8756
1690731316882,1012.87744
1690731316902,1012.871
1690731316943,1012.871
1690731316982,1012.87524
1690731317003,1012.8819
1690731317041,1012.8711
1690731317081,1012.8762
1690731317100,1012.8732
1690731317141,1012.8733
1690731317182,1012.86945
1690731317204,1012.87476
1690731317241,1012.8858
1690731317282,1012.8854
1690731317302,1012.8829
1690731317342,1012.8746
1690731317382,1012.875
1690731317402,1012.8783
1690731317441,1012.87134
1690731317481,1012.85864
1690731317502,1012.8655
1690731317541,1012.8732
1690731317584,1012.8868
1690731317600,1012.8913
1690731317641,1012.8811
1690731317681,1012.8825
1690731317701,1012.888
1690731317745,1012.89124
1690731317780,1012.8904
1690731317803,1012.8861
1690731317842,1012.8839
1690731317881,1012.88684
1690731317901,1012.88135
1690731317941,1012.8805
1690731317981,1012.8747
1690731318001,1012.8721
1690731318041,1012.8783
1690731318080,1012.8861
1690731318100,1012.87573
1690731318142,1012.8845
1690731318182,1012.8891
1690731318202,1012.8871
1690731318240,1012.8817
1690731318280,1012.8801
1690731318302,1012.8763
1690731318342,1012.8824
1690731318381,1012.8883
1690731318402,1012.87866
1690731318440,1012.8812
1690731318482,1012.88605
1690731318502,1012.88934
1690731318543,1012.8894
1690731318580,1012.88684
1690731318600,1012.8879
1690731318640,1012.88153
1690731318681,1012.8807
1690731318700,1012.8826
1690731318741,1012.8828
1690731318781,1012.87225
1690731318801,1012.8655
1690731318840,1012.86
1690731318880,1012.8627
1690731318900,1012.86053
1690731318944,1012.87585
1690731318980,1012.87024
1690731319001,1012.86926
1690731319040,1012.87524
1690731319080,1012.87506
1690731319099,1012.87744
1690731319139,1012.8783
1690731319180,1012.87756
1690731319200,1012.87134
1690731319241,1012.8765
1690731319281,1012.8764
1690731319302,1012.87134
1690731319340,1012.8796
1690731319382,1012.8816
1690731319401,1012.8842
1690731319452,1012.8879
1690731319479,1012.8822
1690731319499,1012.8798
1690731319541,1012.88245
1690731319579,1012.8788
1690731319599,1012.87604
1690731319639,1012.8825
1690731319679,1012.8796
1690731319700,1012.88324
1690731319740,1012.88434
1690731319781,1012.8843
1690731319801,1012.8768
1690731319841,1012.88513
1690731319880,1012.885
1690731319901,1012.87537
1690731319941,1012.8799
1690731319982,1012.8806
1690731319999,1012.88043
1690731320039,1012.87415
1690731320079,1012.8788
1690731320099,1012.8839
1690731320139,1012.8857
1690731320182,1012.8723
1690731320199,1012.87024
1690731320239,1012.8712
1690731320282,1012.8722
1690731320299,1012.87683
1690731320340,1012.86774
1690731320380,1012.86523
1690731320402,1012.8629
1690731320440,1012.87415
1690731320480,1012.87976
1690731320499,1012.8745
1690731320539,1012.8737
1690731320583,1012.87384
1690731320599,1012.8738
1690731320639,1012.87463
1690731320680,1012.87036
1690731320700,1012.86707
1690731320740,1012.86694
1690731320778,1012.8695
1690731320800,1012.86804
1690731320843,1012.8667
1690731320879,1012.87146
1690731320899,1012.86926
1690731320943,1012.86786
1690731320979,1012.8686
1690731321001,1012.8696
1690731321042,1012.8702
1690731321078,1012.87024
1690731321101,1012.86786
1690731321139,1012.8648
1690731321179,1012.8597
1690731321201,1012.8589
1690731321244,1012.85803
1690731321280,1012.8587
1690731321301,1012.85205
1690731321340,1012.8544
1690731321378,1012.8578
1690731321399,1012.856
1690731321439,1012.8574
1690731321479,1012.86066
1690731321500,1012.8569
1690731321539,1012.85974
1690731321577,1012.85675
1690731321598,1012.8535
1690731321639,1012.8528
1690731321679,1012.8533
1690731321699,1012.8493
1690731321738,1012.84875
1690731321780,1012.8601
1690731321799,1012.85376
1690731321841,1012.85156
1690731321879,1012.8486
1690731321902,1012.84686
1690731321938,1012.84955
1690731321978,1012.8498
1690731321999,1012.84863
1690731322039,1012.8437
1690731322081,1012.8419
1690731322099,1012.8439
1690731322138,1012.84314
1690731322182,1012.8557
1690731322199,1012.85315
1690731322238,1012.84485
1690731322278,1012.8406
1690731322298,1012.83545
1690731322341,1012.8332
1690731322378,1012.8362
1690731322398,1012.8345
1690731322441,1012.8303
1690731322478,1012.828
1690731322498,1012.8218
1690731322538,1012.81793
1690731322578,1012.8209
1690731322597,1012.82104
1690731322637,1012.81555
1690731322683,1012.81274
1690731322699,1012.8197
1690731322737,1012.82544
1690731322778,1012.8239
1690731322798,1012.8261
1690731322839,1012.8182
1690731322878,1012.8189
1690731322899,1012.8294
1690731322938,1012.82477
1690731322978,1012.81903
1690731322999,1012.81616
1690731323039,1012.8206
1690731323081,1012.8159
1690731323099,1012.8186
1690731323137,1012.8154
1690731323178,1012.81476
1690731323198,1012.81366
1690731323240,1012.8097
1690731323277,1012.80804
1690731323299,1012.806
1690731323338,1012.7993
1690731323377,1012.79913
1690731323398,1012.79614
1690731323438,1012.8014
1690731323478,1012.80133
1690731323498,1012.79944
1690731323538,1012.80927
1690731323581,1012.80035
1690731323597,1012.8021
1690731323636,1012.7992
1690731323678,1012.8024
1690731323698,1012.7987
1690731323738,1012.7993
1690731323777,1012.79926
1690731323799,1012.7892
1690731323839,1012.79047
1690731323879,1012.7892
1690731323900,1012.7813
1690731323938,1012.7791
1690731323977,1012.78656
1690731323999,1012.78296
1690731324039,1012.7861
1690731324080,1012.78424
1690731324097,1012.78174
1690731324137,1012.78876
1690731324179,1012.7827
1690731324198,1012.7754
1690731324237,1012.77216
1690731324279,1012.7788
1690731324297,1012.7827
1690731324343,1012.77625
1690731324378,1012.7742
1690731324398,1012.7706
1690731324447,1012.76874
1690731324477,1012.7694
1690731324497,1012.77075
1690731324538,1012.76984
1690731324586,1012.77124
1690731324599,1012.76526
1690731324636,1012.77356
1690731324679,1012.772
1690731324698,1012.7645
1690731324737,1012.76886
1690731324778,1012.76807
1690731324797,1012.7711
1690731324837,1012.77997
1690731324877,1012.7827
1690731324897,1012.7843
1690731324938,1012.76965
1690731324977,1012.76697
1690731324998,1012.76526
1690731325040,1012.76306
1690731325078,1012.765
1690731325099,1012.7577
1690731325136,1012.756
1690731325179,1012.763
1690731325199,1012.76447
1690731325240,1012.76385
1690731325277,1012.7659
1690731325296,1012.7656
1690731325337,1012.77124
1690731325377,1012.76404
1690731325397,1012.7582
1690731325437,1012.75604
1690731325478,1012.75415
1690731325496,1012.7574
1690731325537,1012.75385
1690731325584,1012.7582
1690731325596,1012.75543
1690731325636,1012.74634
1690731325676,1012.745
1690731325696,1012.7449
1690731325736,1012.75116
1690731325776,1012.75287
1690731325797,1012.75415
1690731325840,1012.7502
1690731325877,1012.74817
1690731325897,1012.7444
1690731325937,1012.74506
1690731325976,1012.74146
1690731325997,1012.7355
1690731326038,1012.74365
1690731326077,1012.74384
1690731326097,1012.7416
1690731326136,1012.7388
1690731326176,1012.73444
1690731326198,1012.7414
1690731326236,1012.7414
1690731326278,1012.75
1690731326295,1012.74664
1690731326336,1012.74316
1690731326378,1012.74097
1690731326398,1012.743
1690731326436,1012.74005
1690731326476,1012.7406
1690731326496,1012.73975
1690731326536,1012.73694
1690731326578,1012.73425
1690731326596,1012.7357
1690731326636,1012.7348
1690731326684,1012.7467
1690731326697,1012.7415
1690731326736,1012.7486
1690731326776,1012.752
1690731326797,1012.74536
1690731326836,1012.7476
1690731326879,1012.7468
1690731326897,1012.7471
1690731326935,1012.7487
1690731326976,1012.7413
1690731326995,1012.7368
1690731327036,1012.7356
1690731327078,1012.7418
1690731327096,1012.7342
1690731327135,1012.7396
1690731327175,1012.74475
1690731327197,1012.7388
1690731327235,1012.73895
1690731327275,1012.74097
1690731327295,1012.74426
1690731327337,1012.74304
1690731327378,1012.74585
1690731327396,1012.74023
1690731327436,1012.7351
1690731327476,1012.7328
1690731327495,1012.7284
1690731327536,1012.7312
1690731327576,1012.7347
1690731327596,1012.7433
1690731327635,1012.7499
1690731327678,1012.7467
1690731327696,1012.7487
1690731327736,1012.7467
1690731327776,1012.74475
1690731327797,1012.74774
1690731327836,1012.7406
1690731327875,1012.7394
1690731327897,1012.73676
1690731327936,1012.73846
1690731327976,1012.74384
1690731327995,1012.7378
1690731328036,1012.73535
1690731328075,1012.72974
1690731328094,1012.7321
1690731328136,1012.74207
1690731328176,1012.7426
1690731328195,1012.73346
1690731328235,1012.7317
1690731328275,1012.7307
1690731328295,1012.7361
1690731328336,1012.7374
1690731328381,1012.7381
1690731328396,1012.7303
1690731328435,1012.7335
1690731328476,1012.72644
1690731328496,1012.73
1690731328536,1012.7282
1690731328576,1012.74194
1690731328594,1012.7434
1690731328635,1012.7439
1690731328678,1012.74304
1690731328701,1012.74146
1690731328734,1012.7351
1690731328775,1012.73474
1690731328814,1012.73193
1690731328834,1012.7308
1690731328875,1012.73267
1690731328916,1012.73804
1690731328935,1012.7348
1690731328976,1012.7357
1690731329016,1012.7368
1690731329035,1012.7376
1690731329076,1012.7415
1690731329114,1012.7388
1690731329134,1012.74194
1690731329177,1012.7393
1690731329214,1012.7339
1690731329235,1012.7396
1690731329276,1012.7433
1690731329315,1012.7478
1690731329335,1012.7486
1690731329376,1012.74866
1690731329415,1012.74445
1690731329435,1012.75024
1690731329475,1012.7523
1690731329515,1012.74414
1690731329534,1012.74286
1690731329575,1012.7451
1690731329615,1012.7316
1690731329634,1012.746
1690731329674,1012.74585
1690731329715,1012.7515
1690731329734,1012.74084
1690731329777,1012.7366
1690731329815,1012.73267
1690731329835,1012.734
1690731329876,1012.73346
1690731329895,1012.73193
1690731329935,1012.7355
1690731329974,1012.73804
1690731330014,1012.7405
1690731330035,1012.737
1690731330074,1012.74
1690731330115,1012.7514
1690731330135,1012.74475
1690731330175,1012.7446
1690731330214,1012.7389
1690731330235,1012.7323
1690731330275,1012.7332
1690731330314,1012.7461
1690731330334,1012.74365
1690731330375,1012.744
1690731330417,1012.74084
1690731330438,1012.7341
1690731330474,1012.74084
1690731330496,1012.7408
1690731330536,1012.73315
1690731330574,1012.7256
1690731330614,1012.7268
1690731330633,1012.7353
1690731330673,1012.73566
1690731330714,1012.7315
1690731330734,1012.727
1690731330774,1012.73
1690731330815,1012.73694
1690731330836,1012.73785
1690731330874,1012.736
1690731330915,1012.7394
1690731330935,1012.7423
1690731330974,1012.74146
1690731331015,1012.7332
1690731331035,1012.73975
1690731331075,1012.74805
1690731331117,1012.7451
1690731331134,1012.74615
1690731331173,1012.7461
1690731331213,1012.73596
1690731331235,1012.73083
1690731331273,1012.73157
1690731331315,1012.7313
1690731331333,1012.7316
1690731331375,1012.7381
1690731331416,1012.7369
1690731331435,1012.7336
1690731331473,1012.73926
1690731331516,1012.74005
1690731331534,1012.73486
1690731331575,1012.72516
1690731331613,1012.7252
1690731331633,1012.7272
1690731331679,1012.7263
1690731331713,1012.7415
1690731331734,1012.7407
1690731331776,1012.7488
1690731331815,1012.75183
1690731331834,1012.7389
1690731331875,1012.73596
1690731331918,1012.7378
1690731331934,1012.7422
1690731331975,1012.7471
1690731332014,1012.7397
1690731332035,1012.7418
1690731332074,1012.7435
1690731332116,1012.73755
1690731332132,1012.7352
1690731332174,1012.7358
1690731332213,1012.73676
1690731332235,1012.7392
1690731332274,1012.7451
1690731332314,1012.73663
1690731332334,1012.73
1690731332375,1012.73364
1690731332413,1012.7445
1690731332434,1012.74915
1690731332474,1012.7517
1690731332514,1012.74725
1690731332533,1012.75073
1690731332578,1012.7443
1690731332612,1012.751
1690731332634,1012.7536
1690731332673,1012.75757
1690731332714,1012.7608
1690731332733,1012.7451
1690731332773,1012.7411
1690731332815,1012.74365
1690731332837,1012.74524
1690731332873,1012.75134
1690731332914,1012.74786
1690731332933,1012.748
1690731332972,1012.74634
1690731333013,1012.7593
1690731333033,1012.75165
1690731333073,1012.74963
1690731333112,1012.74695
1690731333132,1012.7415
1690731333172,1012.74866
1690731333213,1012.7488
1690731333234,1012.7512
1690731333274,1012.74664
1690731333312,1012.74927
1690731333334,1012.7495
1690731333373,1012.7446
1690731333414,1012.75024
1690731333434,1012.7505
1690731333473,1012.74646
1690731333513,1012.7584
1690731333535,1012.7623
1690731333573,1012.75305
1690731333613,1012.7472
1690731333633,1012.7467
1690731333672,1012.75635
1690731333712,1012.7534
1690731333749,1012.75397
1690731333774,1012.7561
1690731333812,1012.7533
1690731333833,1012.75146
1690731333872,1012.74805
1690731333912,1012.7467
1690731333932,1012.7413
1690731333971,1012.75195
1690731334013,1012.7491
1690731334033,1012.76245
1690731334073,1012.765
1690731334111,1012.76074
1690731334132,1012.7682
1690731334177,1012.755
1690731334214,1012.75287
1690731334234,1012.7542
1690731334272,1012.7636
1690731334311,1012.76025
1690731334334,1012.7622
1690731334374,1012.75854
1690731334413,1012.75146
1690731334432,1012.7597
1690731334472,1012.7517
1690731334512,1012.7579
1690731334532,1012.7521
1690731334572,1012.75085
1690731334611,1012.75336
1690731334631,1012.75836
1690731334671,1012.7656
1690731334711,1012.76733
1690731334734,1012.765
1690731334771,1012.7666
1690731334812,1012.7612
1690731334832,1012.7566
1690731334872,1012.7578
1690731334913,1012.7554
1690731334934,1012.75757
1690731334973,1012.7554
1690731335013,1012.7521
1690731335030,1012.7528
1690731335073,1012.74835
1690731335110,1012.7475
1690731335130,1012.7556
1690731335171,1012.7627
1690731335210,1012.7571
1690731335231,1012.75085
1690731335271,1012.7495
1690731335311,1012.7467
1690731335332,1012.7544
1690731335373,1012.75793
1690731335414,1012.7609
1690731335432,1012.7665
1690731335471,1012.7622
1690731335514,1012.7616
1690731335533,1012.75494
1690731335572,1012.7638
1690731335611,1012.77203
1690731335632,1012.7676
1690731335671,1012.7688
1690731335710,1012.77893
1690731335731,1012.7775
1690731335774,1012.7723
1690731335810,1012.7652
1690731335831,1012.7656
1690731335872,1012.7701
1690731335912,1012.7687
1690731335933,1012.75946
1690731335972,1012.7511
1690731336012,1012.7494
1690731336031,1012.75543
1690731336070,1012.7508
1690731336110,1012.75684
1690731336130,1012.7601
1690731336172,1012.76013
1690731336211,1012.7659
1690731336231,1012.76624
1690731336270,1012.76404
1690731336312,1012.7672
1690731336332,1012.75476
1690731336372,1012.7556
1690731336410,1012.7592
1690731336431,1012.7637
1690731336476,1012.7565
1690731336510,1012.75024
1690731336531,1012.7478
1690731336571,1012.74646
1690731336609,1012.7541
1690731336629,1012.7542
1690731336671,1012.7573
1690731336711,1012.7529
1690731336731,1012.7532
1690731336771,1012.7462
1690731336812,1012.7423
1690731336830,1012.7417
1690731336869,1012.74976
1690731336910,1012.7479
1690731336931,1012.74854
1690731336971,1012.75134
1690731337010,1012.7548
1690731337030,1012.7544
1690731337071,1012.75586
1690731337112,1012.7476
1690731337130,1012.75183
1690731337169,1012.75085
1690731337210,1012.7422
1690731337229,1012.74414
1690731337271,1012.74817
1690731337309,1012.743
1690731337330,1012.7411
1690731337372,1012.7566
1690731337412,1012.7553
1690731337430,1012.7506
1690731337472,1012.74915
1690731337510,1012.7537
1690731337531,1012.7451
1690731337572,1012.7428
1690731337609,1012.74316
1690731337629,1012.74207
1690731337671,1012.73926
1690731337711,1012.74445
1690731337730,1012.75446
1690731337770,1012.75134
1690731337809,1012.75244
1690731337831,1012.75793
1690731337871,1012.75995
1690731337911,1012.7537
1690731337931,1012.76434
1690731337970,1012.76514
1690731338010,1012.75964
1690731338031,1012.75433
1690731338071,1012.7478
1690731338109,1012.7514
1690731338129,1012.75964
1690731338170,1012.75867
1690731338210,1012.75525
1690731338231,1012.7509
1690731338271,1012.74817
1690731338310,1012.7468
1690731338332,1012.755
1690731338370,1012.7533
1690731338409,1012.7505
1690731338429,1012.75726
1690731338469,1012.7558
1690731338511,1012.7598
1690731338532,1012.7634
1690731338570,1012.7569
1690731338608,1012.7612
1690731338629,1012.75226
1690731338669,1012.74817
1690731338709,1012.742
1690731338730,1012.7406
1690731338768,1012.73865
1690731338812,1012.7439
1690731338829,1012.74414
1690731338869,1012.7361
1690731338913,1012.7395
1690731338929,1012.74335
1690731338973,1012.7489
1690731339009,1012.74774
1690731339030,1012.7395
1690731339070,1012.74316
1690731339112,1012.7462
1690731339128,1012.7489
1690731339171,1012.7507
1690731339209,1012.75653
1690731339230,1012.74536
1690731339269,1012.75195
1690731339310,1012.7456
1690731339330,1012.7486
1690731339369,1012.75195
1690731339409,1012.7457
1690731339433,1012.74976
1690731339471,1012.7556
1690731339509,1012.7523
1690731339529,1012.75433
1690731339570,1012.74963
1690731339608,1012.74756
1690731339628,1012.75183
1690731339668,1012.7567
1690731339708,1012.75055
1690731339728,1012.751
1690731339768,1012.75085
1690731339808,1012.75366
1690731339834,1012.7512
1690731339868,1012.74536
1690731339908,1012.743
1690731339928,1012.73785
1690731339969,1012.7422
1690731340008,1012.74225
1690731340028,1012.74744
1690731340069,1012.74585
1690731340107,1012.74805
1690731340127,1012.7477
1690731340167,1012.7493
1690731340208,1012.7423
1690731340228,1012.7302
1690731340275,1012.7313
1690731340307,1012.73425
1690731340327,1012.7388
1690731340368,1012.7386
1690731340408,1012.73535
1690731340430,1012.7347
1690731340469,1012.7366
1690731340509,1012.738
1690731340531,1012.7443
1690731340571,1012.7395
1690731340608,1012.7377
1690731340628,1012.7357
1690731340669,1012.7448
1690731340709,1012.74963
1690731340727,1012.7484
1690731340768,1012.74695
1690731340808,1012.7439
1690731340828,1012.7393
1690731340870,1012.7401
1690731340907,1012.7403
1690731340928,1012.7467
1690731340968,1012.7479
1690731341008,1012.74725
1690731341028,1012.7388
1690731341069,1012.7388
1690731341111,1012.7405
1690731341127,1012.73694
1690731341168,1012.73425
1690731341210,1012.72906
1690731341228,1012.72284
1690731341268,1012.7235
1690731341308,1012.7219
1690731341327,1012.72156
1690731341370,1012.73083
1690731341411,1012.7354
1690731341428,1012.7341
1690731341468,1012.7344
1690731341508,1012.73785
1690731341528,1012.73364
1690731341569,1012.72894
1690731341607,1012.72577
1690731341627,1012.7361
1690731341668,1012.737
1690731341709,1012.7363
1690731341729,1012.7361
1690731341767,1012.7383
1690731341808,1012.74585
1690731341830,1012.73895
1690731341867,1012.7375
1690731341908,1012.74243
1690731341929,1012.7434
1690731341968,1012.7457
1690731342009,1012.7346
1690731342028,1012.727
1690731342067,1012.73
1690731342111,1012.7293
1690731342126,1012.7285
1690731342167,1012.73145
1690731342208,1012.73834
1690731342227,1012.7351
1690731342267,1012.73254
1690731342309,1012.7313
1690731342327,1012.73676
1690731342368,1012.73315
1690731342409,1012.73364
1690731342427,1012.73303
1690731342467,1012.73944
1690731342507,1012.7427
1690731342529,1012.7372
1690731342569,1012.7332
1690731342612,1012.73486
1690731342628,1012.7405
1690731342668,1012.7384
1690731342708,1012.7365
1690731342728,1012.7374
1690731342768,1012.73724
1690731342807,1012.73724
1690731342828,1012.739
1690731342867,1012.7381
1690731342907,1012.7393
1690731342927,1012.73804
1690731342969,1012.7412
1690731343009,1012.73975
1690731343027,1012.73706
1690731343069,1012.7399
1690731343113,1012.7419
1690731343126,1012.7439
1690731343166,1012.74084
1690731343209,1012.74097
1690731343227,1012.7372
1690731343266,1012.73944
1690731343306,1012.7383
1690731343329,1012.7379
1690731343367,1012.7379
1690731343408,1012.7366
1690731343428,1012.74133
1690731343467,1012.73425
1690731343507,1012.7288
1690731343527,1012.73096
1690731343569,1012.7383
1690731343612,1012.74506
1690731343628,1012.7466
1690731343666,1012.735
1690731343713,1012.7333
1690731343726,1012.7379
1690731343767,1012.738
1690731343808,1012.73285
1690731343827,1012.7387
1690731343866,1012.73315
1690731343908,1012.7363
1690731343927,1012.7339
1690731343968,1012.74097
1690731344006,1012.74695
1690731344027,1012.74475
1690731344068,1012.74524
1690731344110,1012.7429
1690731344126,1012.743
1690731344166,1012.73645
1690731344211,1012.73004
1690731344227,1012.7341
1690731344267,1012.7426
1690731344307,1012.7435
1690731344326,1012.7464
1690731344371,1012.74536
1690731344406,1012.7313
1690731344426,1012.7358
1690731344467,1012.73804
1690731344509,1012.73724
1690731344527,1012.7383
1690731344566,1012.73926
1690731344607,1012.7423
1690731344626,1012.74585
1690731344665,1012.7394
1690731344709,1012.7408
1690731344726,1012.74243
1690731344766,1012.7364
1690731344807,1012.7348
1690731344827,1012.7398
1690731344865,1012.7396
1690731344908,1012.7444
1690731344927,1012.7428
1690731344966,1012.74
1690731345007,1012.7312
1690731345026,1012.7306
1690731345066,1012.7384
1690731345106,1012.7437
1690731345128,1012.7377
1690731345166,1012.7401
1690731345206,1012.73737
1690731345225,1012.7404
1690731345268,1012.73944
1690731345306,1012.7344
1690731345326,1012.73486
1690731345366,1012.73474
1690731345406,1012.73584
1690731345427,1012.73267
1690731345467,1012.7321
1690731345506,1012.73096
1690731345526,1012.72894
1690731345565,1012.7261
1690731345605,1012.72925
1690731345625,1012.73114
1690731345665,1012.72754
1690731345706,1012.7335
1690731345725,1012.7358
1690731345766,1012.7403
1690731345806,1012.7393
1690731345825,1012.7411
1690731345866,1012.7349
1690731345907,1012.73413
1690731345926,1012.7418
1690731345966,1012.7352
1690731346007,1012.73
1690731346026,1012.7345
1690731346065,1012.7318
1690731346106,1012.7304
1690731346124,1012.7289
1690731346164,1012.73694
1690731346212,1012.7354
1690731346225,1012.72864
1690731346265,1012.7238
1690731346304,1012.7266
1690731346329,1012.72797
1690731346366,1012.72974
1690731346406,1012.73535
1690731346426,1012.7329
1690731346467,1012.73706
1690731346506,1012.73914
1690731346525,1012.73395
1690731346565,1012.73303
1690731346607,1012.73303
1690731346624,1012.7363
1690731346665,1012.7333
1690731346704,1012.7359
1690731346725,1012.72784
1690731346765,1012.7223
1690731346805,1012.72797
1690731346828,1012.7304
1690731346866,1012.7273
1690731346905,1012.7211
1690731346926,1012.7226
1690731346965,1012.7229
1690731347005,1012.728
1690731347025,1012.7324
1690731347066,1012.7185
1690731347109,1012.7263
1690731347128,1012.73676
1690731347164,1012.7385
1690731347205,1012.7444
1690731347233,1012.7378
1690731347264,1012.7413
1690731347304,1012.74927
1690731347324,1012.74976
1690731347365,1012.7527
1690731347408,1012.74243
1690731347428,1012.74915
1690731347464,1012.7423
1690731347505,1012.7456
1690731347524,1012.74506
1690731347568,1012.7366
1690731347610,1012.7341
1690731347634,1012.73737
1690731347664,1012.7455
1690731347706,1012.74225
1690731347724,1012.7449
1690731347764,1012.7346
1690731347806,1012.7339
1690731347827,1012.74
1690731347865,1012.73975
1690731347904,1012.7318
1690731347926,1012.7344
1690731347965,1012.7416
1690731348003,1012.74304
1690731348025,1012.7433
1690731348065,1012.72876
1690731348108,1012.72736
1690731348123,1012.7243
1690731348164,1012.72485
1690731348206,1012.7191
1690731348229,1012.7217
1690731348264,1012.7217
1690731348305,1012.7231
1690731348326,1012.71436
1690731348366,1012.70996
1690731348404,1012.71594
1690731348424,1012.71985
1690731348466,1012.7274
1690731348504,1012.7335
1690731348525,1012.7339
1690731348564,1012.73535
1690731348605,1012.7334
1690731348628,1012.7261
1690731348663,1012.72864
1690731348705,1012.7269
1690731348725,1012.7196
1690731348764,1012.7151
1690731348806,1012.7241
1690731348824,1012.73035
1690731348865,1012.72906
1690731348904,1012.72943
1690731348925,1012.71924
1690731348965,1012.7199
1690731349004,1012.7203
1690731349023,1012.71686
1690731349066,1012.72363
1690731349107,1012.7292
1690731349126,1012.7258
1690731349162,1012.71924
1690731349203,1012.7142
1690731349226,1012.72705
1690731349263,1012.7344
1690731349305,1012.73303
1690731349326,1012.74036
1690731349364,1012.7317
1690731349403,1012.7253
1690731349424,1012.7195
1690731349464,1012.7231
1690731349509,1012.71936
1690731349522,1012.7271
1690731349565,1012.7316
1690731349605,1012.72766
1690731349626,1012.7326
1690731349663,1012.71735
1690731349704,1012.71704
1690731349730,1012.7294
1690731349763,1012.7248
1690731349804,1012.72253
1690731349823,1012.72314
1690731349864,1012.723
1690731349903,1012.7241
1690731349924,1012.72266
1690731349964,1012.71924
1690731350005,1012.7232
1690731350023,1012.72217
1690731350064,1012.7256
1690731350106,1012.73303
1690731350131,1012.739
1690731350162,1012.7348
1690731350204,1012.72925
1690731350227,1012.73315
1690731350264,1012.72437
1690731350303,1012.7182
1690731350324,1012.70776
1690731350363,1012.71216
1690731350404,1012.7114
1690731350425,1012.7075
1690731350463,1012.7059
1690731350504,1012.70984
1690731350524,1012.713
1690731350564,1012.7098
1690731350607,1012.7073
1690731350644,1012.71265
1690731350662,1012.71606
1690731350703,1012.7142
1690731350745,1012.719
1690731350763,1012.7113
1690731350804,1012.7091
1690731350843,1012.708
1690731350864,1012.6997
1690731350903,1012.7028
1690731350944,1012.709
1690731350962,1012.71747
1690731351004,1012.7188
1690731351023,1012.71295
1690731351062,1012.7152
1690731351103,1012.7154
1690731351147,1012.70605
1690731351161,1012.70917
1690731351202,1012.7058
1690731351227,1012.7041
1690731351263,1012.7101
1690731351305,1012.7195
1690731351344,1012.71045
1690731351365,1012.7099
1690731351403,1012.7125
1690731351424,1012.71094
1690731351465,1012.7145
1690731351503,1012.71875
1690731351543,1012.7261
1690731351563,1012.72327
1690731351605,1012.7158
1690731351642,1012.7148
1690731351662,1012.70715
1690731351702,1012.70496
1690731351743,1012.6998
1690731351762,1012.7031
1690731351803,1012.7031
1690731351843,1012.7006
1690731351864,1012.7001
1690731351905,1012.69727
1690731351942,1012.70123
1690731351963,1012.7023
1690731352002,1012.7056
1690731352042,1012.7092
1690731352066,1012.70874
1690731352103,1012.70374
1690731352141,1012.70496
1690731352161,1012.7095
1690731352202,1012.7126
1690731352242,1012.714
1690731352262,1012.70953
1690731352305,1012.7134
1690731352342,1012.7167
1690731352363,1012.71826
1690731352402,1012.7041
1690731352444,1012.7033
1690731352464,1012.6964
1690731352502,1012.697
1690731352542,1012.6992
1690731352562,1012.6964
1690731352603,1012.7013
1690731352641,1012.7097
1690731352661,1012.70746
1690731352701,1012.7074
1690731352742,1012.7125
1690731352761,1012.71826
1690731352802,1012.7064
1690731352841,1012.7073
1690731352862,1012.7149
1690731352903,1012.7107
1690731352942,1012.6996
1690731352963,1012.6924
1690731353002,1012.69055
1690731353045,1012.6918
1690731353063,1012.70166
1690731353101,1012.7086
1690731353142,1012.7119
1690731353160,1012.7139
1690731353202,1012.7123
1690731353246,1012.70337
1690731353260,1012.6968
1690731353302,1012.6964
1690731353344,1012.7016
1690731353363,1012.70416
1690731353402,1012.70154
1690731353445,1012.70355
1690731353462,1012.709
1690731353500,1012.7114
1690731353542,1012.6974
1690731353563,1012.694
1690731353602,1012.6941
1690731353643,1012.7013
1690731353660,1012.6977
1690731353701,1012.6984
1690731353742,1012.6999
1690731353761,1012.6933
1690731353803,1012.6967
1690731353842,1012.69604
1690731353863,1012.70294
1690731353900,1012.6975
1690731353943,1012.6903
1690731353963,1012.6904
1690731354001,1012.6907
1690731354041,1012.69507
1690731354061,1012.70483
1690731354101,1012.69836
1690731354152,1012.69946
1690731354161,1012.69885
1690731354200,1012.70056
1690731354242,1012.6981
1690731354260,1012.6942
1690731354300,1012.6997
1690731354342,1012.6896
1690731354361,1012.6864
1690731354402,1012.68646
1690731354441,1012.69403
1690731354462,1012.70105
1690731354499,1012.69763
1690731354540,1012.7016
1690731354560,1012.6978
1690731354602,1012.69855
1690731354645,1012.69495
1690731354659,1012.69977
1690731354704,1012.70374
1690731354741,1012.6944
1690731354760,1012.69183
1690731354801,1012.68494
1690731354842,1012.6824
1690731354863,1012.67957
1690731354901,1012.6874
1690731354940,1012.69165
1690731354960,1012.6817
1690731355001,1012.6791
1690731355040,1012.68024
1690731355060,1012.6909
1690731355102,1012.6914
1690731355142,1012.69073
1690731355162,1012.6924
1690731355200,1012.68866
1690731355245,1012.6861
1690731355260,1012.6846
1690731355302,1012.68933
1690731355342,1012.6905
1690731355361,1012.68976
1690731355401,1012.6891
1690731355443,1012.6834
1690731355460,1012.6769
1690731355502,1012.6826
1690731355541,1012.69275
1690731355562,1012.6791
1690731355600,1012.6753
1690731355644,1012.6765
1690731355659,1012.6805
1690731355700,1012.6802
1690731355741,1012.68365
1690731355759,1012.6837
1690731355800,1012.69214
1690731355840,1012.6922
1690731355860,1012.69037
1690731355901,1012.6939
1690731355939,1012.6948
1690731355959,1012.6891
1690731356000,1012.68494
1690731356041,1012.68896
1690731356061,1012.6761
1690731356103,1012.67944
1690731356142,1012.6843
1690731356161,1012.6877
1690731356200,1012.67804
1690731356243,1012.67444
1690731356260,1012.66943
1690731356299,1012.6777
1690731356343,1012.68097
1690731356359,1012.6835
1690731356399,1012.68335
1690731356442,1012.6769
1690731356460,1012.67554
1690731356499,1012.6786
1690731356539,1012.67114
1690731356562,1012.67816
1690731356599,1012.68066
1690731356638,1012.68207
1690731356659,1012.68463
1690731356701,1012.6855
1690731356739,1012.6908
1690731356759,1012.68774
1690731356799,1012.68274
1690731356841,1012.66797
1690731356859,1012.67163
1690731356904,1012.6782
1690731356939,1012.6832
1690731356960,1012.68835
1690731357000,1012.6908
1690731357041,1012.6828
1690731357060,1012.6862
1690731357099,1012.68365
1690731357148,1012.6835
1690731357160,1012.6768
1690731357198,1012.6678
1690731357242,1012.67944
1690731357259,1012.6754
1690731357300,1012.6767
1690731357340,1012.68945
1690731357359,1012.69324
1690731357401,1012.6927
1690731357440,1012.6862
1690731357459,1012.6744
1690731357503,1012.67664
1690731357539,1012.6668
1690731357559,1012.67566
1690731357601,1012.68286
1690731357639,1012.68115
1690731357661,1012.6807
1690731357699,1012.6832
1690731357738,1012.68823
1690731357759,1012.68726
1690731357798,1012.6804
1690731357840,1012.6762
1690731357860,1012.67535
1690731357900,1012.6812
1690731357938,1012.68054
1690731357959,1012.6742
1690731358001,1012.6776
1690731358038,1012.6823
1690731358060,1012.67395
1690731358098,1012.6771
1690731358146,1012.6753
1690731358157,1012.67773
1690731358198,1012.6729
1690731358239,1012.6674
1690731358260,1012.66644
1690731358298,1012.66907
1690731358339,1012.66943
1690731358360,1012.67926
1690731358400,1012.666
1690731358438,1012.66785
1690731358459,1012.6649
1690731358500,1012.6725
1690731358538,1012.67456
1690731358559,1012.68176
1690731358600,1012.67993
1690731358640,1012.6861
1690731358658,1012.69116
1690731358698,1012.6835
1690731358740,1012.6888
1690731358757,1012.6904
1690731358799,1012.68524
1690731358838,1012.68005
1690731358858,1012.6722
1690731358898,1012.6738
1690731358938,1012.6727
1690731358958,1012.6803
1690731358998,1012.6818
1690731359039,1012.688
1690731359059,1012.68604
1690731359098,1012.6824
1690731359137,1012.6783
1690731359157,1012.67346
1690731359198,1012.67303
1690731359240,1012.67725
1690731359258,1012.6656
1690731359299,1012.67175
1690731359338,1012.6738
1690731359357,1012.67206
1690731359399,1012.67004
1690731359438,1012.6697
1690731359459,1012.67065
1690731359498,1012.67
1690731359538,1012.66943
1690731359558,1012.6709
1690731359599,1012.6769
1690731359637,1012.67706
1690731359657,1012.67255
1690731359698,1012.6677
1690731359739,1012.6697
1690731359758,1012.6786
1690731359799,1012.6741
1690731359839,1012.6783
1690731359858,1012.681
1690731359898,1012.6905
1690731359940,1012.6917
1690731359960,1012.68225
1690731359997,1012.6809
1690731360037,1012.6948
1690731360057,1012.6797
1690731360096,1012.678
1690731360139,1012.67786
1690731360157,1012.6741
1690731360197,1012.6788
1690731360240,1012.6727
1690731360257,1012.6708
1690731360297,1012.68024
1690731360338,1012.67303
1690731360359,1012.67554
1690731360397,1012.66595
1690731360439,1012.6708
1690731360458,1012.67114
1690731360498,1012.6788
1690731360537,1012.6761
1690731360559,1012.6846
1690731360599,1012.6809
1690731360638,1012.68024
1690731360661,1012.68787
1690731360696,1012.6864
1690731360737,1012.6874
1690731360758,1012.6814
1690731360798,1012.6836
1690731360838,1012.6858
1690731360858,1012.6811
1690731360899,1012.6812
1690731360938,1012.68085
1690731360957,1012.67145
1690731360999,1012.66656
1690731361037,1012.67303
1690731361058,1012.675
1690731361096,1012.6791
1690731361136,1012.6909
