1690729882509,1011.59326
1690729882528,1011.58923
1690729882568,1011.5904
1690729882608,1011.5791
1690729882628,1011.5751
1690729882668,1011.57556
1690729882708,1011.58203
1690729882728,1011.5874
1690729882768,1011.5823
1690729882809,1011.5813
1690729882828,1011.5844
1690729882868,1011.58325
1690729882910,1011.5786
1690729882929,1011.574
1690729882971,1011.5706
1690729883011,1011.57275
1690729883030,1011.57263
1690729883070,1011.5696
1690729883109,1011.57764
1690729883129,1011.58295
1690729883174,1011.5798
1690729883210,1011.57275
1690729883230,1011.57214
1690729883272,1011.57227
1690729883310,1011.5648
1690729883329,1011.5591
1690729883370,1011.5714
1690729883409,1011.5763
1690729883430,1011.5857
1690729883469,1011.5913
1690729883509,1011.6078
1690729883529,1011.61804
1690729883568,1011.61597
1690729883609,1011.60736
1690729883629,1011.6041
1690729883669,1011.6089
1690729883710,1011.6036
1690729883732,1011.5911
1690729883769,1011.583
1690729883810,1011.5695
1690729883836,1011.5861
1690729883869,1011.58704
1690729883909,1011.5857
1690729883928,1011.5847
1690729883970,1011.58453
1690729884010,1011.58264
1690729884031,1011.58685
1690729884068,1011.57715
1690729884108,1011.5736
1690729884129,1011.57837
1690729884168,1011.58765
1690729884210,1011.58887
1690729884229,1011.5889
1690729884269,1011.5826
1690729884309,1011.5861
1690729884329,1011.588
1690729884370,1011.5913
1690729884415,1011.59436
1690729884431,1011.6006
1690729884472,1011.60583
1690729884508,1011.60516
1690729884528,1011.6072
1690729884568,1011.6035
1690729884607,1011.60785
1690729884629,1011.6103
1690729884669,1011.60425
1690729884708,1011.60156
1690729884729,1011.59937
1690729884769,1011.603
1690729884809,1011.5987
1690729884829,1011.6005
1690729884868,1011.5994
1690729884909,1011.59686
1690729884928,1011.60333
1690729884970,1011.60767
1690729885008,1011.6056
1690729885029,1011.59796
1690729885067,1011.5879
1690729885108,1011.58954
1690729885127,1011.5982
1690729885169,1011.6083
1690729885209,1011.6244
1690729885229,1011.6249
1690729885271,1011.62445
1690729885308,1011.6239
1690729885330,1011.61804
1690729885368,1011.6213
1690729885409,1011.6179
1690729885432,1011.6172
1690729885467,1011.6218
1690729885509,1011.6223
1690729885528,1011.6174
1690729885569,1011.62256
1690729885607,1011.6206
1690729885628,1011.6273
1690729885668,1011.6317
1690729885707,1011.6341
1690729885727,1011.6279
1690729885767,1011.6217
1690729885808,1011.61554
1690729885829,1011.6159
1690729885870,1011.6165
1690729885908,1011.6149
1690729885928,1011.6192
1690729885972,1011.6224
1690729886010,1011.6212
1690729886030,1011.624
1690729886072,1011.6268
1690729886107,1011.63257
1690729886130,1011.6294
1690729886167,1011.6244
1690729886207,1011.627
1690729886228,1011.6263
1690729886268,1011.62396
1690729886309,1011.6268
1690729886328,1011.6259
1690729886368,1011.6272
1690729886407,1011.62573
1690729886429,1011.6335
1690729886469,1011.6461
1690729886510,1011.63495
1690729886532,1011.63525
1690729886568,1011.6349
1690729886607,1011.64545
1690729886628,1011.6422
1690729886667,1011.64325
1690729886709,1011.641
1690729886727,1011.6391
1690729886768,1011.63306
1690729886808,1011.6291
1690729886829,1011.6341
1690729886867,1011.6243
1690729886909,1011.624
1690729886928,1011.6274
1690729886971,1011.61816
1690729887007,1011.62146
1690729887028,1011.6293
1690729887067,1011.6374
1690729887106,1011.6355
1690729887126,1011.6318
1690729887167,1011.6319
1690729887209,1011.62463
1690729887227,1011.6206
1690729887269,1011.61896
1690729887308,1011.61694
1690729887330,1011.6248
1690729887370,1011.6195
1690729887406,1011.6201
1690729887428,1011.6244
1690729887466,1011.61786
1690729887516,1011.62195
1690729887528,1011.62933
1690729887572,1011.6342
1690729887606,1011.6371
1690729887626,1011.64044
1690729887672,1011.6273
1690729887708,1011.6225
1690729887727,1011.6178
1690729887774,1011.62537
1690729887808,1011.6242
1690729887826,1011.6294
1690729887868,1011.63885
1690729887907,1011.6394
1690729887926,1011.635
1690729887968,1011.62915
1690729888007,1011.63184
1690729888027,1011.62683
1690729888066,1011.6266
1690729888106,1011.6323
1690729888127,1011.63464
1690729888170,1011.6375
1690729888207,1011.64404
1690729888226,1011.63916
1690729888266,1011.6359
1690729888307,1011.6462
1690729888327,1011.64453
1690729888368,1011.6424
1690729888407,1011.6383
1690729888427,1011.631
1690729888467,1011.6277
1690729888508,1011.6299
1690729888527,1011.61865
1690729888572,1011.61566
1690729888609,1011.6101
1690729888626,1011.60876
1690729888667,1011.5995
1690729888706,1011.6065
1690729888727,1011.6051
1690729888766,1011.59705
1690729888806,1011.59705
1690729888826,1011.60736
1690729888867,1011.6047
1690729888906,1011.61365
1690729888927,1011.61
1690729888966,1011.6082
1690729889008,1011.6082
1690729889027,1011.6097
1690729889071,1011.5988
1690729889106,1011.59235
1690729889126,1011.58716
1690729889168,1011.5895
1690729889207,1011.5884
1690729889228,1011.5909
1690729889268,1011.59094
1690729889306,1011.5958
1690729889325,1011.59406
1690729889366,1011.60364
1690729889407,1011.59985
1690729889426,1011.6074
1690729889467,1011.605
1690729889507,1011.60284
1690729889525,1011.5984
1690729889564,1011.59424
1690729889605,1011.5937
1690729889626,1011.5897
1690729889668,1011.58813
1690729889707,1011.594
1690729889728,1011.5867
1690729889767,1011.5905
1690729889805,1011.58887
1690729889826,1011.5995
1690729889867,1011.5985
1690729889907,1011.6007
1690729889926,1011.5959
1690729889966,1011.59894
1690729890006,1011.59686
1690729890026,1011.592
1690729890068,1011.59186
1690729890105,1011.5828
1690729890124,1011.585
1690729890166,1011.59406
1690729890206,1011.59735
1690729890226,1011.5962
1690729890273,1011.5989
1690729890306,1011.60345
1690729890326,1011.6024
1690729890367,1011.6023
1690729890406,1011.5965
1690729890427,1011.5874
1690729890467,1011.58435
1690729890508,1011.5968
1690729890525,1011.5979
1690729890572,1011.59796
1690729890604,1011.6013
1690729890625,1011.59576
1690729890669,1011.59924
1690729890709,1011.5935
1690729890727,1011.598
1690729890764,1011.5998
1690729890806,1011.5941
1690729890826,1011.5928
1690729890866,1011.58765
1690729890907,1011.5908
1690729890927,1011.58295
1690729890965,1011.58234
1690729891005,1011.5898
1690729891026,1011.58856
1690729891065,1011.5936
1690729891108,1011.5982
1690729891124,1011.6005
1690729891165,1011.60016
1690729891205,1011.59204
1690729891225,1011.5968
1690729891265,1011.60474
1690729891307,1011.6008
1690729891324,1011.6067
1690729891365,1011.6089
1690729891405,1011.5998
1690729891426,1011.60547
1690729891467,1011.6022
1690729891505,1011.5956
1690729891527,1011.5889
1690729891570,1011.5912
1690729891604,1011.59564
1690729891624,1011.59503
1690729891672,1011.6018
1690729891708,1011.60345
1690729891727,1011.59717
1690729891765,1011.597
1690729891805,1011.5906
1690729891824,1011.59094
1690729891866,1011.60016
1690729891904,1011.59863
1690729891925,1011.6007
1690729891966,1011.599
1690729892005,1011.6015
1690729892024,1011.60333
1690729892072,1011.61017
1690729892104,1011.6094
1690729892124,1011.61554
1690729892170,1011.6177
1690729892204,1011.617
1690729892226,1011.6204
1690729892265,1011.62335
1690729892307,1011.62366
1690729892326,1011.6174
1690729892366,1011.61804
1690729892406,1011.624
1690729892424,1011.62616
1690729892466,1011.62067
1690729892504,1011.6285
1690729892525,1011.62146
1690729892564,1011.6307
1690729892604,1011.6371
1690729892624,1011.6456
1690729892669,1011.65686
1690729892707,1011.65485
1690729892725,1011.655
1690729892765,1011.65125
1690729892805,1011.6498
1690729892825,1011.6544
1690729892866,1011.65405
1690729892906,1011.6537
1690729892925,1011.6566
1690729892964,1011.6593
1690729893006,1011.664
1690729893024,1011.6708
1690729893064,1011.67224
1690729893103,1011.67773
1690729893123,1011.6753
1690729893164,1011.6715
1690729893205,1011.68396
1690729893224,1011.6905
1690729893265,1011.6935
1690729893304,1011.698
1690729893327,1011.70245
1690729893364,1011.6996
1690729893405,1011.70245
1690729893426,1011.7008
1690729893464,1011.7053
1690729893504,1011.7205
1690729893523,1011.72565
1690729893565,1011.7273
1690729893603,1011.7289
1690729893624,1011.7205
1690729893672,1011.72217
1690729893704,1011.7303
1690729893723,1011.7383
1690729893763,1011.747
1690729893803,1011.74744
1690729893825,1011.7517
1690729893864,1011.74805
1690729893903,1011.746
1690729893924,1011.7554
1690729893963,1011.75916
1690729894002,1011.7626
1690729894023,1011.75543
1690729894066,1011.761
1690729894102,1011.7715
1690729894122,1011.77563
1690729894165,1011.77954
1690729894205,1011.7833
1690729894224,1011.7948
1690729894266,1011.8005
1690729894304,1011.80756
1690729894323,1011.8168
1690729894366,1011.8125
1690729894403,1011.81177
1690729894423,1011.80963
1690729894465,1011.8163
1690729894505,1011.8191
1690729894523,1011.8246
1690729894569,1011.8297
1690729894603,1011.83997
1690729894622,1011.8361
1690729894663,1011.8422
1690729894704,1011.8485
1690729894724,1011.85675
1690729894767,1011.8552
1690729894803,1011.8625
1690729894824,1011.8722
1690729894866,1011.87854
1690729894905,1011.8712
1690729894923,1011.87524
1690729894964,1011.8793
1690729895006,1011.8786
1690729895023,1011.8866
1690729895064,1011.89404
1690729895102,1011.89124
1690729895122,1011.88007
1690729895167,1011.8825
1690729895202,1011.88525
1690729895223,1011.8953
1690729895264,1011.9036
1690729895305,1011.9022
1690729895324,1011.8969
1690729895367,1011.90247
1690729895404,1011.90985
1690729895426,1011.91675
1690729895464,1011.92474
1690729895503,1011.9184
1690729895525,1011.92645
1690729895564,1011.9283
1690729895603,1011.9278
1690729895622,1011.93494
1690729895666,1011.93994
1690729895704,1011.9429
1690729895723,1011.9395
1690729895762,1011.9497
1690729895804,1011.9515
1690729895823,1011.9482
1690729895863,1011.9503
1690729895903,1011.9564
1690729895923,1011.9671
1690729895964,1011.9674
1690729896002,1011.973
1690729896021,1011.97687
1690729896063,1011.98535
1690729896101,1011.9849
1690729896121,1011.9879
1690729896163,1011.9925
1690729896202,1011.9921
1690729896223,1012.00146
1690729896262,1012.00464
1690729896303,1012.00146
1690729896323,1012.0051
1690729896361,1012.00446
1690729896402,1012.01154
1690729896422,1012.01764
1690729896465,1012.0243
1690729896502,1012.0314
1690729896522,1012.0309
1690729896563,1012.02655
1690729896601,1012.0221
1690729896621,1012.02734
1690729896681,1012.02454
1690729896701,1012.0257
1690729896721,1012.02167
1690729896764,1012.02795
1690729896802,1012.0324
1690729896822,1012.03156
1690729896867,1012.03595
1690729896901,1012.0353
1690729896926,1012.0338
1690729896964,1012.03345
1690729897003,1012.0351
1690729897021,1012.03314
1690729897064,1012.0453
1690729897101,1012.0508
1690729897123,1012.05475
1690729897162,1012.0532
1690729897202,1012.04443
1690729897221,1012.04816
1690729897264,1012.04553
1690729897302,1012.0403
1690729897322,1012.0309
1690729897362,1012.0355
1690729897402,1012.0349
1690729897424,1012.0428
1690729897462,1012.04034
1690729897501,1012.04236
1690729897521,1012.03436
1690729897562,1012.0362
1690729897605,1012.04004
1690729897620,1012.0477
1690729897660,1012.041
1690729897702,1012.0352
1690729897721,1012.0382
1690729897762,1012.037
1690729897802,1012.03265
1690729897821,1012.04565
1690729897862,1012.0521
1690729897902,1012.053
1690729897924,1012.0512
1690729897964,1012.0495
1690729898001,1012.04675
1690729898022,1012.04333
1690729898062,1012.0384
1690729898103,1012.03613
1690729898121,1012.04333
1690729898161,1012.0418
1690729898200,1012.04175
1690729898221,1012.0425
1690729898262,1012.04877
1690729898302,1012.05865
1690729898321,1012.0539
1690729898361,1012.0545
1690729898401,1012.0524
1690729898421,1012.0459
1690729898462,1012.04517
1690729898502,1012.0455
1690729898523,1012.0603
1690729898560,1012.0612
1690729898601,1012.07025
1690729898620,1012.0699
1690729898660,1012.0585
1690729898702,1012.0652
1690729898722,1012.05396
1690729898761,1012.0674
1690729898803,1012.07526
1690729898821,1012.0603
1690729898861,1012.0645
1690729898901,1012.05615
1690729898921,1012.05554
1690729898962,1012.0561
1690729899001,1012.0575
1690729899020,1012.045
1690729899060,1012.04736
1690729899101,1012.0615
1690729899120,1012.06146
1690729899161,1012.0531
1690729899200,1012.05505
1690729899220,1012.05054
1690729899262,1012.05646
1690729899302,1012.0582
1690729899320,1012.06396
1690729899360,1012.0664
1690729899400,1012.0772
1690729899423,1012.0686
1690729899463,1012.0612
1690729899502,1012.0593
1690729899521,1012.0625
1690729899562,1012.05365
1690729899601,1012.0432
1690729899620,1012.05493
1690729899660,1012.0482
1690729899700,1012.0542
1690729899722,1012.05054
1690729899759,1012.0464
1690729899800,1012.0515
1690729899822,1012.048
1690729899861,1012.04913
1690729899901,1012.04877
1690729899921,1012.0449
1690729899960,1012.0431
1690729900000,1012.05566
1690729900021,1012.0604
1690729900061,1012.0608
1690729900100,1012.0641
1690729900119,1012.0828
1690729900160,1012.10254
1690729900203,1012.0986
1690729900220,1012.0852
1690729900260,1012.08215
1690729900302,1012.0702
1690729900320,1012.07715
1690729900360,1012.08093
1690729900402,1012.06757
1690729900420,1012.0635
1690729900460,1012.0725
1690729900501,1012.08264
1690729900520,1012.08093
1690729900562,1012.07477
1690729900599,1012.0685
1690729900619,1012.06995
1690729900660,1012.0619
1690729900700,1012.06396
1690729900720,1012.06494
1690729900759,1012.0682
1690729900800,1012.0652
1690729900821,1012.0599
1690729900859,1012.06396
1690729900900,1012.06903
1690729900920,1012.0752
1690729900962,1012.07135
1690729901001,1012.068
1690729901020,1012.0676
1690729901061,1012.07556
1690729901105,1012.0821
1690729901119,1012.0821
1690729901159,1012.0797
1690729901199,1012.07434
1690729901220,1012.0752
1690729901259,1012.0731
1690729901300,1012.0678
1690729901320,1012.06445
1690729901360,1012.07544
1690729901399,1012.0717
1690729901420,1012.0618
1690729901461,1012.07166
1690729901500,1012.06433
1690729901520,1012.0606
1690729901559,1012.05597
1690729901598,1012.05615
1690729901618,1012.05743
1690729901659,1012.0537
1690729901699,1012.0614
1690729901722,1012.0664
1690729901760,1012.06757
1690729901799,1012.0634
1690729901819,1012.07007
1690729901860,1012.0548
1690729901899,1012.0571
1690729901920,1012.0599
1690729901959,1012.06274
1690729902000,1012.062
1690729902019,1012.06165
1690729902058,1012.051
1690729902098,1012.0497
1690729902118,1012.0497
1690729902158,1012.07306
1690729902201,1012.06433
1690729902218,1012.0716
1690729902260,1012.0693
1690729902299,1012.07495
1690729902321,1012.07214
1690729902359,1012.0694
1690729902399,1012.0679
1690729902419,1012.06226
1690729902460,1012.0587
1690729902498,1012.0653
1690729902518,1012.07623
1690729902561,1012.08765
1690729902599,1012.0904
1690729902618,1012.0945
1690729902661,1012.09924
1690729902700,1012.0963
1690729902719,1012.0746
1690729902758,1012.0638
1690729902800,1012.06464
1690729902818,1012.074
1690729902859,1012.06085
1690729902898,1012.05334
1690729902918,1012.04016
1690729902959,1012.0466
1690729902999,1012.06104
1690729903019,1012.0673
1690729903060,1012.068
1690729903098,1012.0633
1690729903118,1012.05237
1690729903158,1012.06323
1690729903198,1012.0692
1690729903218,1012.0766
1690729903260,1012.0653
1690729903300,1012.0726
1690729903319,1012.0711
1690729903361,1012.07135
1690729903398,1012.07184
1690729903418,1012.06714
1690729903458,1012.07104
1690729903498,1012.07556
1690729903520,1012.07935
1690729903559,1012.07874
1690729903599,1012.07556
1690729903618,1012.07495
1690729903659,1012.0864
1690729903706,1012.08704
1690729903719,1012.0823
1690729903760,1012.07104
1690729903798,1012.0738
1690729903818,1012.0842
1690729903858,1012.09
1690729903900,1012.09094
1690729903918,1012.0969
1690729903959,1012.08887
1690729903998,1012.0885
1690729904018,1012.0908
1690729904058,1012.08356
1690729904103,1012.08374
1690729904117,1012.08984
1690729904159,1012.08374
1690729904199,1012.08435
1690729904217,1012.0779
1690729904260,1012.0738
1690729904300,1012.06836
1690729904339,1012.06934
1690729904358,1012.078
1690729904398,1012.0826
1690729904438,1012.0852
1690729904457,1012.0866
1690729904497,1012.0914
1690729904538,1012.095
1690729904559,1012.09595
1690729904599,1012.09845
1690729904636,1012.09106
1690729904657,1012.08746
1690729904699,1012.09406
1690729904738,1012.1011
1690729904759,1012.101
1690729904799,1012.1174
1690729904837,1012.11127
1690729904858,1012.1057
1690729904898,1012.0991
1690729904940,1012.0982
1690729904957,1012.10034
1690729904998,1012.0973
1690729905042,1012.09326
1690729905057,1012.09045
1690729905110,1012.0894
1690729905137,1012.0882
1690729905159,1012.08905
1690729905199,1012.0935
1690729905237,1012.09424
1690729905257,1012.0998
1690729905301,1012.0954
1690729905317,1012.09644
1690729905358,1012.1015
1690729905398,1012.1011
1690729905437,1012.0992
1690729905459,1012.1
1690729905499,1012.10187
1690729905538,1012.0847
1690729905557,1012.0977
1690729905599,1012.0927
1690729905636,1012.08624
1690729905657,1012.08997
1690729905698,1012.0842
1690729905736,1012.08624
1690729905757,1012.08923
1690729905797,1012.091
1690729905836,1012.10016
1690729905857,1012.10394
1690729905897,1012.10706
1690729905937,1012.0991
1690729905958,1012.08984
1690729905996,1012.09064
1690729906037,1012.0919
1690729906059,1012.0915
1690729906097,1012.09503
1690729906137,1012.0919
1690729906157,1012.0955
1690729906209,1012.09686
1690729906237,1012.0993
1690729906257,1012.09705
1690729906299,1012.0895
1690729906338,1012.08234
1690729906357,1012.0857
1690729906399,1012.07043
1690729906438,1012.0721
1690729906460,1012.0795
1690729906497,1012.08295
1690729906537,1012.08923
1690729906556,1012.0908
1690729906596,1012.08453
1690729906636,1012.0811
1690729906656,1012.08716
1690729906696,1012.08264
1690729906718,1012.08325
1690729906757,1012.08093
1690729906796,1012.08203
1690729906837,1012.0808
1690729906857,1012.0697
1690729906897,1012.0719
1690729906937,1012.07355
1690729906958,1012.0719
1690729906996,1012.0686
1690729907036,1012.0646
1690729907057,1012.0592
1690729907097,1012.06055
1690729907135,1012.06366
1690729907156,1012.0722
1690729907198,1012.0774
1690729907237,1012.0823
1690729907255,1012.07446
1690729907297,1012.0582
1690729907337,1012.05505
1690729907357,1012.056
1690729907397,1012.04663
1690729907438,1012.04065
1690729907456,1012.04364
1690729907496,1012.0412
1690729907536,1012.0338
1690729907555,1012.0277
1690729907596,1012.0255
1690729907635,1012.0215
1690729907655,1012.0214
1690729907696,1012.01013
1690729907736,1011.9947
1690729907755,1012.00073
1690729907797,1011.99316
1690729907835,1011.9837
1690729907856,1011.9734
1690729907895,1011.97314
1690729907936,1011.979
1690729907958,1011.9803
1690729907997,1011.97076
1690729908035,1011.9645
1690729908055,1011.9616
1690729908097,1011.9623
1690729908134,1011.96094
1690729908155,1011.95953
1690729908195,1011.9601
1690729908237,1011.9504
1690729908256,1011.95483
1690729908296,1011.9505
1690729908337,1011.9408
1690729908356,1011.94006
1690729908398,1011.9423
1690729908435,1011.94464
1690729908455,1011.9504
1690729908497,1011.9453
1690729908535,1011.93774
1690729908558,1011.93915
1690729908596,1011.94275
1690729908634,1011.947
1690729908656,1011.9369
1690729908695,1011.93384
1690729908736,1011.9348
1690729908756,1011.94073
1690729908797,1011.942
1690729908836,1011.93787
1690729908859,1011.947
1690729908895,1011.9496
1690729908937,1011.95184
1690729908955,1011.95996
1690729908995,1011.96594
1690729909036,1011.96747
1690729909056,1011.9666
1690729909095,1011.97046
1690729909135,1011.96326
1690729909155,1011.9657
1690729909196,1011.9623
1690729909236,1011.96576
1690729909255,1011.9736
1690729909295,1011.9811
1690729909336,1011.9859
1690729909356,1011.9895
1690729909398,1011.9903
1690729909435,1012.00085
1690729909455,1012.00073
1690729909496,1012.0034
1690729909535,1012.00775
1690729909556,1012.0052
1690729909599,1012.0023
1690729909635,1011.99695
1690729909655,1011.99536
1690729909694,1011.9989
1690729909734,1011.999
1690729909756,1012.0131
1690729909795,1012.0146
1690729909835,1012.0124
1690729909855,1012.0091
1690729909896,1012.0063
1690729909934,1012.00903
1690729909954,1012.01904
1690729909996,1012.0202
1690729910036,1012.0121
1690729910055,1012.01495
1690729910105,1012.01666
1690729910133,1012.0237
1690729910154,1012.0285
1690729910197,1012.0325
1690729910235,1012.0291
1690729910256,1012.0224
1690729910295,1012.02356
1690729910336,1012.0253
1690729910355,1012.042
1690729910394,1012.0408
1690729910436,1012.0368
1690729910455,1012.0303
1690729910494,1012.0201
1690729910535,1012.02527
1690729910556,1012.0258
1690729910595,1012.0338
1690729910634,1012.0313
1690729910654,1012.0301
1690729910696,1012.0192
1690729910734,1012.0208
1690729910754,1012.0289
1690729910795,1012.0312
1690729910834,1012.03925
1690729910855,1012.0342
1690729910894,1012.0328
1690729910935,1012.01904
1690729910954,1012.01794
1690729910995,1012.0288
1690729911034,1012.03015
1690729911056,1012.03784
1690729911096,1012.037
1690729911134,1012.03656
1690729911154,1012.0328
1690729911198,1012.04034
1690729911233,1012.04926
1690729911254,1012.0495
1690729911294,1012.05396
1690729911336,1012.0442
1690729911354,1012.03796
1690729911393,1012.03876
1690729911434,1012.03986
1690729911455,1012.04504
1690729911493,1012.04456
1690729911536,1012.0554
1690729911554,1012.0634
1690729911596,1012.069
1690729911634,1012.06067
1690729911653,1012.0502
1690729911694,1012.0586
1690729911733,1012.06647
1690729911753,1012.07074
1690729911795,1012.0699
1690729911834,1012.062
1690729911858,1012.063
1690729911894,1012.0725
1690729911934,1012.07733
1690729911955,1012.0815
1690729911994,1012.0805
1690729912034,1012.0826
1690729912054,1012.0818
1690729912096,1012.08716
1690729912133,1012.07996
1690729912153,1012.08203
1690729912194,1012.08167
1690729912233,1012.08936
1690729912254,1012.0966
1690729912295,1012.1099
1690729912334,1012.1084
1690729912355,1012.1146
1690729912394,1012.1197
1690729912435,1012.1155
1690729912453,1012.1201
1690729912494,1012.117
1690729912534,1012.12024
1690729912554,1012.11755
1690729912594,1012.12964
1690729912632,1012.1398
1690729912653,1012.1384
1690729912695,1012.1426
1690729912734,1012.14795
1690729912753,1012.1443
1690729912794,1012.13525
1690729912834,1012.14417
1690729912854,1012.1522
1690729912892,1012.16113
1690729912934,1012.1677
1690729912954,1012.1724
1690729912995,1012.17035
1690729913033,1012.1705
1690729913054,1012.174
1690729913094,1012.1717
1690729913133,1012.1742
1690729913153,1012.184
1690729913193,1012.19336
1690729913233,1012.1935
1690729913253,1012.205
1690729913294,1012.215
1690729913334,1012.2119
1690729913354,1012.2166
1690729913394,1012.2174
1690729913433,1012.2252
1690729913454,1012.2261
1690729913492,1012.2272
1690729913533,1012.22815
1690729913553,1012.22485
1690729913593,1012.2254
1690729913637,1012.24194
1690729913652,1012.2461
1690729913692,1012.2521
1690729913732,1012.2542
1690729913753,1012.25226
1690729913793,1012.26355
1690729913835,1012.2661
1690729913855,1012.27264
1690729913894,1012.2798
1690729913934,1012.2822
1690729913954,1012.2847
1690729913995,1012.2789
1690729914034,1012.2855
1690729914052,1012.2941
1690729914094,1012.29126
1690729914132,1012.2941
1690729914153,1012.2988
1690729914192,1012.2986
1690729914233,1012.296
1690729914253,1012.3041
1690729914293,1012.30975
1690729914334,1012.3167
1690729914353,1012.32336
1690729914392,1012.33105
1690729914433,1012.337
1690729914452,1012.33344
1690729914495,1012.3353
1690729914534,1012.33875
1690729914553,1012.3376
1690729914592,1012.3452
1690729914631,1012.34534
1690729914652,1012.3445
1690729914692,1012.34814
1690729914731,1012.34186
1690729914752,1012.35455
1690729914793,1012.3573
1690729914832,1012.35425
1690729914852,1012.36334
1690729914893,1012.36755
1690729914932,1012.3683
1690729914952,1012.37415
1690729914993,1012.37646
1690729915033,1012.38074
1690729915051,1012.386
1690729915093,1012.3917
1690729915131,1012.3981
1690729915151,1012.3904
1690729915191,1012.3878
1690729915231,1012.3955
1690729915252,1012.39594
1690729915292,1012.39526
1690729915334,1012.4042
1690729915354,1012.3985
1690729915392,1012.3994
1690729915432,1012.4018
1690729915455,1012.40765
1690729915493,1012.4114
1690729915533,1012.4119
1690729915552,1012.4199
1690729915591,1012.4149
1690729915632,1012.414
1690729915650,1012.42163
1690729915692,1012.4237
1690729915730,1012.41956
1690729915751,1012.4175
1690729915793,1012.41833
1690729915832,1012.4221
1690729915852,1012.42566
1690729915893,1012.43286
1690729915931,1012.4321
1690729915953,1012.44025
1690729915992,1012.44336
1690729916031,1012.43585
1690729916053,1012.43005
1690729916092,1012.422
1690729916130,1012.4249
1690729916151,1012.42847
1690729916190,1012.4385
1690729916233,1012.4385
1690729916253,1012.4338
1690729916292,1012.42944
1690729916332,1012.4347
1690729916355,1012.44336
1690729916394,1012.4357
1690729916431,1012.4394
1690729916452,1012.44086
1690729916494,1012.44543
1690729916531,1012.44775
1690729916554,1012.44183
1690729916591,1012.4529
1690729916630,1012.45544
1690729916650,1012.46466
1690729916694,1012.4689
1690729916730,1012.47455
1690729916751,1012.4785
1690729916792,1012.48895
1690729916832,1012.5032
1690729916851,1012.50476
1690729916891,1012.50757
1690729916931,1012.5074
1690729916951,1012.5103
1690729916992,1012.50464
1690729917032,1012.51013
1690729917050,1012.5062
1690729917092,1012.5053
1690729917132,1012.5045
1690729917149,1012.50433
1690729917190,1012.4995
1690729917231,1012.5016
1690729917251,1012.503
1690729917292,1012.50305
1690729917331,1012.5026
1690729917351,1012.49927
1690729917392,1012.49713
1690729917430,1012.5046
1690729917451,1012.51245
1690729917489,1012.50854
1690729917531,1012.5187
1690729917552,1012.5087
1690729917591,1012.51666
1690729917631,1012.51184
1690729917649,1012.5181
1690729917690,1012.5227
1690729917732,1012.5248
1690729917765,1012.522
1690729917791,1012.51385
1690729917834,1012.50256
1690729917851,1012.50037
1690729917890,1012.5123
1690729917930,1012.51575
1690729917950,1012.5188
1690729917991,1012.5194
1690729918030,1012.521
1690729918050,1012.5114
1690729918090,1012.511
1690729918132,1012.51746
1690729918150,1012.51697
1690729918189,1012.5184
1690729918232,1012.5144
1690729918250,1012.49927
1690729918291,1012.50305
1690729918333,1012.50183
1690729918349,1012.5085
1690729918393,1012.51465
1690729918430,1012.5188
1690729918450,1012.5201
1690729918490,1012.5116
1690729918529,1012.51245
1690729918550,1012.51514
1690729918592,1012.51086
1690729918633,1012.5082
1690729918649,1012.51587
1690729918690,1012.51917
1690729918733,1012.52185
1690729918751,1012.5311
1690729918791,1012.53674
1690729918830,1012.5416
1690729918850,1012.5336
1690729918891,1012.53076
1690729918931,1012.5257
1690729918949,1012.5425
1690729918992,1012.5446
1690729919030,1012.5366
1690729919052,1012.5315
1690729919090,1012.5371
1690729919129,1012.53937
1690729919148,1012.5421
1690729919189,1012.54346
1690729919231,1012.5425
1690729919249,1012.53613
1690729919289,1012.54395
1690729919330,1012.5392
1690729919350,1012.5272
1690729919390,1012.5233
1690729919429,1012.5273
1690729919450,1012.5329
1690729919490,1012.52716
1690729919531,1012.52374
1690729919549,1012.5246
1690729919589,1012.528
1690729919628,1012.5281
1690729919648,1012.52966
1690729919690,1012.5224
1690729919729,1012.5194
1690729919751,1012.5177
1690729919792,1012.518
1690729919831,1012.5149
1690729919849,1012.5135
1690729919888,1012.5113
1690729919931,1012.5102
1690729919950,1012.5109
1690729919990,1012.5094
1690729920028,1012.50024
1690729920048,1012.5039
1690729920088,1012.5046
1690729920130,1012.4978
1690729920148,1012.4966
1690729920189,1012.5015
1690729920230,1012.5011
1690729920249,1012.5023
1690729920290,1012.50024
1690729920330,1012.51013
1690729920350,1012.5009
1690729920390,1012.501
1690729920428,1012.49274
1690729920449,1012.4942
1690729920491,1012.4901
1690729920530,1012.4939
1690729920548,1012.49176
1690729920591,1012.4843
1690729920628,1012.4774
1690729920648,1012.47784
1690729920689,1012.4779
1690729920729,1012.4819
1690729920749,1012.4784
1690729920790,1012.4852
1690729920829,1012.4834
1690729920852,1012.48584
1690729920889,1012.48865
1690729920930,1012.48376
1690729920952,1012.49097
1690729920989,1012.48816
1690729921029,1012.4792
1690729921049,1012.46484
1690729921089,1012.46814
1690729921128,1012.47266
1690729921148,1012.47217
1690729921188,1012.48193
1690729921228,1012.4917
1690729921249,1012.48566
1690729921289,1012.48364
1690729921329,1012.4849
1690729921349,1012.4844
1690729921389,1012.4797
1690729921429,1012.4713
1690729921449,1012.46954
1690729921490,1012.4675
1690729921531,1012.4751
1690729921549,1012.4739
1690729921589,1012.46643
1690729921630,1012.4815
1690729921649,1012.4838
1690729921688,1012.47424
1690729921728,1012.46906
1690729921748,1012.48145
1690729921788,1012.47955
1690729921828,1012.474
1690729921851,1012.46814
1690729921890,1012.46796
1690729921928,1012.46497
1690729921949,1012.46173
1690729921989,1012.47046
1690729922028,1012.46686
1690729922047,1012.4673
1690729922089,1012.4723
1690729922130,1012.4753
1690729922147,1012.4738
1690729922188,1012.46063
1690729922232,1012.4672
1690729922247,1012.47015
1690729922289,1012.4783
1690729922328,1012.4874
1690729922349,1012.479
1690729922388,1012.4767
1690729922427,1012.4759
1690729922447,1012.48596
1690729922489,1012.4794
1690729922528,1012.47296
1690729922548,1012.4807
1690729922588,1012.48676
1690729922629,1012.4878
1690729922647,1012.48364
1690729922687,1012.48486
1690729922729,1012.47974
1690729922782,1012.48004
1690729922786,1012.46765
1690729922828,1012.4686
1690729922847,1012.46313
1690729922889,1012.4564
1690729922928,1012.4518
1690729922949,1012.4527
1690729922988,1012.4541
1690729923028,1012.4621
1690729923047,1012.4642
1690729923088,1012.4633
1690729923129,1012.4679
1690729923146,1012.4696
1690729923188,1012.463
1690729923232,1012.4601
1690729923247,1012.4617
1690729923288,1012.45734
1690729923330,1012.46155
1690729923347,1012.46094
1690729923388,1012.45447
1690729923427,1012.45154
1690729923449,1012.45905
1690729923488,1012.4586
1690729923528,1012.45764
1690729923549,1012.45416
1690729923587,1012.45374
1690729923630,1012.456
1690729923648,1012.4504
1690729923687,1012.4588
1690729923730,1012.4582
1690729923747,1012.4533
1690729923788,1012.4518
1690729923829,1012.4522
1690729923847,1012.45685
1690729923888,1012.4517
1690729923929,1012.454
1690729923947,1012.44946
1690729923987,1012.44165
1690729924029,1012.4381
1690729924048,1012.44324
1690729924087,1012.4541
1690729924128,1012.4483
1690729924146,1012.4547
1690729924186,1012.46436
1690729924229,1012.4636
1690729924247,1012.4654
1690729924288,1012.4573
1690729924327,1012.4566
1690729924348,1012.4487
1690729924388,1012.453
1690729924427,1012.459
1690729924450,1012.4571
1690729924487,1012.4655
1690729924529,1012.46423
1690729924547,1012.46484
1690729924587,1012.45764
1690729924627,1012.4469
1690729924648,1012.4475
1690729924687,1012.45105
1690729924730,1012.4592
1690729924746,1012.45514
1690729924787,1012.4516
1690729924827,1012.45557
1690729924848,1012.4586
1690729924886,1012.4478
1690729924928,1012.45123
1690729924948,1012.44824
1690729924987,1012.4535
1690729925027,1012.45996
1690729925049,1012.45605
1690729925088,1012.4553
1690729925125,1012.4543
1690729925146,1012.4435
1690729925186,1012.44885
1690729925227,1012.45996
1690729925248,1012.4539
1690729925286,1012.45447
1690729925327,1012.45135
1690729925346,1012.4509
1690729925386,1012.4552
1690729925427,1012.4584
1690729925449,1012.46594
1690729925486,1012.4615
1690729925527,1012.4564
1690729925549,1012.45483
1690729925587,1012.463
1690729925626,1012.4565
1690729925646,1012.4509
1690729925686,1012.4498
1690729925739,1012.4489
1690729925747,1012.44946
1690729925785,1012.44183
1690729925825,1012.4477
1690729925846,1012.4509
1690729925886,1012.44324
1690729925926,1012.4404
1690729925948,1012.44507
1690729925988,1012.4414
1690729926025,1012.4402
1690729926047,1012.442
1690729926087,1012.4436
1690729926126,1012.4461
1690729926164,1012.44995
1690729926185,1012.44366
1690729926228,1012.4412
1690729926245,1012.4486
1690729926288,1012.43933
1690729926326,1012.4476
1690729926367,1012.44214
1690729926388,1012.444
1690729926426,1012.4568
1690729926446,1012.4585
1690729926485,1012.451
1690729926525,1012.4585
1690729926565,1012.4624
1690729926586,1012.4671
1690729926625,1012.4626
1690729926651,1012.4497
1690729926685,1012.44604
1690729926725,1012.449
1690729926766,1012.45337
1690729926788,1012.44904
1690729926827,1012.4529
1690729926865,1012.457
1690729926885,1012.4449
1690729926924,1012.4458
1690729926966,1012.4478
1690729926985,1012.4497
1690729927025,1012.4493
1690729927067,1012.4533
1690729927085,1012.4531
1690729927125,1012.4569
1690729927164,1012.459
1690729927184,1012.4646
1690729927227,1012.45886
1690729927264,1012.4624
1690729927284,1012.46783
1690729927326,1012.46295
1690729927365,1012.46063
1690729927384,1012.45636
1690729927425,1012.4627
1690729927466,1012.4587
1690729927488,1012.46533
1690729927524,1012.46185
1690729927566,1012.4596
1690729927587,1012.461
1690729927625,1012.46765
1690729927665,1012.466
1690729927684,1012.46014
1690729927723,1012.45685
1690729927765,1012.4559
1690729927784,1012.45734
1690729927824,1012.44775
1690729927865,1012.4552
1690729927885,1012.4531
1690729927924,1012.4511
1690729927966,1012.4462
1690729927985,1012.4465
1690729928025,1012.44867
1690729928065,1012.448
1690729928086,1012.4407
1690729928126,1012.4437
1690729928163,1012.4426
1690729928184,1012.4458
1690729928224,1012.4482
1690729928264,1012.4521
1690729928285,1012.4506
1690729928325,1012.44714
1690729928366,1012.44507
1690729928385,1012.44147
1690729928426,1012.43933
1690729928465,1012.4496
1690729928484,1012.45667
1690729928525,1012.45905
1690729928566,1012.4546
1690729928586,1012.4617
1690729928625,1012.46216
1690729928664,1012.461
1690729928684,1012.4602
1690729928724,1012.46277
1690729928764,1012.4606
1690729928785,1012.45636
1690729928824,1012.45935
1690729928867,1012.466
1690729928884,1012.4592
1690729928925,1012.4585
1690729928965,1012.45746
1690729928984,1012.45435
1690729929025,1012.4489
1690729929064,1012.44617
1690729929084,1012.4467
1690729929124,1012.4441
1690729929165,1012.45087
1690729929184,1012.45013
1690729929227,1012.4465
1690729929264,1012.44275
1690729929285,1012.4469
1690729929324,1012.4436
1690729929365,1012.44415
1690729929384,1012.43884
1690729929423,1012.437
1690729929464,1012.4326
1690729929486,1012.42865
1690729929526,1012.4316
1690729929565,1012.4294
1690729929585,1012.4348
1690729929627,1012.4397
1690729929665,1012.44495
1690729929683,1012.44617
1690729929724,1012.4364
1690729929764,1012.4346
1690729929784,1012.43854
1690729929825,1012.4365
1690729929867,1012.42706
1690729929884,1012.42816
1690729929925,1012.4286
1690729929965,1012.4269
1690729929987,1012.4326
1690729930026,1012.43585
1690729930064,1012.4287
1690729930085,1012.4291
1690729930126,1012.4332
1690729930166,1012.43616
1690729930183,1012.4387
1690729930224,1012.4355
1690729930264,1012.4371
1690729930283,1012.4256
1690729930324,1012.43665
1690729930365,1012.43414
1690729930384,1012.4382
1690729930427,1012.4431
1690729930464,1012.443
1690729930484,1012.43494
1690729930524,1012.43225
1690729930564,1012.4291
1690729930583,1012.4287
1690729930625,1012.4246
1690729930664,1012.4268
1690729930682,1012.42505
1690729930723,1012.4315
1690729930766,1012.4318
1690729930782,1012.42786
1690729930824,1012.43274
1690729930865,1012.4304
1690729930884,1012.42676
1690729930924,1012.4404
1690729930964,1012.44775
1690729930983,1012.4325
1690729931024,1012.4332
1690729931063,1012.4328
1690729931083,1012.441
1690729931124,1012.4399
1690729931164,1012.4398
1690729931183,1012.4417
1690729931224,1012.4312
1690729931263,1012.4299
1690729931283,1012.434
1690729931323,1012.43665
1690729931366,1012.4289
1690729931386,1012.4269
1690729931423,1012.42725
1690729931464,1012.41583
1690729931485,1012.4226
1690729931524,1012.4256
1690729931564,1012.4242
1690729931583,1012.4304
1690729931622,1012.42926
1690729931666,1012.4364
1690729931681,1012.4355
1690729931724,1012.43475
1690729931763,1012.4293
1690729931784,1012.4306
1690729931824,1012.4241
1690729931863,1012.42084
1690729931884,1012.42633
1690729931923,1012.425
1690729931963,1012.42175
1690729931983,1012.42725
1690729932024,1012.434
1690729932065,1012.4383
1690729932083,1012.4356
1690729932123,1012.4409
1690729932168,1012.4407
1690729932182,1012.43585
1690729932222,1012.4413
1690729932262,1012.44836
1690729932283,1012.4364
1690729932323,1012.4378
1690729932363,1012.4366
1690729932383,1012.43933
1690729932423,1012.43835
1690729932467,1012.4255
1690729932484,1012.4352
1690729932523,1012.436
1690729932563,1012.44104
1690729932584,1012.4429
1690729932622,1012.4458
1690729932662,1012.4472
1690729932681,1012.4519
1690729932722,1012.4455
1690729932764,1012.4441
1690729932783,1012.4583
1690729932821,1012.45746
1690729932862,1012.4439
1690729932885,1012.4451
1690729932923,1012.44946
1690729932965,1012.4442
1690729932981,1012.4509
1690729933025,1012.4485
1690729933063,1012.43964
1690729933083,1012.4463
1690729933125,1012.44916
1690729933162,1012.4524
1690729933181,1012.4521
1690729933221,1012.45374
1690729933263,1012.4507
1690729933282,1012.4491
1690729933321,1012.4485
1690729933363,1012.44653
1690729933382,1012.4451
1690729933421,1012.44824
1690729933464,1012.4448
1690729933484,1012.4375
1690729933523,1012.43744
1690729933562,1012.43414
1690729933581,1012.4363
1690729933621,1012.43604
1690729933661,1012.434
1690729933682,1012.44214
1690729933722,1012.43835
1690729933761,1012.4306
1690729933783,1012.4384
1690729933824,1012.44574
1690729933862,1012.44476
1690729933882,1012.4499
1690729933922,1012.4492
1690729933962,1012.4449
1690729933982,1012.44684
1690729934024,1012.45154
1690729934063,1012.4456
1690729934081,1012.4508
1690729934122,1012.4447
1690729934160,1012.4428
1690729934180,1012.44507
1690729934224,1012.443
1690729934261,1012.44824
1690729934281,1012.44727
1690729934323,1012.44543
1690729934361,1012.4496
1690729934381,1012.4475
1690729934423,1012.4443
1690729934461,1012.4437
1690729934482,1012.44104
1690729934522,1012.445
1690729934562,1012.44696
1690729934582,1012.44415
1690729934621,1012.4361
1690729934660,1012.4336
1690729934680,1012.4335
1690729934720,1012.44977
1690729934765,1012.4551
1690729934780,1012.4451
1690729934822,1012.4468
1690729934862,1012.4523
1690729934882,1012.4559
1690729934921,1012.46027
1690729934960,1012.4606
1690729934980,1012.45435
1690729935024,1012.45215
1690729935061,1012.44714
1690729935082,1012.447
1690729935120,1012.4418
1690729935163,1012.43567
1690729935182,1012.43475
1690729935220,1012.4441
1690729935260,1012.444
1690729935281,1012.44025
1690729935321,1012.4472
1690729935361,1012.4403
1690729935383,1012.4447
1690729935420,1012.4466
1690729935464,1012.4448
1690729935482,1012.44055
1690729935520,1012.4361
1690729935561,1012.432
1690729935583,1012.4368
1690729935623,1012.43866
1690729935664,1012.4423
1690729935680,1012.4338
1690729935720,1012.43024
1690729935762,1012.43445
1690729935780,1012.43494
1690729935822,1012.43445
1690729935860,1012.4383
1690729935881,1012.436
1690729935922,1012.43854
1690729935960,1012.4459
1690729935980,1012.4447
1690729936022,1012.43994
1690729936062,1012.43494
1690729936080,1012.4292
1690729936120,1012.4283
1690729936166,1012.43445
1690729936183,1012.4344
1690729936221,1012.42664
1690729936260,1012.426
1690729936280,1012.42786
1690729936322,1012.42896
1690729936359,1012.428
1690729936380,1012.4259
1690729936422,1012.4324
1690729936459,1012.4364
1690729936480,1012.43585
1690729936520,1012.4363
1690729936560,1012.42944
1690729936581,1012.4274
1690729936622,1012.4345
1690729936661,1012.4381
1690729936679,1012.43756
1690729936719,1012.4348
1690729936760,1012.42737
1690729936780,1012.4292
1690729936821,1012.4291
1690729936860,1012.4394
1690729936881,1012.43677
1690729936921,1012.44543
1690729936959,1012.4418
1690729936980,1012.4387
1690729937021,1012.4346
1690729937060,1012.43677
1690729937083,1012.4404
1690729937119,1012.4342
1690729937162,1012.42847
1690729937182,1012.42377
1690729937220,1012.42584
1690729937275,1012.4341
1690729937280,1012.438
1690729937321,1012.42914
1690729937360,1012.4203
1690729937380,1012.4214
1690729937421,1012.41614
1690729937460,1012.4203
1690729937480,1012.4243
1690729937519,1012.4308
1690729937560,1012.4303
1690729937580,1012.42725
1690729937621,1012.42773
1690729937663,1012.427
1690729937681,1012.4311
1690729937720,1012.43225
1690729937767,1012.43695
1690729937780,1012.43176
1690729937818,1012.42896
1690729937859,1012.426
1690729937879,1012.42786
1690729937920,1012.4228
1690729937960,1012.4327
1690729937980,1012.4292
1690729938020,1012.42993
1690729938059,1012.4351
1690729938079,1012.4252
1690729938122,1012.4274
1690729938165,1012.431
1690729938179,1012.4336
1690729938218,1012.42773
1690729938260,1012.42554
1690729938280,1012.43164
1690729938318,1012.4392
1690729938361,1012.4401
1690729938379,1012.4385
1690729938420,1012.4347
1690729938461,1012.4297
1690729938479,1012.4259
1690729938519,1012.4203
1690729938560,1012.4242
1690729938579,1012.4175
1690729938619,1012.41705
1690729938658,1012.4113
1690729938678,1012.4075
1690729938718,1012.4133
1690729938760,1012.4195
1690729938788,1012.4203
1690729938818,1012.4189
1690729938859,1012.4231
1690729938880,1012.4209
1690729938919,1012.424
1690729938958,1012.41943
1690729938979,1012.4269
1690729939019,1012.42444
1690729939059,1012.41724
1690729939079,1012.4238
1690729939120,1012.4221
1690729939159,1012.41534
1690729939178,1012.4117
1690729939218,1012.4058
1690729939260,1012.4142
1690729939278,1012.41016
1690729939319,1012.4215
1690729939359,1012.41956
1690729939379,1012.4151
1690729939422,1012.4133
1690729939458,1012.4172
1690729939478,1012.41504
1690729939519,1012.4198
1690729939559,1012.42017
1690729939579,1012.42126
1690729939620,1012.42035
1690729939658,1012.41943
1690729939677,1012.41644
1690729939717,1012.4126
1690729939759,1012.4164
1690729939778,1012.4146
1690729939818,1012.41614
1690729939858,1012.4162
1690729939878,1012.416
1690729939919,1012.4248
1690729939959,1012.42737
1690729939977,1012.422
1690729940018,1012.42096
1690729940060,1012.4227
1690729940080,1012.41785
1690729940118,1012.432
1690729940157,1012.4354
1690729940179,1012.433
1690729940218,1012.43036
1690729940258,1012.4353
1690729940277,1012.4439
1690729940318,1012.44
1690729940359,1012.44135
1690729940378,1012.4363
1690729940418,1012.4325
1690729940458,1012.4411
1690729940479,1012.4445
1690729940518,1012.44806
1690729940560,1012.4484
1690729940579,1012.45123
1690729940618,1012.4487
1690729940659,1012.45593
1690729940679,1012.46796
1690729940717,1012.4642
1690729940759,1012.4684
1690729940777,1012.4663
1690729940817,1012.4644
1690729940860,1012.46234
1690729940878,1012.45654
1690729940918,1012.45715
1690729940957,1012.4613
1690729940978,1012.46313
1690729941017,1012.468
1690729941059,1012.4732
1690729941080,1012.4729
1690729941120,1012.4715
1690729941158,1012.4731
1690729941177,1012.4785
1690729941217,1012.4812
1690729941257,1012.4922
1690729941278,1012.4923
1690729941318,1012.49524
1690729941357,1012.5005
1690729941378,1012.4927
1690729941418,1012.5038
1690729941458,1012.51
1690729941478,1012.5156
1690729941518,1012.51544
1690729941557,1012.50354
1690729941578,1012.50635
1690729941624,1012.51215
1690729941660,1012.51636
1690729941681,1012.5315
1690729941718,1012.5199
1690729941757,1012.5267
1690729941778,1012.5348
1690729941816,1012.5364
1690729941860,1012.54913
1690729941879,1012.5532
1690729941917,1012.5547
1690729941957,1012.55365
1690729941978,1012.55225
1690729942019,1012.54956
1690729942058,1012.5526
1690729942079,1012.5554
1690729942119,1012.56555
1690729942158,1012.58154
1690729942178,1012.57764
1690729942216,1012.5807
1690729942257,1012.5918
1690729942278,1012.5951
1690729942317,1012.5917
1690729942358,1012.5941
1690729942377,1012.5987
1690729942418,1012.6024
1690729942456,1012.60876
1690729942478,1012.60956
1690729942518,1012.6052
1690729942556,1012.6112
1690729942577,1012.6102
1690729942617,1012.6295
1690729942658,1012.62695
1690729942685,1012.6239
1690729942716,1012.6379
1690729942755,1012.6409
1690729942817,1012.654
1690729942817,1012.661
1690729942856,1012.6609
1690729942877,1012.66376
1690729942917,1012.66736
1690729942957,1012.67334
1690729942976,1012.6752
1690729943017,1012.6731
1690729943059,1012.67676
1690729943077,1012.6775
1690729943117,1012.68066
1690729943158,1012.67346
1690729943177,1012.68445
1690729943215,1012.7049
1690729943256,1012.7065
1690729943281,1012.7041
1690729943316,1012.7124
1690729943359,1012.71246
1690729943376,1012.71533
1690729943416,1012.72406
1690729943459,1012.7301
1690729943476,1012.7306
1690729943517,1012.7344
1690729943556,1012.74115
1690729943576,1012.74316
1690729943616,1012.7499
1690729943656,1012.74817
1690729943679,1012.7489
1690729943716,1012.74695
1690729943755,1012.7484
1690729943777,1012.74945
1690729943816,1012.74866
1690729943857,1012.7498
1690729943878,1012.76526
1690729943917,1012.7712
1690729943956,1012.7648
1690729943976,1012.76416
1690729944018,1012.7604
1690729944058,1012.7607
1690729944076,1012.77026
1690729944118,1012.772
1690729944157,1012.78125
1690729944185,1012.7844
1690729944215,1012.78723
1690729944256,1012.78937
1690729944277,1012.7838
1690729944316,1012.7842
1690729944356,1012.78723
1690729944376,1012.7882
1690729944415,1012.7909
1690729944457,1012.7938
1690729944476,1012.7828
1690729944519,1012.78033
1690729944556,1012.78516
1690729944576,1012.79004
1690729944617,1012.8013
1690729944656,1012.8029
1690729944680,1012.79266
1690729944715,1012.7943
1690729944755,1012.8003
1690729944775,1012.79474
1690729944816,1012.7946
1690729944856,1012.7932
1690729944876,1012.79987
1690729944915,1012.8042
1690729944957,1012.8089
1690729944975,1012.8222
1690729945016,1012.8118
1690729945055,1012.8113
1690729945076,1012.81055
1690729945119,1012.8126
1690729945155,1012.808
1690729945175,1012.80145
1690729945214,1012.80225
1690729945255,1012.8032
1690729945277,1012.807
1690729945315,1012.8092
1690729945356,1012.8041
1690729945376,1012.8095
1690729945416,1012.8142
1690729945455,1012.8139
1690729945476,1012.816
1690729945517,1012.8106
1690729945555,1012.80774
1690729945576,1012.81525
1690729945617,1012.8085
1690729945653,1012.8158
1690729945676,1012.8119
1690729945715,1012.8235
1690729945756,1012.82764
1690729945776,1012.8258
1690729945815,1012.83813
1690729945855,1012.8401
1690729945875,1012.8452
1690729945917,1012.8444
1690729945957,1012.8519
1690729945974,1012.8531
1690729946015,1012.85376
1690729946056,1012.8537
1690729946076,1012.8529
1690729946116,1012.8493
1690729946155,1012.8517
1690729946177,1012.8453
1690729946215,1012.8448
1690729946254,1012.8453
1690729946273,1012.8473
1690729946316,1012.8513
1690729946355,1012.85187
1690729946375,1012.8533
1690729946416,1012.8556
1690729946454,1012.8629
1690729946474,1012.8592
1690729946514,1012.8572
1690729946554,1012.86163
1690729946574,1012.8466
1690729946616,1012.8515
1690729946654,1012.847
1690729946676,1012.84644
1690729946713,1012.84894
1690729946755,1012.8502
1690729946775,1012.85596
1690729946816,1012.8508
1690729946856,1012.8456
1690729946875,1012.843
1690729946914,1012.84674
1690729946955,1012.8429
1690729946976,1012.84656
1690729947015,1012.8539
1690729947056,1012.85785
1690729947075,1012.86176
1690729947116,1012.8622
1690729947154,1012.865
1690729947174,1012.8662
1690729947213,1012.864
1690729947254,1012.8574
1690729947275,1012.8571
1690729947316,1012.8623
1690729947356,1012.8657
1690729947375,1012.86884
1690729947414,1012.86127
1690729947455,1012.8592
1690729947474,1012.8611
1690729947515,1012.8651
1690729947556,1012.865
1690729947574,1012.8684
1690729947613,1012.8528
1690729947653,1012.85077
1690729947674,1012.8467
1690729947713,1012.84796
1690729947753,1012.86084
1690729947815,1012.86597
1690729947816,1012.8615
1690729947853,1012.853
1690729947874,1012.84717
1690729947914,1012.84766
1690729947954,1012.8563
1690729947974,1012.86273
1690729948016,1012.8623
1690729948054,1012.87134
1690729948095,1012.8672
1690729948115,1012.86334
1690729948156,1012.8672
1690729948174,1012.86865
1690729948213,1012.86176
1690729948253,1012.8666
1690729948295,1012.8628
1690729948314,1012.8646
1690729948355,1012.86475
1690729948394,1012.855
1690729948415,1012.8603
1690729948453,1012.85645
1690729948495,1012.8633
1690729948516,1012.8717
1690729948556,1012.8761
1690729948594,1012.87134
1690729948615,1012.8723
1690729948657,1012.8653
1690729948694,1012.86145
1690729948713,1012.8591
1690729948753,1012.86646
1690729948796,1012.8676
1690729948814,1012.86694
1690729948853,1012.86487
1690729948895,1012.849
1690729948914,1012.85474
1690729948954,1012.8627
1690729948994,1012.87085
1690729949016,1012.86615
1690729949054,1012.8668
1690729949093,1012.8677
1690729949114,1012.86676
1690729949154,1012.8607
1690729949194,1012.86145
1690729949213,1012.86237
1690729949253,1012.8605
1690729949294,1012.85986
1690729949313,1012.85864
1690729949353,1012.86285
1690729949393,1012.8603
1690729949415,1012.871
1690729949454,1012.8661
1690729949493,1012.8656
1690729949514,1012.8614
1690729949554,1012.8632
1690729949594,1012.85876
1690729949615,1012.85315
1690729949653,1012.853
1690729949694,1012.85223
1690729949714,1012.85645
1690729949753,1012.8567
1690729949793,1012.8616
1690729949813,1012.85455
1690729949855,1012.85516
1690729949893,1012.8528
1690729949915,1012.8562
1690729949953,1012.8603
1690729949994,1012.86804
1690729950013,1012.85645
1690729950054,1012.86096
1690729950092,1012.86584
1690729950115,1012.8598
1690729950158,1012.8604
1690729950195,1012.8601
1690729950217,1012.8703
1690729950252,1012.86597
1690729950294,1012.8646
1690729950315,1012.86005
1690729950358,1012.8565
1690729950392,1012.854
1690729950414,1012.85425
1690729950454,1012.85693
1690729950493,1012.8621
1690729950513,1012.85925
1690729950553,1012.8561
1690729950594,1012.8528
1690729950613,1012.84436
1690729950652,1012.8481
1690729950693,1012.84534
1690729950714,1012.8582
1690729950753,1012.8534
1690729950794,1012.85034
1690729950812,1012.86096
1690729950852,1012.86816
1690729950894,1012.8673
1690729950912,1012.87134
1690729950952,1012.8735
1690729950992,1012.8683
1690729951014,1012.86523
1690729951052,1012.8555
1690729951094,1012.84973
1690729951114,1012.8601
1690729951152,1012.86053
1690729951192,1012.8561
1690729951213,1012.8584
1690729951252,1012.8559
1690729951294,1012.8585
1690729951313,1012.8668
1690729951352,1012.8703
1690729951394,1012.86694
1690729951413,1012.8688
1690729951452,1012.8715
1690729951495,1012.88367
1690729951513,1012.88074
1690729951551,1012.8788
1690729951593,1012.8849
1690729951613,1012.8786
1690729951652,1012.8672
1690729951693,1012.87134
1690729951712,1012.8677
1690729951751,1012.8675
1690729951794,1012.8669
1690729951812,1012.8723
1690729951853,1012.87915
1690729951892,1012.8719
1690729951912,1012.86816
1690729951952,1012.86707
1690729951991,1012.8636
1690729952012,1012.8629
1690729952051,1012.8572
1690729952093,1012.8598
1690729952112,1012.8599
1690729952152,1012.8633
1690729952192,1012.86194
1690729952211,1012.8568
1690729952251,1012.86005
1690729952294,1012.86255
1690729952313,1012.8653
1690729952353,1012.86804
1690729952391,1012.86786
1690729952414,1012.8727
1690729952452,1012.8802
1690729952493,1012.87366
1690729952513,1012.8683
1690729952553,1012.8733
1690729952591,1012.8726
1690729952610,1012.87146
1690729952652,1012.8694
1690729952692,1012.8762
1690729952710,1012.8651
1690729952750,1012.86816
1690729952790,1012.87573
1690729952812,1012.875
1690729952851,1012.8708
1690729952891,1012.86505
1690729952911,1012.8695
1690729952953,1012.8685
1690729952991,1012.8717
1690729953011,1012.8732
1690729953050,1012.8677
1690729953092,1012.8684
1690729953111,1012.87286
1690729953150,1012.8698
1690729953190,1012.8752
1690729953210,1012.8723
1690729953251,1012.8755
1690729953292,1012.8735
1690729953310,1012.87415
1690729953351,1012.8755
1690729953392,1012.86536
1690729953412,1012.87274
1690729953452,1012.87463
1690729953491,1012.8739
1690729953512,1012.8777
1690729953553,1012.876
1690729953595,1012.8742
1690729953613,1012.87524
1690729953651,1012.87415
1690729953692,1012.87585
1690729953710,1012.87775
1690729953750,1012.8704
1690729953790,1012.87134
1690729953811,1012.8781
1690729953850,1012.8777
1690729953893,1012.87256
1690729953912,1012.86896
1690729953950,1012.87354
1690729953991,1012.8779
1690729954011,1012.8724
1690729954052,1012.87085
1690729954091,1012.8784
1690729954112,1012.87225
1690729954150,1012.86884
1690729954192,1012.8738
1690729954211,1012.87714
1690729954250,1012.8727
1690729954290,1012.87463
1690729954315,1012.8718
1690729954351,1012.8728
1690729954391,1012.87213
1690729954411,1012.8783
1690729954450,1012.8672
1690729954490,1012.87
1690729954512,1012.8657
1690729954552,1012.87024
1690729954594,1012.8618
1690729954612,1012.8609
1690729954650,1012.8657
1690729954691,1012.8667
1690729954713,1012.86444
1690729954749,1012.8594
1690729954789,1012.85455
1690729954810,1012.8635
1690729954851,1012.87445
1690729954890,1012.87823
1690729954909,1012.87616
1690729954950,1012.8767
1690729954991,1012.8669
1690729955011,1012.86414
1690729955051,1012.85974
1690729955090,1012.871
1690729955110,1012.8766
1690729955154,1012.8697
1690729955191,1012.86725
1690729955212,1012.86475
1690729955249,1012.86597
1690729955290,1012.8632
1690729955314,1012.863
1690729955352,1012.86487
1690729955389,1012.8641
1690729955410,1012.8675
1690729955451,1012.86096
1690729955489,1012.8644
1690729955510,1012.8704
1690729955551,1012.8657
1690729955590,1012.8648
1690729955610,1012.86896
1690729955650,1012.8661
1690729955693,1012.8593
1690729955710,1012.8597
1690729955749,1012.8663
1690729955789,1012.86316
1690729955812,1012.87335
1690729955849,1012.8643
1690729955890,1012.8671
1690729955910,1012.86414
1690729955950,1012.85944
1690729955993,1012.86017
1690729956011,1012.8595
1690729956049,1012.86285
1690729956090,1012.8646
1690729956109,1012.8555
1690729956151,1012.85425
1690729956189,1012.85767
1690729956214,1012.86035
1690729956248,1012.85864
1690729956289,1012.8535
1690729956312,1012.8545
1690729956349,1012.85077
1690729956392,1012.8548
1690729956411,1012.8522
1690729956449,1012.85
1690729956489,1012.8474
1690729956508,1012.84235
1690729956550,1012.84094
1690729956592,1012.84143
1690729956610,1012.8385
1690729956650,1012.8407
1690729956689,1012.8455
1690729956716,1012.85095
1690729956748,1012.8463
1690729956788,1012.83997
1690729956809,1012.8352
1690729956849,1012.8362
1690729956890,1012.8463
1690729956908,1012.8466
1690729956949,1012.8468
1690729956989,1012.8549
1690729957010,1012.8506
1690729957049,1012.85297
1690729957089,1012.8511
1690729957109,1012.8534
1690729957149,1012.8499
1690729957190,1012.8429
1690729957212,1012.84143
1690729957248,1012.8437
1690729957289,1012.83905
1690729957312,1012.8394
1690729957348,1012.84344
1690729957389,1012.83704
1690729957408,1012.83545
1690729957448,1012.83954
1690729957488,1012.84467
1690729957508,1012.84656
1690729957549,1012.8435
1690729957588,1012.83746
1690729957609,1012.83905
1690729957648,1012.8308
1690729957688,1012.83466
1690729957712,1012.83466
1690729957751,1012.82776
1690729957787,1012.8297
1690729957811,1012.8362
1690729957848,1012.8343
1690729957888,1012.8402
1690729957908,1012.84106
1690729957948,1012.8386
1690729957990,1012.836
1690729958009,1012.8322
1690729958047,1012.82935
1690729958087,1012.82117
1690729958107,1012.8183
1690729958148,1012.8184
1690729958189,1012.818
1690729958208,1012.82007
1690729958247,1012.8244
1690729958288,1012.82336
1690729958313,1012.8223
1690729958348,1012.8218
1690729958388,1012.82336
1690729958407,1012.8187
1690729958449,1012.8237
1690729958490,1012.8249
1690729958508,1012.81616
1690729958548,1012.8211
1690729958589,1012.83453
1690729958609,1012.83624
1690729958649,1012.83435
1690729958688,1012.8286
1690729958707,1012.8294
1690729958747,1012.8281
1690729958788,1012.82855
1690729958809,1012.82
1690729958847,1012.8098
1690729958887,1012.8116
1690729958910,1012.82404
1690729958948,1012.83105
1690729958988,1012.83325
1690729959007,1012.833
1690729959050,1012.8324
1690729959088,1012.8316
1690729959107,1012.8286
1690729959147,1012.8302
1690729959188,1012.82806
1690729959207,1012.8264
1690729959247,1012.8293
1690729959287,1012.8249
1690729959309,1012.833
1690729959348,1012.8363
1690729959388,1012.8379
1690729959408,1012.845
1690729959450,1012.8379
1690729959488,1012.8325
1690729959507,1012.8351
1690729959549,1012.8385
1690729959587,1012.83905
1690729959607,1012.83484
1690729959648,1012.84174
1690729959689,1012.8471
1690729959708,1012.84827
1690729959759,1012.85126
1690729959786,1012.853
1690729959807,1012.8603
1690729959847,1012.8611
1690729959887,1012.85345
1690729959908,1012.85925
1690729959948,1012.85895
1690729959988,1012.864
1690729960008,1012.8622
1690729960048,1012.85846
1690729960087,1012.86096
1690729960109,1012.8683
1690729960147,1012.86237
1690729960190,1012.8759
1690729960206,1012.8887
1690729960250,1012.8838
1690729960286,1012.87756
1690729960307,1012.8736
1690729960347,1012.8839
1690729960386,1012.88086
1690729960406,1012.8802
1690729960446,1012.8864
1690729960488,1012.8889
1690729960509,1012.8798
1690729960547,1012.88745
1690729960587,1012.90155
1690729960607,1012.90015
1690729960647,1012.9009
1690729960688,1012.91095
1690729960707,1012.91486
1690729960749,1012.9219
1690729960787,1012.923
1690729960806,1012.9293
1690729960847,1012.938
1690729960887,1012.9461
1690729960907,1012.93414
1690729960949,1012.9327
1690729960987,1012.9381
1690729961006,1012.9411
1690729961048,1012.9512
1690729961086,1012.95654
1690729961107,1012.9643
1690729961148,1012.9688
1690729961188,1012.9863
1690729961209,1012.9854
1690729961245,1012.9858
1690729961287,1012.9948
1690729961307,1012.9984
1690729961347,1013.0088
1690729961387,1013.01306
1690729961406,1013.01306
1690729961446,1013.0126
1690729961486,1013.0184
1690729961506,1013.0214
1690729961546,1013.0228
1690729961587,1013.03235
1690729961606,1013.0354
1690729961647,1013.0404
1690729961686,1013.046
1690729961707,1013.0509
1690729961746,1013.05237
1690729961786,1013.0589
1690729961807,1013.0647
1690729961846,1013.06335
1690729961886,1013.062
1690729961906,1013.0809
1690729961946,1013.08435
1690729961987,1013.0905
1690729962007,1013.0967
1690729962048,1013.08716
1690729962087,1013.08655
1690729962107,1013.0978
1690729962146,1013.09576
1690729962186,1013.0998
1690729962207,1013.10645
1690729962247,1013.1053
1690729962286,1013.115
1690729962308,1013.1116
1690729962346,1013.1192
1690729962386,1013.1216
1690729962409,1013.1216
1690729962446,1013.1236
1690729962487,1013.11414
1690729962506,1013.11975
1690729962545,1013.13727
1690729962585,1013.1252
1690729962607,1013.1079
1690729962649,1013.10876
1690729962685,1013.11615
1690729962707,1013.13
1690729962747,1013.136
1690729962785,1013.1416
1690729962805,1013.147
1690729962845,1013.14624
1690729962887,1013.1447
1690729962906,1013.14014
1690729962945,1013.15466
1690729962987,1013.16736
1690729963006,1013.1746
1690729963045,1013.17285
1690729963086,1013.1738
1690729963106,1013.17505
1690729963146,1013.18884
1690729963187,1013.18567
1690729963211,1013.1845
1690729963247,1013.1765
1690729963286,1013.17883
1690729963305,1013.18005
1690729963350,1013.18396
1690729963385,1013.18646
1690729963407,1013.18933
1690729963446,1013.1881
1690729963486,1013.19727
1690729963505,1013.19385
1690729963546,1013.1941
1690729963586,1013.20044
1690729963607,1013.2022
1690729963646,1013.2095
1690729963686,1013.2157
1690729963706,1013.22644
1690729963745,1013.21796
1690729963784,1013.21826
1690729963810,1013.2207
1690729963851,1013.2167
1690729963885,1013.21313
1690729963905,1013.2131
1690729963946,1013.20483
1690729963986,1013.2077
1690729964006,1013.22
1690729964047,1013.22406
1690729964086,1013.22595
1690729964106,1013.2158
1690729964147,1013.2147
1690729964185,1013.22205
1690729964205,1013.2234
1690729964248,1013.2211
1690729964285,1013.21466
1690729964305,1013.22595
1690729964344,1013.2319
1690729964387,1013.2333
1690729964409,1013.2296
1690729964445,1013.2282
1690729964486,1013.22955
1690729964506,1013.2308
1690729964545,1013.2318
1690729964584,1013.23486
1690729964606,1013.2357
1690729964645,1013.2412
1690729964685,1013.2492
1690729964705,1013.24695
1690729964744,1013.2572
1690729964783,1013.26306
1690729964804,1013.26526
1690729964844,1013.26556
1690729964885,1013.26666
1690729964906,1013.2661
1690729964945,1013.2554
1690729964985,1013.26135
1690729965005,1013.26953
1690729965045,1013.26855
1690729965085,1013.272
1690729965105,1013.26373
1690729965143,1013.2623
1690729965186,1013.2638
1690729965207,1013.2668
1690729965246,1013.2712
1690729965285,1013.26654
1690729965304,1013.27
1690729965345,1013.27625
1690729965384,1013.27246
1690729965404,1013.26605
1690729965444,1013.27484
1690729965485,1013.27185
1690729965505,1013.26843
1690729965546,1013.26764
1690729965586,1013.2693
1690729965604,1013.26666
1690729965645,1013.26385
1690729965685,1013.2622
1690729965703,1013.26636
1690729965743,1013.26965
1690729965784,1013.2652
1690729965803,1013.2653
1690729965845,1013.26697
1690729965884,1013.27966
1690729965904,1013.28595
1690729965944,1013.2864
1690729965983,1013.2927
1690729966002,1013.30255
